V_S,Z,D,AEdAO,PdD,P_B,Strength,Strength_Min,Cavitation,Cavitation_Max,Tip_Velocity,Tip_Velocity_Max,Generation,Run,Valid
8.5,2,0.8,1.05,0.7616584391309187,192.65762922577449,0.016,0.013902677055105716,0.12450663034081241,0.14177679984458214,36.952907104542426,39,1,0,True
8.5,2,0.7198287845738189,0.8555533708068948,0.8786312477294781,294.87114006699346,0.016,0.01479825124397342,0.20250043708420978,0.14541707310580868,36.32971897439281,39,1,0,False
8.5,2,0.7969326894915127,1.05,1.0647714069105285,215.9963191267123,0.016,0.013913715607277654,0.22927977560147747,0.1994311165655553,28.318556651947567,39,1,0,False
8.5,2,0.6958434587968266,0.8013450139839,0.6607436236673492,343.0535460596707,0.016,0.01472581335105464,0.13474198524219302,0.09544011836174039,46.473341962343156,39,1,0,False
8.5,2,0.6877277425965658,1.015527125397954,0.8577040002819902,269.75128729027665,0.016,0.015118491231168636,0.17155573212921257,0.1366615890186399,37.8872104253284,39,1,0,False
8.5,2,0.7808835085922119,1.05,0.8872420059769556,195.01345219642693,0.016,0.014129597965561036,0.16681284631144466,0.1646734086687937,33.21243569768267,39,1,0,False
8.5,2,0.8,0.8211703925784434,0.5,288.1437606509792,0.016,0.013552904400159911,0.07583128033010113,0.07334328022134012,52.02611936623587,39,1,0,False
8.5,2,0.7972953399755904,1.05,0.9497341753518771,195.7800089648764,0.016,0.013974741557346685,0.1866179483459322,0.17984502520139242,30.948072438940695,39,1,0,False
8.5,2,0.7890988281503089,0.9157449223859513,0.8814695437023616,220.57006764533588,0.016,0.014092824679936814,0.1843064914395672,0.16310127169670088,33.44942156307548,39,1,0,False
8.5,2,0.6709212765994204,1.05,0.7306017707662683,292.8223720505936,0.016,0.01520349815004852,0.12556988096046734,0.10548053180552959,44.024281756867076,39,1,0,False
8.5,2,0.7847803193311068,0.9134314210231006,1.142031616437854,283.97304214981045,0.016,0.014060333910853285,0.2892879926423531,0.20412978833920284,27.7475160197598,39,1,0,False
8.5,2,0.7779401080583058,1.05,0.8981427090909042,198.356862914641,0.016,0.01415912541435935,0.17087490223534232,0.16619821724963607,32.986867744851544,39,1,0,False
8.5,2,0.8,0.820402831876937,0.7472541419687424,212.2715487541925,0.016,0.013837889416413273,0.15213816639302868,0.13730788746966197,37.76111433355152,39,1,0,False
8.5,2,0.7813199657562561,0.9838694285622169,0.8570125746835598,204.844827296539,0.016,0.01414173007539662,0.16577110830362657,0.15778244539122957,34.280800408982444,39,1,0,False
8.5,2,0.5548983707931427,0.9334949225252729,0.9658067317848243,595.585988771626,0.016,0.017067552774228254,0.2449714740088023,0.11557330935242101,41.85632392930261,39,1,0,False
8.5,2,0.8,0.7644322179546349,0.8774100369174999,254.68809412046457,0.016,0.013963874294218862,0.2115235162726527,0.16159226997648107,33.67979631430638,39,1,0,False
8.5,2,0.707227961371027,0.8981779787470896,0.6304025512181864,311.5201656993924,0.016,0.014624452486787011,0.10985155656450722,0.09033023412719526,47.642522610552895,39,1,0,False
8.5,2,0.7643499839698745,0.7999511336122813,0.9785026694111483,298.8709561221859,0.016,0.014375545417851316,0.24905501051065712,0.171615149786627,32.20907697831108,39,1,0,False
8.5,2,0.7445345262031955,1.05,0.7842948908314464,204.03148345053177,0.016,0.014443066744266365,0.13640097402273713,0.13526382020149433,38.147805286245465,39,1,0,False
8.5,2,0.7865231963939849,0.7335737552847326,0.9618151793177738,299.63209528616886,0.016,0.014136151853084927,0.2559064932072038,0.1720187860239563,32.143014378687134,39,1,0,False
8.5,2,0.7880716963864405,0.5481440975848925,1.0126658782070863,410.0658818406513,0.016,0.014001518958010953,0.3479883742860859,0.1726542743468417,32.04186982037076,39,1,0,False
8.5,2,0.7820707866848496,0.4607549007233907,0.9838738573834026,468.5605334295373,0.016,0.013913074877724408,0.3840094502405292,0.1632448289136611,33.428018943370596,39,1,0,False
8.5,2,0.7050818126927734,0.7295239572390269,1.0330493208171692,419.0631796585128,0.016,0.015008274495641566,0.30178234993575404,0.16233603694649962,33.57106337492083,39,1,0,False
8.5,2,0.7354812948697285,0.681153678914812,0.8798565420306507,349.05886434449445,0.016,0.014559832507108057,0.24266411684786676,0.145077154512931,36.386358099290234,39,1,0,False
8.5,2,0.8,1.05,0.958850392382867,195.83477283731392,0.016,0.013947751232100366,0.18952085251711326,0.18202548739616436,30.633874695143486,39,1,0,False
8.5,2,0.7236293959748662,0.9424956451088713,0.8804872065591726,262.9209203001837,0.016,0.01475112448047589,0.18708233427243004,0.14849816640567817,35.81785789694152,39,1,0,False
8.5,2,0.8,0.7498703704762202,0.8753466444721482,258.8313847295902,0.016,0.013955542858135807,0.21413924771631387,0.16088510401348083,33.789687147942495,39,1,0,False
8.5,2,0.7866873526608431,0.700241750139593,0.7445557124423415,253.69938326704084,0.016,0.013871461531296638,0.17638848047053995,0.1328130454162153,38.62113997524828,39,1,0,False
8.5,2,0.7217830573094551,0.9898205507040959,0.8695576474709901,248.5453594555848,0.016,0.014751325284327668,0.17582586337662118,0.1467889446202303,36.09974688710966,39,1,0,False
8.5,2,0.7640937035696082,0.9753863023684473,0.9888084318651433,243.5624899777079,0.016,0.014333282896530648,0.21726796681177935,0.1777179612419849,31.26577286669068,39,1,0,False
8.5,2,0.8,0.8844488532101717,0.8002330527948162,206.23132596443094,0.016,0.013925751712092475,0.15965485088740317,0.1491092505718822,35.714159109409486,39,1,0,False
8.5,2,0.8,0.8467071557596719,1.2864898677136778,335.77866470568347,0.016,0.013711592461718637,0.37089027254027945,0.22486232401906642,25.41741791568976,39,1,0,False
8.5,2,0.7076817536742951,0.8015836029025283,0.7168380604645118,316.7083519222431,0.016,0.014699843658255022,0.15338797954718134,0.10981925356859408,43.07213653606255,39,1,0,False
8.5,2,0.8,1.0237839387634748,0.5,336.25199566996287,0.016,0.013939405234399216,0.05670756407666455,0.06731116732516065,53.89535105330241,39,1,0,False
8.5,2,0.673761737728971,1.05,0.7577000485857469,282.6155801351286,0.016,0.015195555111281437,0.1340893323075258,0.11224251040079797,42.549769279717104,39,1,0,False
8.5,2,0.7072784992950306,0.9865440487731265,1.09465011735908,313.48170411295195,0.016,0.014862372762025292,0.2668937205805579,0.1808288392283345,30.81114740644098,39,1,0,False
8.5,2,0.8,0.5635868043960646,0.9900070558138648,377.0823377371095,0.016,0.013897040531608949,0.3271638279277953,0.17298864639953881,31.98831573048621,39,1,0,False
8.5,2,0.8,0.6980346627007545,0.9232031542044651,290.1976185529848,0.016,0.013968269482658745,0.24750069704009386,0.16769906067068435,32.765301510306784,39,1,0,False
8.5,2,0.7875968172301241,1.0032488384308964,0.7398689055186831,196.06487652059516,0.016,0.01399990643290411,0.12441069522883864,0.13421494199691142,38.34693253261025,39,1,0,True
8.5,2,0.7336073899916754,0.8548275334739291,1.03075316821375,322.2871181807058,0.016,0.01469046821729482,0.2629177421781586,0.1738625481263661,31.855742177850495,39,1,0,False
8.5,2,0.8,0.9188710920234207,0.8798202564207444,212.43399917567126,0.016,0.013989884723767007,0.18191859518542097,0.1652514137637435,33.125158310799655,39,1,0,False
8.5,2,0.8,1.05,0.7854445780381116,191.5930658340319,0.016,0.013915765501857708,0.1318001186798243,0.14729411422707195,36.01160638788495,39,1,0,True
8.5,2,0.8,0.9696004478736344,0.887458622099471,201.74415639460136,0.016,0.01398373590084162,0.17643383912205476,0.1676610975400898,32.770821754047,39,1,0,False
8.5,2,0.8,1.05,0.8507106512662034,189.6148499270399,0.016,0.013943412076681656,0.15258866501937488,0.16135482691898612,33.71657727227585,39,1,0,True
8.5,2,0.7126545887478056,0.8890777604784035,1.0526614561022487,336.28386929009275,0.016,0.014901064233069333,0.26797241595778726,0.17310224398439641,31.97596851858024,39,1,0,False
8.5,2,0.7745917005372597,0.9938352516501247,0.8759057234143127,209.90542168174855,0.016,0.01421174796926473,0.17157761702087418,0.16015678141706566,33.90450094105442,39,1,0,False
8.5,2,0.7361318070090103,1.05,0.6303756117829993,258.62745300214533,0.016,0.01442274565442015,0.09092798721361649,0.09545905391248134,46.46660557655472,39,1,0,False
8.5,2,0.8,0.8330480130341213,0.8080034867126199,219.83503541922914,0.016,0.013919627177197932,0.17124868682685723,0.15003348182254833,35.565380986544056,39,1,0,False
8.5,2,0.8,0.8837146400088216,0.8297558346536299,211.6397037361323,0.016,0.013953594810867944,0.17006487708193258,0.15499365022609593,34.73534953053187,39,1,0,False
8.5,2,0.7069004023193997,0.899120600495518,0.9578879509620026,312.32511153687597,0.016,0.014977606362924906,0.22705520614723426,0.15688657393594288,34.43052709182364,39,1,0,False
8.5,2,0.7297043811186782,0.9210062907701833,0.7407998510625751,250.52447482050943,0.016,0.014553639218163595,0.1405576029570433,0.12101477751180802,40.772310545012736,39,1,0,False
8.5,2,0.7491001445295804,0.9108099221792026,0.9102826014245704,257.4015111795106,0.016,0.01450259374880523,0.20066323879457376,0.15920291057261765,34.0558902836332,39,1,0,False
8.5,2,0.7915673541057243,1.05,0.6818161095686164,210.08473909737398,0.016,0.013931707317949595,0.10171911348403068,0.11995365041308398,40.973285473698326,39,1,0,False
8.5,2,0.5557849030191895,0.9251368488202693,0.8570147611277273,594.228500978457,0.016,0.01698835714012732,0.2007412042458128,0.09829237521850964,45.744598820516465,39,1,0,False
8.5,2,0.6100460264844831,0.8881264997176731,0.8394700509547252,453.9183453515196,0.016,0.01613764973021902,0.1940303028111302,0.10996893914211432,43.04489815750329,39,1,0,False
8.5,2,0.8,1.011857626425968,1.0214984493421468,216.34979863963446,0.016,0.01395085423473974,0.21854794160725743,0.1919551376083174,29.278653283205525,39,1,0,False
8.5,2,0.7341164735371327,0.9140363519004302,0.9524856311027781,278.9299138177344,0.016,0.014671935907710328,0.21831626044055288,0.16308023139294203,33.45594100027992,39,1,0,False
8.5,2,0.8,0.943556103476856,0.7229272400245531,193.9383323484062,0.016,0.01385996925426919,0.12566067204027295,0.13273597526610267,38.63567961813649,39,1,0,True
8.5,2,0.8,1.05,0.5882759942675351,254.23266370366542,0.016,0.0138458853262752,0.07601287212530144,0.09568713651223787,46.403861697174875,39,2,0,False
8.5,2,0.8,1.05,0.7939290974499588,191.26152332361357,0.016,0.013920081208543465,0.13443986965949983,0.14925678518680172,35.69028716979118,39,2,0,True
8.5,2,0.8,1.05,0.8555916163503109,189.5121089446963,0.016,0.013944880696904825,0.1541874126345467,0.16237095301173135,33.559994132988166,39,2,0,True
8.5,2,0.7328669480602507,1.05,0.5,390.1277270370959,0.016,0.014560422023436102,0.05742024765279782,0.05651738157954634,57.91127669376806,39,2,0,False
8.5,2,0.7327746070706348,1.05,0.7079240473728128,225.77500513888307,0.016,0.014506186856579091,0.11363183292101138,0.11422763953206916,42.126672459979055,39,2,0,False
8.5,2,0.8,1.05,0.821920517648854,190.34228610065293,0.016,0.013932994823135446,0.14328015488203902,0.15532301902257012,34.681023189051885,39,2,0,True
8.5,2,0.8,1.05,0.5,345.0142423742049,0.016,0.013991811800725049,0.054682698956768146,0.06640214606042044,54.19679228671491,39,2,0,False
8.5,2,0.8,1.05,0.7300359453418794,194.4921070012897,0.016,0.013884377386177071,0.11504055719055772,0.13441144851640946,38.30830112060828,39,2,0,True
8.5,2,0.8,1.05,0.8796884470198159,189.05275183027132,0.016,0.01395034853045417,0.1621802274203745,0.1673722062299541,32.81291889145461,39,2,0,True
8.5,2,0.8,1.05,0.7840263839558874,191.64967515165486,0.016,0.013915009030375375,0.1313612720731225,0.14696579794432305,36.06597194906211,39,2,0,True
8.5,2,0.8,1.05,1.012020692073587,204.90935317069648,0.016,0.013925604391209274,0.20884450845519215,0.19128591674356724,29.365927867476834,39,2,0,False
8.5,2,0.8,1.05,0.9257995717852716,190.257450245144,0.016,0.013952989871928884,0.1779008428982537,0.17618010730075165,31.496841010382127,39,2,0,False
8.5,2,0.8,0.8342378168522957,0.6764258320305451,209.5721320778088,0.016,0.01374411317740546,0.1263023632359723,0.12099006072699933,40.77353496170677,39,2,0,False
8.5,2,0.8,1.05,0.898374735958607,188.76384857800588,0.016,0.013952744005891053,0.16848242324195156,0.17123568558410773,32.26266353097573,39,2,0,True
8.5,2,0.6292323501359985,0.921202550774368,0.9098286986862834,393.2417644872834,0.016,0.015924200739263837,0.2137420919562344,0.12896324960503813,39.33348612890292,39,2,0,False
8.5,2,0.8,0.7720360410649616,0.86363318907712,248.96545017375493,0.016,0.013954335803343718,0.20439115514676556,0.15929830159502253,34.037782163282735,39,2,0,False
8.5,2,0.8,0.9447505197791658,1.0232183839996836,235.23233067723794,0.016,0.013993048507769406,0.23109362698159705,0.19043177267954975,29.47842434984373,39,2,0,False
8.5,2,0.8,1.05,0.9537834153084869,194.98294035441876,0.016,0.013948952537885037,0.18772057376207166,0.18112687275350584,30.762160359099312,39,2,0,False
8.5,2,0.7834023418956969,1.05,0.7936001923041003,194.30784966657757,0.016,0.01407174209249061,0.13583807567793282,0.14562846124760032,36.29054479356088,39,2,0,True
8.5,2,0.8,1.05,0.7318640696465629,194.36400319424908,0.016,0.01388534746695623,0.11558292604297629,0.1348390494967105,38.22605019396924,39,2,0,True
8.5,2,0.7941875127484096,0.5625520570307416,0.9303246872731176,360.5654764269402,0.016,0.013908632376494826,0.2994218772801624,0.16290257269113512,33.4792691006922,39,2,0,False
8.5,2,0.8,1.05,0.8097589136564786,190.7143280846361,0.016,0.013927705196975306,0.13941314559584206,0.15276015195151596,35.11044637521944,39,2,0,True
8.5,2,0.8,1.04046769218346,0.6849641552069012,205.4305980785605,0.016,0.013856766354686719,0.10301332208829982,0.12261609529091932,40.466240512918695,39,2,0,False
8.5,2,0.8,1.05,0.8536855974740789,189.55383057015106,0.016,0.0139443492588318,0.1535613709437251,0.1619732553056055,33.621024698522305,39,2,0,True
8.5,2,0.8,1.05,0.638691921438142,225.13698909965134,0.016,0.013841754341347417,0.08924139024472819,0.10985161172772115,43.06091857773108,39,2,0,False
8.5,2,0.7768606556885979,1.05,0.8954393038609372,198.61235578013037,0.016,0.01416919274767287,0.17006472416546417,0.1654103092541843,33.10302119081326,39,2,0,False
8.5,2,0.8,0.9388522498521632,0.8445558968336278,201.570437104404,0.016,0.013967023714228286,0.16628044319964397,0.15867264190763608,34.13702173677443,39,2,0,False
8.5,2,0.8,1.05,0.6447074802997131,222.28089902776054,0.016,0.013843162480133371,0.09086967096122538,0.11151209146845353,42.70129845984948,39,2,0,False
8.5,2,0.7761530206927926,1.05,0.659778610391305,225.30625661354046,0.016,0.01405897620973342,0.09656006271593441,0.11097758993854266,42.81880149611957,39,2,0,False
8.5,2,0.8,1.05,0.8732703984019593,189.16899079379172,0.016,0.01394920332848134,0.16003462391356718,0.1660459630998538,33.007849775776904,39,2,0,True
8.5,2,0.8,0.9856449045972121,0.9481194169877708,209.1240422803281,0.016,0.013988110772735509,0.19556628109773544,0.17887611954835067,31.090473991282987,39,2,0,False
8.5,2,0.8,1.0026038010775034,1.0510788453042281,224.5010761834621,0.016,0.013939021509200586,0.23151312006015126,0.19657960249477407,28.680477969900373,39,2,0,False
8.5,2,0.8,0.9913026407379175,0.7651367094731999,192.83103900842488,0.016,0.013906845700329708,0.1326991845449496,0.14234517394720678,36.85346951001712,39,2,0,True
8.5,2,0.8,1.05,0.5,345.0142423742049,0.016,0.013991811800725049,0.054682698956768146,0.06640214606042044,54.19679228671491,39,2,0,False
8.5,2,0.8,1.05,0.8267378449978549,190.2092342144194,0.016,0.013934992975275761,0.14482136112755348,0.15633889400960105,34.514810592167514,39,2,0,True
8.5,2,0.8,1.05,0.8171897345883723,190.4839688640097,0.016,0.013931021779158139,0.14177046824462772,0.15432418049231392,34.846545698805464,39,2,0,True
8.5,2,0.8,1.05,0.8960182246715211,188.79796318226283,0.016,0.013952542507759621,0.16768238229195107,0.17074717988222188,32.330752379713964,39,2,0,True
8.5,2,0.8,1.05,0.7461692303557685,193.49118486974604,0.016,0.013893784952398769,0.11983636612090572,0.13817797095144174,37.6011816358514,39,2,0,True
8.5,2,0.7986994206283694,1.05,0.8680555617485799,189.49836692701248,0.016,0.013959897599326618,0.15843946233112757,0.16468040571855252,33.21029954574889,39,2,0,True
8.5,2,0.8,1.05,0.8380316149385723,189.91170910882443,0.016,0.013939226952992524,0.14846220708745897,0.15869999672150187,34.13266509815337,39,2,0,True
8.5,2,0.8,1.023150846241501,0.6630499787754915,213.10308361710022,0.016,0.013838583417137692,0.09863213711366743,0.11675852988208116,41.60338847087783,39,2,0,False
8.5,2,0.8,1.05,0.6721428006504951,210.546792986662,0.016,0.013853138408312076,0.09842155387796965,0.11902515480955365,41.153383949601896,39,2,0,False
8.5,2,0.8,1.05,0.8826496805277199,189.00631952898289,0.016,0.01395088002139461,0.16317144497170313,0.16798209859238203,32.724230289231684,39,2,0,True
8.5,2,0.8,1.05,0.994940828944493,201.97455183684482,0.016,0.013934647387530403,0.20255092232053964,0.1883396437179831,29.75833365774279,39,2,0,False
8.5,2,0.8,0.9591392201419928,0.7705012016992212,192.7562924577553,0.016,0.013909099205680257,0.13864022380865715,0.14335816352514869,36.67733521361001,39,2,0,True
8.5,2,0.8,1.05,0.8276425617761565,190.1856534479742,0.016,0.013935369036162206,0.14511116877871344,0.1565272544356312,34.483863252503404,39,2,0,True
8.5,2,0.8,1.05,0.7737911870718313,192.0850975556148,0.016,0.013909475726914283,0.1282083201676499,0.14459428247585393,36.46492789971003,39,2,0,True
8.5,2,0.8,1.0105985314288848,0.633208921289871,225.19980803085085,0.016,0.013816969000983637,0.09164339624634163,0.10879869261614392,43.2862992142854,39,2,0,False
8.5,2,0.8,1.0110747921981749,0.5601422377478511,269.53812691796355,0.016,0.013819699348473682,0.07234282048635614,0.08742303398209936,48.324859471088104,39,2,0,False
8.5,2,0.8,1.05,0.6125988593223602,238.90091932651188,0.016,0.013839632810064192,0.08230345465645175,0.10248004255117173,44.71247419486983,39,2,0,False
8.5,2,0.8,1.05,0.9380342276120515,192.3294555081164,0.016,0.0139518205242534,0.18216609721521604,0.1783395665847823,31.170258770215796,39,2,0,False
8.5,2,0.8,1.05,0.8655915275144638,189.30912907316434,0.016,0.013947471286147674,0.15748564930933628,0.16445042318341901,33.24466076761973,39,2,0,True
8.5,2,0.7891818616956756,1.05,0.7548279754158889,194.95616163352304,0.016,0.013996288589975196,0.12333351272576712,0.13802014965482534,37.63062766592186,39,2,0,True
8.5,2,0.8,0.9645050203808283,0.9521924841332606,215.1817736000099,0.016,0.013997682442407462,0.20054625406297788,0.17913010917278796,31.052913090035695,39,2,0,False
8.5,2,0.6870446966173556,1.0361086659117744,0.7958061198672859,262.8203035780333,0.016,0.01507671221410814,0.1472715290668501,0.12391173208830876,40.23104743613718,39,2,0,False
8.5,2,0.8,1.05,1.1417859028777988,227.67332500228952,0.016,0.013791452335780148,0.2595257764727095,0.21266778445578138,26.75975442396614,39,2,0,False
8.5,2,0.8,1.05,1.0586450548621391,213.0758710996493,0.016,0.013891026934837946,0.22645967083446847,0.19911060177507597,28.3583814209278,39,2,0,False
8.5,2,0.8,1.05,0.9517673871914745,194.64591887671534,0.016,0.013949429881356083,0.18700456862865053,0.18076870207205734,30.813730534522563,39,2,0,False
8.5,2,0.8,1.05,0.9983861864062477,202.56110854862712,0.016,0.013932953971694239,0.20381469531652327,0.18893934994642184,29.678028449365694,39,3,0,False
8.5,2,0.8,1.05,0.9540366745459683,195.0251657880503,0.016,0.013948889306572843,0.18781066548827258,0.18117191966840465,30.755692195042926,39,3,0,False
8.5,2,0.8,1.05,0.7923946344129826,191.32080401783793,0.016,0.013919330338994458,0.13396056597840472,0.1489011167869205,35.747916178739935,39,3,0,True
8.5,2,0.7586743711061454,1.0396361700626024,0.628995756919333,247.46828963928388,0.016,0.014201824583464905,0.09016162046071705,0.09945964957050024,45.44409950959652,39,3,0,False
8.5,2,0.7970623818176186,1.05,0.905433120489652,189.2063955261211,0.016,0.013980138956123503,0.1712199817142199,0.1719490079318736,32.15350023876902,39,3,0,True
8.5,2,0.8,1.05,0.8532728818045894,189.56018679741865,0.016,0.013944193833588853,0.15342719648463243,0.16188808394574164,33.6341373574487,39,3,0,True
8.5,2,0.8,0.9909529505532609,0.8426466411759114,191.337756692525,0.016,0.01395860880879854,0.1579072970973901,0.15898304136378671,34.087681666086716,39,3,0,True
8.5,2,0.8,1.05,0.9452546370423398,193.5470101471525,0.016,0.013950666424977033,0.1847049047577071,0.17961635258766692,30.981373159422052,39,3,0,False
8.5,2,0.8,1.05,0.8788227222395332,189.0692178601064,0.016,0.013950221598188805,0.16188960256150603,0.16719310196915133,32.83909742810595,39,3,0,True
8.5,2,0.8,1.05,0.8532528596062614,189.56110396198144,0.016,0.013944194647213857,0.15342041082455643,0.16188375114149775,33.634804819742,39,3,0,True
8.5,2,0.8,1.05,0.8868625166905069,188.9353313802802,0.016,0.013951463384296996,0.1645891267936338,0.16885317651188755,32.59876750516831,39,3,0,True
8.5,2,0.8,1.05,0.9110689972324566,188.59352087152953,0.016,0.013953359954405914,0.17281675280471587,0.17353711273040068,31.90226014090255,39,3,0,True
8.5,2,0.8,1.05,0.703582391891245,199.2090387434126,0.016,0.013869090362655635,0.10733391368776565,0.1277033971466916,39.54403423479387,39,3,0,False
8.5,2,0.8,1.05,0.9190558165961304,189.1386826051442,0.016,0.013953304923060105,0.17556609195965292,0.1749687731433529,31.680775580806166,39,3,0,False
8.5,2,0.6810533184067509,1.05,0.8609182325364673,266.30577633970074,0.016,0.01518097254700736,0.16857911110170515,0.13614933217191807,37.98354415978234,39,3,0,False
8.5,2,0.8,0.9727614202764541,0.8651020071957001,197.41012768780553,0.016,0.013973695217664681,0.16818317011571066,0.16326435939335754,33.423953036241855,39,3,0,False
8.5,2,0.8,1.05,1.1945947134846135,236.79429484958615,0.016,0.013700955432705483,0.28173858098482885,0.22108294712897522,25.85195173574014,39,3,0,False
8.5,2,0.8,1.05,0.8342573165182261,190.0113117432507,0.016,0.013937915181071812,0.14724013358978658,0.15790877264511835,34.25934039000446,39,3,0,True
8.5,2,0.8,1.05,0.8602688605582414,189.41212822518474,0.016,0.013946110092557227,0.15572805862914432,0.16334676319011046,33.4114048453771,39,3,0,True
8.5,2,0.8,1.05,0.8926790035525064,188.85223341872702,0.016,0.01395227360656951,0.16654891452425885,0.17005389586482375,32.428108259234904,39,3,0,True
8.5,2,0.8,1.05,0.8559906864279967,189.50462170442026,0.016,0.013945006116502599,0.15431809427194326,0.16245387684501653,33.54730947584319,39,3,0,True
8.5,2,0.8,1.05,0.8003742640324075,191.0291601569517,0.016,0.013923274021397598,0.13645671295974865,0.1507476389573364,35.45124323765512,39,3,0,True
8.5,2,0.8,1.05,0.6636202080219403,213.98985689236676,0.016,0.013849569588775647,0.09605213547468824,0.11668076456255694,41.619086386483424,39,3,0,False
8.5,2,0.8,1.05,0.864088732479619,189.33516270987724,0.016,0.013947065003177612,0.1569898370026242,0.16413947939354787,33.291392498024926,39,3,0,True
8.5,2,0.8,1.05,1.075815408277375,216.09623805863296,0.016,0.013874625640455407,0.23310620238333982,0.20195081616569002,28.009131357448315,39,3,0,False
8.5,2,0.8,1.05,0.9079162050216119,188.63264275293528,0.016,0.013953265935818363,0.17173697452051973,0.17297335251797732,31.99072509663566,39,3,0,True
8.5,2,0.8,1.05,0.8970617942378214,188.78131474147216,0.016,0.013952614945347185,0.16803720839528855,0.17096397317241185,32.30048355619163,39,3,0,True
8.5,2,0.8,1.05,0.9008699396890092,188.72818325148157,0.016,0.013952922062915532,0.16933132106846924,0.1717140084370964,32.19095631249855,39,3,0,True
8.5,2,0.8,1.05,0.5558743199489934,279.6812001741135,0.016,0.013871742736703798,0.0679074227311816,0.08499323116161493,48.92465437855861,39,3,0,False
8.5,2,0.8,1.05,0.8320923650244347,190.0618964520258,0.016,0.013937027361556517,0.14654438220510405,0.1574579757158319,34.332131920897545,39,3,0,True
8.5,2,0.8,1.0093579929446557,0.9112756576548394,196.6962666897805,0.016,0.01397489405938128,0.17873608104577832,0.17292929375380955,31.99766898531042,39,3,0,False
8.5,2,0.8,1.05,0.6915628888283598,203.31881812588762,0.016,0.013862660874589861,0.10389303813790679,0.12437403960192893,40.14043880932602,39,3,0,False
8.5,2,0.8,1.05,0.8482353675010521,189.6717509917396,0.016,0.013942669238086508,0.15177895328000973,0.16083915328958256,33.79686408298304,39,3,0,True
8.5,2,0.8,1.05,0.6671126251799854,212.55533492506882,0.016,0.013850959720752924,0.09702116002466561,0.11764069705331234,41.4265269864524,39,3,0,False
8.5,2,0.8,1.05,0.9113879071752617,188.5922666689182,0.016,0.013953403166121994,0.17292475730299653,0.17359334364969162,31.893475535028866,39,3,0,True
8.5,2,0.8,1.05,0.7814000013528803,191.76069673878678,0.016,0.01391365289322529,0.1305483420746719,0.14635688351310172,36.16744273282718,39,3,0,True
8.5,2,0.8,1.05,0.8527954318251458,189.5718471466448,0.016,0.013944071908327717,0.15327008993559427,0.16178815955183243,33.64954043864902,39,3,0,True
8.5,2,0.8,1.05,0.9093408968546537,188.61890606266053,0.016,0.013953371503235954,0.17222248115039654,0.1732267783808275,31.950869132740085,39,3,0,True
8.5,2,0.8,1.05,0.9776902481174411,199.03596603473807,0.016,0.013941899674445809,0.19627800216375377,0.18532934216706998,30.16863523751009,39,3,0,False
8.5,2,0.8,1.05,0.8494083111964399,189.64173279297344,0.016,0.013942984640259306,0.1521637580688686,0.1610844141037496,33.75860894912301,39,3,0,True
8.5,2,0.8,1.0425978823283308,0.8823869605177567,189.2935837589834,0.016,0.013954537382521236,0.16408502884843548,0.16781846750337334,32.74795619058086,39,3,0,True
8.5,2,0.8,1.05,1.044389085155098,210.54585291671233,0.016,0.013903146484161322,0.22100608369262265,0.19676113844545634,28.657021677531628,39,3,0,False
8.5,2,0.8,1.05,0.8955385207658875,188.81175552741803,0.016,0.013952591620668687,0.16751632206288025,0.1706453999841246,32.34499156934039,39,3,0,True
8.5,2,0.8,1.05,0.9309275134840072,191.1227328454446,0.016,0.013952575465536392,0.1796846511219713,0.1770874511038942,31.35879344415566,39,3,0,False
8.5,2,0.8,1.0421022253582501,0.8710063328316042,189.49135635527674,0.016,0.013952396870808834,0.16033610398033782,0.1654667628548699,33.093243421345356,39,3,0,True
8.5,2,0.8,1.05,0.9344213851901946,191.71903917315112,0.016,0.01395228710201988,0.18090106446534635,0.17770164731642568,31.26589782439184,39,3,0,False
8.5,2,0.8,1.05,0.8950809697007112,188.81704102321586,0.016,0.013952528025150637,0.16736194066832172,0.17055111378757434,32.35819873736725,39,3,0,True
8.5,2,0.8,1.05,0.9701094938051096,197.7420536881667,0.016,0.013944461613988067,0.1935493953957636,0.18400479358376767,30.353461935624054,39,3,0,False
8.5,2,0.8,1.05,1.1093975582423878,221.99965075921514,0.016,0.013836297526968393,0.2463789781294818,0.20744226047224246,27.35560876698748,39,3,0,False
8.5,2,0.8,1.05,0.6511561407448143,219.3482308729094,0.016,0.013845095255914092,0.0926246592856804,0.11327245194282848,42.32453829217391,39,3,0,False
8.5,2,0.8,1.05,0.9836490252923277,200.04452853472836,0.016,0.013939548173589491,0.19843778402143614,0.1863745127012644,30.02508265875719,39,3,0,False
8.5,2,0.8,1.05,0.8694215717974603,189.23766859710534,0.016,0.01394836497710407,0.1587552140940614,0.16524587358214324,33.1259805579252,39,3,0,True
8.5,2,0.7946645117650724,1.05,1.0463490464864122,214.04140578060964,0.016,0.013950942510023113,0.2225267604062356,0.19591279329517367,28.76749402640216,39,3,0,False
8.5,2,0.8,1.05,0.9627236105059686,196.4849043772336,0.016,0.013946733825047972,0.19090158717997366,0.1827131285633854,30.536753218765885,39,3,0,False
8.5,2,0.8,1.05,0.7942028124278735,191.25725571119702,0.016,0.01392029892527403,0.134522948370099,0.14931817671732855,35.68036746173045,39,3,0,True
8.5,2,0.8,1.05,0.7725649765120082,192.1406247241009,0.016,0.013908806548926051,0.12783223588635767,0.14431020851294793,36.51352089930605,39,3,0,True
8.5,2,0.8,1.05,0.9106942722823034,188.60237563016014,0.016,0.01395341065594488,0.17268607853418935,0.1734687554546905,31.912948690578524,39,3,0,True
8.5,2,0.8,1.05,0.8838515843464118,188.98453969914513,0.016,0.013951037878594405,0.16357603729932046,0.16823093539454378,32.68824599240782,39,3,0,True
8.5,2,0.8,1.05,0.80270367093589,190.9492242597352,0.016,0.013924408895525719,0.13718805543654475,0.15127808804378423,35.365897820076846,39,4,0,True
8.5,2,0.8,1.05,0.9310488574978366,191.14280787223913,0.016,0.013952555138276987,0.17972728612681604,0.17710903269979866,31.35551562721751,39,4,0,False
8.5,2,0.8,1.05,0.8643841217453243,189.3297778701565,0.016,0.01394714242390699,0.1570873584352992,0.1642006670632595,33.28218141693161,39,4,0,True
8.5,2,0.8,1.038626044158695,0.9686272494856905,200.1534543238392,0.016,0.013953279952119434,0.19471866718872882,0.1835134327121104,30.422868930803638,39,4,0,False
8.5,2,0.8,1.05,1.0055971483159687,203.8020305847724,0.016,0.013929164427395098,0.2064706462235837,0.19018065727944813,29.511736826867278,39,4,0,False
8.5,2,0.8,1.05,0.93138437511067,191.20417040242435,0.016,0.013952602344467784,0.17984117850385503,0.177166354714108,31.346814398108936,39,4,0,False
8.5,2,0.8,1.0409839016681341,1.1025393954379084,223.34756014180724,0.016,0.013854332250488615,0.24517904591671058,0.20604216809743914,27.518833427232515,39,4,0,False
8.5,2,0.8,1.05,1.048794694515848,211.3293207440829,0.016,0.013899536821772373,0.2226855848257521,0.1974865610497601,28.56384207225077,39,4,0,False
8.5,2,0.8,1.05,0.8916727198424971,188.86744894119602,0.016,0.013952161737346471,0.1662086399978694,0.1698456101971448,32.457524941588034,39,4,0,True
8.5,2,0.8,1.05,0.899708743236603,188.75113756218295,0.016,0.013952932570013671,0.1689328053711762,0.17150469670285,32.2245921340622,39,4,0,True
8.5,2,0.8,1.05,0.8389373650611383,189.89241141682746,0.016,0.013939588146142576,0.14875408737054327,0.1588885874850594,34.10267362453424,39,4,0,True
8.5,2,0.8,1.05,0.9043402687363734,188.68594643605763,0.016,0.013953200738757903,0.1705116341974341,0.1723322156792302,32.09220762570903,39,4,0,True
8.5,2,0.8,1.05,0.8819962092560121,189.0138523683849,0.016,0.013950730280391304,0.16295375925104238,0.1678483470945593,32.743620007697515,39,4,0,True
8.5,2,0.8,1.05,0.9059040867750323,188.66269780280234,0.016,0.013953240940777625,0.17104694927181668,0.17261243888844685,32.047736916731,39,4,0,True
8.5,2,0.8,1.05,0.8830011085670931,189.0041314756347,0.016,0.013950985011973196,0.16328765747961727,0.16805340225268642,32.713907230457565,39,4,0,True
8.5,2,0.8,1.05,0.9308197457705017,191.10491864118464,0.016,0.013952593726357937,0.17964677902270648,0.17706827851761417,31.36170621867218,39,4,0,False
8.5,2,0.8,1.05,0.9032780220609081,188.70094794778325,0.016,0.013953152938582562,0.17014887852466648,0.17214223883472018,32.122459164336696,39,4,0,True
8.5,2,0.8,1.05,0.790535590807523,191.386528453121,0.016,0.013918315036832073,0.13338356487159395,0.14847287054206823,35.817668777377094,39,4,0,True
8.5,2,0.8,1.05,0.9565078833563384,195.4398123882017,0.016,0.013948301777346721,0.18868863126583377,0.1816104437451208,30.692932043815013,39,4,0,False
8.5,2,0.8,1.05,0.9911764461101492,201.33128321451966,0.016,0.013936390635279912,0.20117486861550898,0.18768549500064116,29.84664732152012,39,4,0,False
8.5,2,0.8,1.05,0.8489100379602528,189.65837069018858,0.016,0.01394290528684923,0.15199847016746262,0.16097892595054675,33.77504716771151,39,4,0,True
8.5,2,0.8,1.05,0.9160807882020756,188.64303846774865,0.016,0.013953341461766106,0.17454088720323396,0.17443565561637311,31.762725824927887,39,4,0,False
8.5,2,0.8,1.05,1.1432573090656317,227.9352995092386,0.016,0.013789296580048046,0.26012744365584406,0.21290147115260102,26.73363876168712,39,4,0,False
8.5,2,0.8,1.05,0.946620029425187,193.779451038359,0.016,0.013950459363774198,0.1851848091676868,0.17985703629252506,30.946139179958134,39,4,0,False
8.5,2,0.8,1.05,1.0903447160801452,218.64887286557962,0.016,0.013858989808269495,0.2388077346681465,0.20433679702250387,27.721504793438392,39,4,0,False
8.5,2,0.8,1.05,0.9200077600191192,189.29377849773795,0.016,0.013953222562556907,0.17589692662869083,0.1751408305420364,31.654458532562856,39,4,0,False
8.5,2,0.8,1.05,0.9360040408752854,191.98650065355676,0.016,0.013952091120304365,0.18145481818720527,0.1779810326874086,31.223906226872437,39,4,0,False
8.5,2,0.8,1.05,1.0389260902593844,209.57038446494587,0.016,0.013907422213945444,0.2189322875956263,0.19586321956109123,28.77358844321984,39,4,0,False
8.5,2,0.8,1.05,1.0812039994030982,217.03354855949948,0.016,0.013869000299898869,0.2352132040039465,0.2028462241426877,27.901584240439227,39,4,0,False
8.5,2,0.8,1.05,0.8617426474320454,189.38306356401347,0.016,0.01394649927654063,0.1562139774474816,0.16365217832279025,33.365017136949334,39,4,0,True
8.5,2,0.8,1.05,0.8930035567487031,188.84185501578176,0.016,0.013952232338754344,0.16666144499881783,0.17012300514845102,32.41836498866454,39,4,0,True
8.5,2,0.8,1.05,0.8644343665520774,189.32864540123202,0.016,0.013947152544542218,0.15710405078849585,0.16421114859756863,33.28060429364887,39,4,0,True
8.5,2,0.8,1.05,0.9375618431693953,192.24892170539394,0.016,0.013951872244362756,0.18200101823104212,0.1782564303032659,31.182674522117924,39,4,0,False
8.5,2,0.8,1.05,1.1905439640499593,236.03008266989542,0.016,0.01370863845241086,0.2800017019474204,0.2205071727608495,25.918895172268787,39,4,0,False
8.5,2,0.8,1.05,0.9537129382639652,194.9709767460977,0.016,0.013948966401403277,0.18769565376838285,0.18111442371435643,30.763948581848975,39,4,0,False
8.5,2,0.8,1.05,0.853711014410743,189.55176858890957,0.016,0.013944335750520105,0.15357039661188412,0.16197905245951422,33.62013273458374,39,4,0,True
8.5,2,0.8,1.05,0.8591049613785514,189.4372978125848,0.016,0.013945822518619947,0.15534382281020928,0.16310459555802306,33.448255332621066,39,4,0,True
8.5,2,0.8,1.05,0.9936583208858039,201.75709381775215,0.016,0.01393527747421221,0.2020805285173143,0.18811607249722884,29.7884314667899,39,4,0,False
8.5,2,0.8,1.05,0.829490546513332,190.13503632024714,0.016,0.013936085523761814,0.14570514002493168,0.1569131663289592,34.42071166218463,39,4,0,True
8.5,2,0.8,1.05,0.8796384472274226,189.05329747586114,0.016,0.013950335562091888,0.16216361683296648,0.16736198785222872,32.814410806137055,39,4,0,True
8.5,2,0.8,1.05,1.036828903206907,209.1961932878361,0.016,0.01390902836382442,0.21813765808131494,0.19551842377399647,28.818716313475896,39,4,0,False
8.5,2,0.8,1.05,0.7745942628469427,192.05199524977442,0.016,0.01390995199901298,0.12845372937766603,0.144779461315669,36.43335376604502,39,4,0,True
8.5,2,0.8,1.05,0.9225762545376764,189.72674673259425,0.016,0.013953237616000973,0.17678085767980628,0.175599327584415,31.584639401979278,39,4,0,False
8.5,2,0.8,1.05,0.8148803219125944,190.5520432973248,0.016,0.013929985475836284,0.1410370440259283,0.15383823369495725,34.92791636438254,39,4,0,True
8.5,2,0.8,1.05,0.9334016181670999,191.54244463044398,0.016,0.013952332039295787,0.18054748654724856,0.1775233744127222,31.292778445759794,39,4,0,False
8.5,2,0.8,1.05,0.9372456514898804,192.19505659526047,0.016,0.013951907001390988,0.1818905256609178,0.17820077114057362,31.190994844426942,39,4,0,False
8.5,2,0.8,1.05,0.9842777210231549,200.1524543120061,0.016,0.013939315639704835,0.19866505566305143,0.18648421291938444,30.01013048462696,39,4,0,False
8.5,2,0.8,1.05,1.0542873153551284,212.30874034789682,0.016,0.013894941231789614,0.22478321116063457,0.198389935498905,28.449024000007338,39,4,0,False
8.5,2,0.8,0.9982040788079709,0.9153189980343559,199.95504508272188,0.016,0.013980464021380812,0.18183696563214333,0.173449288282739,31.915994549360118,39,4,0,False
8.5,2,0.8,1.05,1.0356886789451143,208.9912188489409,0.016,0.013909867299152409,0.21770719168647204,0.1953315711343154,28.843258086890877,39,4,0,False
8.5,2,0.8,1.05,0.9104676607222146,188.60192435078733,0.016,0.013953360332300538,0.17261007137628434,0.1734292280880216,31.91913408127391,39,4,0,True
8.5,2,0.8,1.05,0.9205444153376253,189.38762313919355,0.016,0.013953288326429808,0.17607920909651117,0.1752352428423751,31.640044774505345,39,4,0,False
8.5,2,0.8,1.05,0.9504280122271352,194.41809327215674,0.016,0.013949668666800174,0.18653212351658718,0.18053238778539665,30.847893806795884,39,4,0,False
8.5,2,0.8,1.05,0.9254363382638082,190.1977539685094,0.016,0.01395302203537058,0.17777443894125114,0.17611460144349073,31.50670813388115,39,4,0,False
8.5,2,0.8,1.05,0.8074066332643581,190.79028657777843,0.016,0.013926613964570012,0.13867009288221332,0.1522660084716696,35.19505006593511,39,4,0,True
8.5,2,0.8,1.05,0.8547073483824086,189.52954580055737,0.016,0.01394461068011817,0.15389767257652506,0.1621870125981575,33.588181231938464,39,4,0,True
8.5,2,0.8,1.05,0.8367777768218709,189.9444893587848,0.016,0.013938798168822106,0.14805578141944062,0.1584370164186707,34.17461597790679,39,4,0,True
8.5,2,0.8,1.05,0.868623930803093,189.25350831068164,0.016,0.013948200505403833,0.15848994466048952,0.16507974123796293,33.15066489305769,39,4,0,True
8.5,2,0.8,1.05,0.7767345319062275,191.9602953443904,0.016,0.013911151260560606,0.12911040063074505,0.14527478703707525,36.34929083879123,39,5,0,True
8.5,2,0.8,1.05,0.956095074725317,195.3766297261111,0.016,0.01394850670625907,0.18853765546764634,0.18153472311897048,30.703742288591418,39,5,0,False
8.5,2,0.8,1.05,0.9346318410863117,191.75457542376532,0.016,0.013952261174404016,0.18097468798009916,0.17773880745458823,31.26030316282567,39,5,0,False
8.5,2,0.8,1.05,1.1269806563094202,225.07550691148472,0.016,0.013812937522679423,0.2534725589090129,0.21029515472527496,27.028184021782444,39,5,0,False
8.5,2,0.8,1.05,0.9626366120836116,196.47080289875822,0.016,0.013946766024053099,0.19087018427289426,0.18269747500158567,30.538954139987688,39,5,0,False
8.5,2,0.8,1.05,0.9367734168835018,192.11294305960448,0.016,0.013951928670417505,0.18172667315559649,0.17811830803458284,31.20333391641286,39,5,0,False
8.5,2,0.8,1.05,0.9982648075802311,202.54308813667367,0.016,0.013933059315599102,0.20376819023821338,0.1889171779116828,29.680991699766118,39,5,0,False
8.5,2,0.8,1.05,0.9603000595975936,196.08076506119568,0.016,0.013947424357248675,0.19003538245652352,0.182281744361534,30.59757625927931,39,5,0,False
8.5,2,0.8,1.05,0.9850326101137051,200.28372879477783,0.016,0.01393906209629382,0.19893682366264334,0.1866152375092784,29.992300146870544,39,5,0,False
8.5,2,0.8,1.05,0.9744352327456267,198.48375486382895,0.016,0.01394309077179162,0.19510244580520533,0.18475914395515797,30.24779785978489,39,5,0,False
8.5,2,0.8,1.05,0.9665935564488087,197.14583573434294,0.016,0.013945623412013624,0.19228546364322888,0.18338920921371327,30.440489367525455,39,5,0,False
8.5,2,0.8,1.05,0.9206480691080194,189.4057724443284,0.016,0.013953301283671674,0.17611440837179118,0.1752534698268166,31.63726429818347,39,5,0,False
8.5,2,0.8,1.05,0.9818350538664227,199.74059313206146,0.016,0.013940334190270806,0.1977772727784977,0.1860550419254239,30.06875039545594,39,5,0,False
8.5,2,0.8,1.05,0.9513367462759204,194.57315326547598,0.016,0.013949515997599521,0.1868522860329482,0.18069252126076904,30.82473172999416,39,5,0,False
8.5,2,0.8,1.05,1.002467724678612,203.26254962719355,0.016,0.013930824565774382,0.2053173131903789,0.18964227643196913,29.583527654775928,39,5,0,False
8.5,2,0.8,1.05,0.9737186254085068,198.36087141187062,0.016,0.013943323897674277,0.19484488987322476,0.18463416383053757,30.26523020578433,39,5,0,False
8.5,2,0.8,1.05,0.8423520198679504,189.8055176753313,0.016,0.01394071010021339,0.14986392345220648,0.15960559607063193,33.989348823967674,39,5,0,True
8.5,2,0.8,1.05,1.0382490643031779,209.44740965268767,0.016,0.013907907548789065,0.21867732807394816,0.1957527713463761,28.788021897788088,39,5,0,False
8.5,2,0.8,1.05,0.9516940051318155,194.63366728238043,0.016,0.013949447176352929,0.18697851411376754,0.1807556607597246,30.815613005954848,39,5,0,False
8.5,2,0.8,1.05,0.9319179824029649,191.29507069338112,0.016,0.013952557745989589,0.18002694798559452,0.17726021345639129,31.332582248100902,39,5,0,False
8.5,2,0.8,1.05,1.0542966992563212,212.3104036655181,0.016,0.0138949330884703,0.2247868080566779,0.1983914828428887,28.448828480584616,39,5,0,False
8.5,2,0.8,1.05,0.99845928691227,202.57415341635883,0.016,0.013932924607012597,0.20384122622255393,0.18895174536880666,29.67635441291602,39,5,0,False
8.5,2,0.8,1.05,1.045621335247338,210.76661909470863,0.016,0.013902173145258805,0.22147416781534107,0.19696339029846774,28.630954097534904,39,5,0,False
8.5,2,0.8,1.05,0.9883237608582168,200.84509801452566,0.016,0.013937687568312143,0.20013323971022887,0.18718937031122596,29.914137408923963,39,5,0,False
8.5,2,0.8,1.05,0.8479997866494362,189.67380870460227,0.016,0.013942550182214507,0.15170352727632533,0.16079121534535523,33.80435494211822,39,5,0,True
8.5,2,0.8,1.05,0.9214881320514461,189.54635769087014,0.016,0.013953288839106884,0.176404156299167,0.17540383711595658,31.61435335267461,39,5,0,False
8.5,2,0.8,1.05,0.953337468126322,194.90795749869534,0.016,0.013949052256017544,0.18756241100268595,0.18104781146098053,30.773522143115276,39,5,0,False
8.5,2,0.8,1.05,0.9651359204982112,196.8977796281268,0.016,0.01394607291718777,0.19176287758820804,0.18313440479079765,30.47672518609493,39,5,0,False
8.5,2,0.8,1.05,1.120799677023927,223.996119356344,0.016,0.013821433920858755,0.250966208283508,0.2092943979172141,27.14225073459104,39,5,0,False
8.5,2,0.8,1.05,0.9709249275924662,197.88574898270886,0.016,0.013944276300370914,0.1938390893965033,0.18414540594657008,30.333684474898803,39,5,0,False
8.5,2,0.8,1.05,0.920499738292743,189.37979879080387,0.016,0.013953282697088041,0.1760640393104103,0.17522738737676874,31.64124332406872,39,5,0,False
8.5,2,0.8,1.05,1.007198662727418,204.07983790751243,0.016,0.013928324288536131,0.20706026418136966,0.19045542132117588,29.475292794279603,39,5,0,False
8.5,2,0.8,1.05,0.9619972553201016,196.36171250712593,0.016,0.01394690827483622,0.1906432776662482,0.1825846642606531,30.554829222077792,39,5,0,False
8.5,2,0.8,1.05,0.6286635321099477,230.1443924251526,0.016,0.013840072828021034,0.08655151535161006,0.1070065763719477,43.67733920357248,39,5,0,False
8.5,2,0.8,1.05,0.9388484520303225,192.4634692118321,0.016,0.013951644648930478,0.18245405692973074,0.17848480983225423,31.148602372767822,39,5,0,False
8.5,2,0.8,1.05,1.0118061598636396,204.8724661026163,0.016,0.013925728142923264,0.20876500677538362,0.19124895679982487,29.37076994313477,39,5,0,False
8.5,2,0.8,1.05,0.9061430407101017,188.6560969328293,0.016,0.013953203279943337,0.1711303692926958,0.17265621327771585,32.04080627087334,39,5,0,True
8.5,2,0.8,1.05,0.9639330218971218,196.691617520873,0.016,0.013946411296431305,0.1913330185623701,0.1829247515560111,30.506634408445994,39,5,0,False
8.5,2,0.8,1.05,0.887997476241288,188.91815855413427,0.016,0.01395162656351715,0.1649711249569389,0.16908751516056908,32.56525463116522,39,5,0,True
8.5,2,0.8,1.05,0.9144792842838101,188.54646986695414,0.016,0.013953319478333786,0.17399080331209388,0.17414934782528851,31.806992876634883,39,5,0,True
8.5,2,0.8,1.05,0.9156064009272457,188.56826157651926,0.016,0.01395341971519279,0.17437474567595657,0.17434895093305852,31.776112553057978,39,5,0,False
8.5,2,0.8,1.05,0.7657329632971783,192.45912094612194,0.016,0.013904997791969874,0.12574507010448355,0.1427259574011311,36.78721116157184,39,5,0,True
8.5,2,0.8,1.05,0.9911581183790832,201.3279989133165,0.016,0.01393639640214206,0.20116828756484884,0.18768237266049795,29.84707068381021,39,5,0,False
8.5,2,0.8,1.05,0.9459992471190031,193.67383054003923,0.016,0.013950555637159783,0.18496652477523937,0.1797475791967713,30.96214825134286,39,5,0,False
8.5,2,0.8,1.05,0.9251839975004031,190.156385459152,0.016,0.013953045838206168,0.17768656916866724,0.17606905170876638,31.513574591674246,39,5,0,False
8.5,2,0.8,1.05,0.9398500782924201,192.63706375429865,0.016,0.013951577553285348,0.18280248431822954,0.17865998108086453,31.12254184669663,39,5,0,False
8.5,2,0.8,1.05,0.9405890147506693,192.76172639545982,0.016,0.013951465301808899,0.18306202553773923,0.17879060007260103,31.10315075459955,39,5,0,False
8.5,2,0.8,1.05,0.9999898327926336,202.8391807024118,0.016,0.013932168267449443,0.20440283718743257,0.18921451615264423,29.640930948369878,39,5,0,False
8.5,2,0.8,1.0147905298997337,0.8290998800563528,190.99557118480686,0.016,0.013946204678409681,0.15014742654261634,0.1564876091636018,34.49037015473537,39,5,0,True
8.5,2,0.8,1.05,1.1187712277367654,223.64274348366376,0.016,0.013824171602941636,0.250145804291702,0.20896484898811296,27.179976961954857,39,5,0,False
8.5,2,0.8,1.05,0.9566906940460556,195.47198017850243,0.016,0.013948282959882067,0.18875262417029073,0.18164230016399735,30.68838737885775,39,5,0,False
8.5,2,0.8,1.05,0.9357571811466963,191.94135161134398,0.016,0.013952061960406513,0.18137076536010888,0.17793883255682302,31.23023835995267,39,5,0,False
8.5,2,0.8,1.05,0.9026404223766944,188.70771373044593,0.016,0.01395308949303173,0.1699324521490822,0.17202894136438993,32.140540120489014,39,5,0,True
8.5,2,0.8,1.05,0.949028544019552,194.18212485164105,0.016,0.013949945152440605,0.18603746294380394,0.18028466352859168,30.883825337469155,39,5,0,False
8.5,2,0.8,1.05,0.9747753493240302,198.54023782820005,0.016,0.013942947992467088,0.19522603581385076,0.18481920941238547,30.23943026398632,39,5,0,False
8.5,2,0.8,1.05,1.017958404332039,205.92637201036263,0.016,0.013922024311133627,0.2110517491973164,0.19231058577641544,29.23260380179199,39,5,0,False
8.5,2,0.8,1.05,0.852284975004847,189.5828419129878,0.016,0.013943919661066824,0.15310289534378618,0.16168185597064302,33.66594954479954,39,5,0,True
8.5,2,0.8,1.05,0.9107656493291637,188.5955747644375,0.016,0.013953329988995887,0.17271358955980506,0.1734833568038361,31.910664701563306,39,5,0,True
8.5,2,0.8,1.05,0.8877074690897669,188.92706655945605,0.016,0.01395164823128234,0.16487125001032077,0.1690260545777022,32.57403439407257,39,6,0,True
8.5,2,0.8,1.05,0.886439882719458,188.9418137300414,0.016,0.013951401563612506,0.16444694682542307,0.16876592031464663,32.61127183003739,39,6,0,True
8.5,2,0.8,1.05,0.933177038601574,191.50347002976264,0.016,0.013952339752313294,0.18046969266627838,0.17748414174932742,31.298703138952394,39,6,0,False
8.5,2,0.8,1.05,0.7665721463579526,192.41938033986787,0.016,0.013905475870479451,0.12600059895191762,0.14292028596098572,36.753334394644305,39,6,0,True
8.5,2,0.8,1.05,0.8261146058169488,190.22528289277048,0.016,0.013934727849071439,0.1446219800464695,0.15620876043484208,34.5361549010945,39,6,0,True
8.5,2,0.8,1.05,0.8993162594836873,188.75304764110248,0.016,0.013952853012288512,0.1688011593206977,0.17142870187442164,32.23569237900611,39,6,0,True
8.5,2,0.8,1.05,0.853642192189856,189.55826237476035,0.016,0.013944384992334868,0.15354555302637105,0.1619630620000812,33.62259323284054,39,6,0,True
8.5,2,0.8,1.05,0.8922903676115752,188.85779978971968,0.016,0.013952226934843054,0.16641761105840858,0.16997354923181768,32.43944657424217,39,6,0,True
8.5,2,0.8,1.05,0.8678133444132201,189.26537751395315,0.016,0.013947970492072807,0.15822259177393105,0.16491242293474764,33.175579902559676,39,6,0,True
8.5,2,0.8,1.05,0.8588940060797706,189.43872323088218,0.016,0.013945725975954917,0.15527566824054653,0.16306151532679564,33.45478667803623,39,6,0,True
8.5,2,0.8,1.05,0.9560956879433816,195.37673605778653,0.016,0.013948506617247591,0.18853787104749006,0.1815348305501677,30.70372694333364,39,6,0,False
8.5,2,0.8,1.05,0.9144047272581678,188.55896155338115,0.016,0.01395348050315241,0.17395916233143197,0.1741323794401967,31.809622073687244,39,6,0,True
8.5,2,0.8,1.05,0.937689753644543,192.2707365820889,0.016,0.013951858487279319,0.18204570704478784,0.17827893781755538,31.179311777961797,39,6,0,False
8.5,2,0.8,1.05,0.9072372666366473,188.64183268030118,0.016,0.013953247408622435,0.17150448044251246,0.17285182488271184,32.00988915857093,39,6,0,True
8.5,2,0.8,1.05,0.9020282614906724,188.71383107027356,0.016,0.013953020730733155,0.16972497728858058,0.17192031373115324,32.15790376475781,39,6,0,True
8.5,2,0.8,1.05,0.9401884613876736,192.69161446413048,0.016,0.013951481979057382,0.18292307012551617,0.17872081771132575,31.113505938007496,39,6,0,False
8.5,2,0.8,1.05,0.87096577206801,189.20700562473448,0.016,0.013948670832346726,0.15926939602242976,0.1655677236362975,33.07831189639131,39,6,0,True
8.5,2,0.8,1.05,0.9954875957123874,202.06952849532055,0.016,0.013934414179172034,0.20274993100186406,0.1884340448351385,29.74565162798437,39,6,0,False
8.5,2,0.8,1.05,0.8123076220646451,190.63475825919616,0.016,0.013928879831823409,0.14021952898780607,0.1532957511915857,35.01941529242252,39,6,0,True
8.5,2,0.8,1.05,0.8893629834982674,188.9016112761739,0.016,0.013951868018426242,0.16542925907460185,0.1693682119019188,32.525244297611366,39,6,0,True
8.5,2,0.8,1.05,0.9349557165289679,191.80401920997124,0.016,0.013952128350838837,0.18109161166509524,0.1777981076411327,31.25138123940079,39,6,0,False
8.5,2,0.8,1.05,0.877138543180396,189.10130829633354,0.016,0.013949960604741444,0.16132493916067936,0.1668449107227025,32.8901655761536,39,6,0,True
8.5,2,0.8,1.05,0.7345171939752332,194.1938992914805,0.016,0.013886919693630378,0.116367490271481,0.13545659041801472,38.1081757023006,39,6,0,True
8.5,2,0.8,1.05,0.9256111466506326,190.22493980893023,0.016,0.01395297929971076,0.17783629116586586,0.17614674051950813,31.50186590987716,39,6,0,False
8.5,2,0.8,1.05,0.8025070465129261,190.95695584772818,0.016,0.013924327999703945,0.13712583918306498,0.15123632073232796,35.373137490886734,39,6,0,True
8.5,2,0.8,1.05,0.8985341686126189,188.76138849279613,0.016,0.013952754153566711,0.16853669389674317,0.1712688110287202,32.2580615959184,39,6,0,True
8.5,2,0.8,1.05,0.8666953351624016,189.285900386805,0.016,0.01394770300654253,0.1578522523271725,0.16468037302561164,33.21022479586433,39,6,0,True
8.5,2,0.8,1.05,0.8424555019099714,189.80413059953497,0.016,0.013940759933442516,0.1498970679577807,0.15962694322821813,33.985991746310354,39,6,0,True
8.5,2,0.8,1.05,1.102830114439597,220.84848241370318,0.016,0.013844392092765603,0.24375752495014327,0.2063705761715035,27.480294453550137,39,6,0,False
8.5,2,0.8,1.05,0.9684365406225919,197.45823650968669,0.016,0.013945019509942707,0.19294771728350082,0.18371190115031014,30.39477876731373,39,6,0,False
8.5,2,0.8,1.05,0.9073494313638093,188.64144539029004,0.016,0.013953266364384403,0.1715422999254784,0.17287154954653733,32.006776437596905,39,6,0,True
8.5,2,0.8,1.05,0.9644042787450604,196.76955291185396,0.016,0.01394623083096686,0.1915033800612464,0.18300802220900472,30.494744751946808,39,6,0,False
8.5,2,0.8,1.05,0.9080315714997911,188.6370964258329,0.016,0.0139533521624544,0.17177340889898693,0.17299214488440728,31.98776466094568,39,6,0,True
8.5,2,0.8,1.05,0.7193804962988857,195.23487573406788,0.016,0.013878163989821373,0.11191250535126752,0.13193360973284585,38.79422688360096,39,6,0,True
8.5,2,0.8,1.05,0.8712264781916113,189.2036773892435,0.016,0.013948746336330907,0.15935540758649527,0.16562146078720003,33.070372508650664,39,6,0,True
8.5,2,0.8,1.05,0.9638152784998034,196.672140083369,0.016,0.013946456144481954,0.19129046819521558,0.1829039507557584,30.509606522538025,39,6,0,False
8.5,2,0.8,1.05,0.930133189559552,190.99067391027396,0.016,0.013952695452404254,0.17940608698279553,0.1769464457766097,31.380233983889983,39,6,0,False
8.5,2,0.8,1.05,0.8708251492409681,189.20870109964324,0.016,0.013948628532830144,0.15922305880449408,0.16553877535353423,33.082591167513755,39,6,0,True
8.5,2,0.8,1.05,0.9492294670230969,194.2168267668646,0.016,0.013949920314695914,0.1861078829893071,0.18031989332158901,30.878707940674214,39,6,0,False
8.5,2,0.8,1.05,0.9318997028120038,191.29206621373007,0.016,0.013952561279251053,0.18002052608585112,0.17725696463235777,31.333074564535217,39,6,0,False
8.5,2,0.8,1.05,0.8536102220920148,189.54657431976142,0.016,0.01394420501405578,0.15354070537508469,0.16196048381400469,33.62298999513883,39,6,0,True
8.5,2,0.8,1.05,0.9262122388473278,190.329947031271,0.016,0.01395303517908458,0.17804131744334648,0.17625262990596174,31.485927464815287,39,6,0,False
8.5,2,0.8,1.05,0.9217088489264698,189.58162488979667,0.016,0.013953255390446569,0.17648143737054783,0.1754440244761601,31.60823833723359,39,6,0,False
8.5,2,0.8,1.05,0.8717295197240071,189.19656827821623,0.016,0.013948881217536577,0.15952176198068063,0.16572540523521692,33.055031055206335,39,6,0,True
8.5,2,0.8,1.05,0.8791859867891135,189.06639732148906,0.016,0.013950331984825984,0.16200954243210255,0.1672668479187509,32.82831105615599,39,6,0,True
8.5,2,0.8,1.05,0.92458317054592,190.05650193894792,0.016,0.013953076907029046,0.17747835708496829,0.1759611732687607,31.529854305941463,39,6,0,False
8.5,2,0.8,1.05,0.8345754081159065,190.0019958555815,0.016,0.013938017004419108,0.14734332915436688,0.15797567217820538,34.2485764095644,39,6,0,True
8.5,2,0.8,1.05,0.8985444540116898,188.76123302899998,0.016,0.013952754847122991,0.16854019369090814,0.1712709469800373,32.25776492580104,39,6,0,True
8.5,2,0.8,1.05,0.8699667770096317,189.22542427180719,0.016,0.013948455325493696,0.158937334669758,0.1653599578806153,33.109060747810354,39,6,0,True
8.5,2,0.8,1.05,0.9917213277008814,201.4239968967936,0.016,0.013936135924375141,0.20137414392957995,0.18778033256587193,29.833796483850822,39,6,0,False
8.5,2,0.8,1.05,0.8843461773007643,188.9790604950423,0.016,0.013951148077430626,0.16374096972496724,0.16833217992437788,32.67363808749078,39,6,0,True
8.5,2,0.8,1.05,0.8958078671830979,188.80179390453353,0.016,0.013952533538179247,0.1676106617879337,0.17070332484339248,32.336885532236174,39,6,0,True
8.5,2,0.8,1.05,0.8971382915879592,188.78039335936245,0.016,0.01395262428623596,0.16806309857528437,0.17097977518619567,32.29828050424543,39,6,0,True
8.5,2,0.8,1.05,0.9058847699018276,188.66218169871615,0.016,0.013953229403725004,0.17104074153301355,0.17260922335974657,32.0482461927446,39,6,0,True
8.5,2,0.8,1.05,0.8658282757954227,189.30469955433395,0.016,0.01394752932631482,0.15756398385087705,0.1644995444563992,33.23729587332755,39,6,0,True
8.5,2,0.8,1.05,0.888630665273507,188.9094144052397,0.016,0.013951725302360815,0.16518401454162557,0.16921802231019395,32.5466343443403,39,6,0,True
8.5,2,0.8,1.05,0.9898725436344424,201.10909379056824,0.016,0.01393698888669305,0.20069850491475102,0.18745869542317237,29.877444893379174,39,6,0,False
8.5,2,0.8,1.05,0.9358680787441362,191.9592253292236,0.016,0.013952032641248979,0.18141017909832685,0.1779587603983759,31.22724771911778,39,6,0,False
8.5,2,0.8,1.05,0.9517417110862614,194.64163188650355,0.016,0.013949435932112711,0.1869954522526146,0.18076413903473706,30.814389156154785,39,7,0,False
8.5,2,0.8,1.05,0.8956996998614778,188.8099903742113,0.016,0.013952615019746512,0.16757067301448703,0.1706785847695123,32.340346945808655,39,7,0,True
8.5,2,0.8,1.05,0.9091236398109747,188.61901288165637,0.016,0.013953328738645774,0.17214942474489048,0.1731887380947907,31.956842433541087,39,7,0,True
8.5,2,0.8,1.05,0.7713927495216433,192.1986051061237,0.016,0.013908222455154152,0.12747145458136866,0.14403731677685322,36.56036788296642,39,7,0,True
8.5,2,0.8,1.05,0.920932495040628,189.45449590082524,0.016,0.013953317412922418,0.17621173484817892,0.17530392329872316,31.629571476677718,39,7,0,False
8.5,2,0.8,1.05,0.900991360122188,188.72726495824446,0.016,0.013952940958198285,0.16937226883981582,0.17173544955865633,32.1875165704515,39,7,0,True
8.5,2,0.8,1.05,0.9184790403754839,189.0452155886771,0.016,0.013953361890721222,0.17536540586670196,0.17486433372987442,31.696781291070927,39,7,0,False
8.5,2,0.8,1.05,0.9175930324228455,188.89579367158393,0.016,0.013953342370410743,0.17506120737187386,0.17470628459993826,31.721047820510318,39,7,0,False
8.5,2,0.8,1.05,0.8138365030685779,190.58429127396582,0.016,0.01392952472155981,0.14070559498769755,0.15361841203429352,34.964908472256944,39,7,0,True
8.5,2,0.8,1.05,0.8928550308040993,188.84951334289195,0.016,0.013952291649286935,0.16660850187822196,0.17009036262527474,32.422965980652094,39,7,0,True
8.5,2,0.8,1.05,0.8696650891203299,189.22994988000184,0.016,0.013948374548537743,0.1588376119687853,0.16529758871881892,33.11830756739935,39,7,0,True
8.5,2,0.8,1.05,0.9273993140490157,190.5261400947776,0.016,0.013952904336660086,0.17845548885901938,0.17646516107330554,31.453703157772416,39,7,0,False
8.5,2,0.8,1.05,0.8773308791780847,189.09802888907,0.016,0.013949996728615636,0.1613891893893095,0.16688452642401386,32.884343552978606,39,7,0,True
8.5,2,0.8,1.05,0.8900630907757238,188.8918079665556,0.016,0.01395196854550058,0.16566503569570942,0.16951266194003226,32.50471038925378,39,7,0,True
8.5,2,0.8,1.05,0.8528265915151791,189.56966937772756,0.016,0.013944060433662765,0.15328098900753856,0.16179514989167612,33.648462224431015,39,7,0,True
8.5,2,0.8,1.05,0.9055449405909692,188.6653446701551,0.016,0.01395319582060957,0.17092530730081798,0.1725488904409775,32.057806114939154,39,7,0,True
8.5,2,0.8,1.05,0.9939431382096505,201.80442570993125,0.016,0.013935122188684835,0.2021856599324772,0.1881661120253465,29.781687311735173,39,7,0,False
8.5,2,0.8,1.05,0.8579552972396122,189.45850714737938,0.016,0.013945478785446054,0.15496644134174137,0.16286544179126305,33.484560388801825,39,7,0,True
8.5,2,0.8,1.05,0.9571061899300217,195.54450887401674,0.016,0.013948229364159436,0.18889843364448933,0.18171490308100133,30.678037102547353,39,7,0,False
8.5,2,0.8,1.05,0.9085855761830521,188.62410528432616,0.016,0.01395328836923659,0.17196607187992788,0.1730930452527312,31.971883093406245,39,7,0,True
8.5,2,0.8,1.05,0.831906823338521,190.07184309807053,0.016,0.013937026620603577,0.14648238698840801,0.1574175716182608,34.33867824159904,39,7,0,True
8.5,2,0.8,1.05,0.8618111354182668,189.38200011269353,0.016,0.013946520879736739,0.15623643747806265,0.16366627777070308,33.362880203182534,39,7,0,True
8.5,2,0.8,1.05,0.9560154692182019,195.36282304488833,0.016,0.013948518190169557,0.1885096720215816,0.18152077779817008,30.70573440007285,39,7,0,False
8.5,2,0.8,1.05,0.8864751347839578,188.94107119474617,0.016,0.01395140397636284,0.1644589029624975,0.16877326753912372,32.610218389129976,39,7,0,True
8.5,2,0.8,1.05,1.0028163648151867,203.32344521810884,0.016,0.013930655185537029,0.2054451147373718,0.18970193054238177,29.575548017854885,39,7,0,False
8.5,2,0.8,1.05,0.952941255039255,194.84522079870368,0.016,0.01394920719258293,0.18741922696694716,0.18097599727619132,30.78385305895942,39,7,0,False
8.5,2,0.8,1.05,0.9270498634893862,190.46544260560788,0.016,0.013952891013017438,0.1783355472791695,0.17640377138693952,31.46299833631681,39,7,0,False
8.5,2,0.8,1.05,0.8869500640227738,188.93837119870068,0.016,0.013951536656809517,0.16461643317057506,0.16886973569692754,32.59639605848176,39,7,0,True
8.5,2,0.8,1.05,0.7762686480502793,191.97409249156254,0.016,0.013910809907640322,0.12896965156830054,0.1451688725044766,36.36721795406941,39,7,0,True
8.5,2,0.8,1.05,0.918801635376546,189.09829194591245,0.016,0.013953344461669896,0.17547710825359697,0.1749224255491432,31.68787560227202,39,7,0,False
8.5,2,0.8,1.05,0.9279534886250934,190.6192929806102,0.016,0.013952850348630016,0.1786486015817626,0.17656321977509873,31.43872205633678,39,7,0,False
8.5,2,0.8,1.05,0.8062904112494033,190.8324047390591,0.016,0.013926164907637218,0.13831574899416396,0.15202997439013802,35.23567372658174,39,7,0,True
8.5,2,0.8,1.05,0.9225602511623502,189.72400572932298,0.016,0.013953236847986356,0.1767753747305717,0.1755964878412928,31.585070451109175,39,7,0,False
8.5,2,0.8,1.05,0.9624208522373587,196.43603117223222,0.016,0.013946849206621597,0.19079218899282574,0.18265858304953347,30.544424424361946,39,7,0,False
8.5,2,0.8,1.05,0.9603327812499888,196.08623120209077,0.016,0.013947415384923455,0.19004706282754172,0.18228756454106196,30.59675329339869,39,7,0,False
8.5,2,0.8,1.05,0.8487709252346135,189.6565213131127,0.016,0.013942793539682662,0.1519552827819328,0.16095161634099112,33.77930664439332,39,7,0,True
8.5,2,0.8,1.05,0.9366004708389096,192.08822321430117,0.016,0.013952030691253512,0.18166303064643066,0.17808597222857186,31.208176255260035,39,7,0,False
8.5,2,0.8,1.05,0.9386048071576484,192.42649787460937,0.016,0.013951752589877365,0.1823657189014108,0.17844008499874073,31.155266364245673,39,7,0,False
8.5,2,0.8,1.05,0.9175715490103624,188.89213014264575,0.016,0.01395334113111445,0.17505386075990456,0.17470246894000174,31.72163433932446,39,7,0,False
8.5,2,0.8,1.05,0.9325182957206851,191.39558935237508,0.016,0.013952475131736412,0.1802372172606296,0.17736651692622818,31.316485794656398,39,7,0,False
8.5,2,0.8,1.05,0.9051141126194135,188.67101930398016,0.016,0.013953175263772101,0.1707781734027696,0.17247190728491743,32.07001641456706,39,7,0,True
8.5,2,0.8,1.05,1.016216997094214,205.62824038580013,0.016,0.013923094667782358,0.21040351932655793,0.19200999122585435,29.27153306666077,39,7,0,False
8.5,2,0.8,1.05,0.8759548016720595,189.11877679559268,0.016,0.013949695095705495,0.16093108644838006,0.16660210838950884,32.92591438299299,39,7,0,True
8.5,2,0.8,1.05,0.8852712789517513,188.96648149437118,0.016,0.013951317473237622,0.1640508233546737,0.16852242750479787,32.64624005926486,39,7,0,True
8.5,2,0.8,1.05,0.9040917619989337,188.68864091594625,0.016,0.013953178954472803,0.17042715107012132,0.17228801315970962,32.099238920367505,39,7,0,True
8.5,2,0.8,1.05,0.918994396997241,189.12854034080928,0.016,0.013953307686993474,0.17554484414596258,0.17495772725435516,31.682467287154033,39,7,0,False
8.5,2,0.8,1.05,0.8822914379715152,189.01505098035676,0.016,0.013950862125144231,0.16304986785074746,0.16790720037302354,32.73508401508756,39,7,0,True
8.5,2,0.8,1.05,0.8974103609608034,188.77723873643566,0.016,0.013952658259946963,0.1681550803162877,0.1710359008665798,32.290459238878285,39,7,0,True
8.5,2,0.8,1.05,0.9794369456808061,199.3308189114757,0.016,0.013941214742410672,0.196910859838955,0.18563598880254803,30.126310953237574,39,7,0,False
8.5,2,0.8,1.05,0.8322247896652624,190.06194453276524,0.016,0.013937125676854284,0.14658551885780194,0.15748452080355277,34.327833043644574,39,7,0,True
8.5,2,0.8,1.05,0.8968953316711149,188.78377700565878,0.016,0.01395260135179161,0.16798069342781052,0.17092946044652754,32.305296705652864,39,7,0,True
8.5,2,0.8,1.05,0.9133036773883089,188.5657911290038,0.016,0.013953385435949392,0.17358404352711665,0.17393721441423263,31.839907950635048,39,7,0,True
8.5,2,0.8,1.05,0.9002132404263017,188.73383640374306,0.016,0.0139528276291779,0.1691095901872772,0.17159785623023793,32.20960898204123,39,7,0,True
8.5,2,0.8,1.05,0.8923707177591444,188.85678798586042,0.016,0.013952238594868632,0.16644468482157834,0.1699901109176229,32.43710848299086,39,7,0,True
8.5,2,0.8,1.05,0.8306407097798225,190.09681625487457,0.016,0.013936427166081672,0.1460783847219599,0.15715576444306847,34.38118537493609,39,7,0,True
8.5,2,0.8,1.05,0.8908894774900684,188.87772176487312,0.016,0.013952048108631468,0.16594479905619008,0.16968411508528003,32.48038702441757,39,7,0,True
8.5,2,0.8,1.05,0.9017061057584144,188.72257902305458,0.016,0.013953060109370353,0.16961303931546545,0.17186146790621282,32.16732145616906,39,7,0,True
8.5,2,0.8,1.05,0.9219446953111194,189.62078397596213,0.016,0.013953245610575211,0.17656304311606388,0.17548637590336003,31.60179776518206,39,7,0,False
8.5,2,0.8,1.05,0.9425154415492699,193.08519428574422,0.016,0.013951134051877223,0.18374029816798132,0.17913180368873322,31.05266294293606,39,8,0,False
8.5,2,0.8,1.05,0.9070781921034223,188.64939887547465,0.016,0.013953317649084775,0.17144725721076282,0.17282168437193085,32.014647297174456,39,8,0,True
8.5,2,0.8,1.05,0.9365751721289614,192.08413093220102,0.016,0.013952037208065721,0.18165404499718366,0.1780814316453364,31.208856390340635,39,8,0,False
8.5,2,0.8,1.05,0.9966802737237659,202.27113776408203,0.016,0.013933807612256792,0.20318829531612534,0.18864223185219106,29.717738828160268,39,8,0,False
8.5,2,0.8,1.05,0.9775938962093478,199.01997670316453,0.016,0.013941941716333454,0.19624292285641148,0.18531232058905991,30.17098967819262,39,8,0,False
8.5,2,0.8,1.05,0.9190429386576728,189.13658232864492,0.016,0.013953305971946604,0.17556161923474334,0.17496644654584317,31.681131883292704,39,8,0,False
8.5,2,0.8,1.05,0.9771983156023075,198.9519588233194,0.016,0.01394207362055762,0.19610059203517638,0.18524338706919435,30.180530097952712,39,8,0,False
8.5,2,0.8,1.05,0.9464974097583395,193.75859550788738,0.016,0.01395047864751449,0.18514168086217095,0.17983541232466715,30.949299964915344,39,8,0,False
8.5,2,0.8,1.05,0.8649227879555208,189.32199233801506,0.016,0.013947310058500256,0.1572643181895079,0.16431158965194786,33.26550232471405,39,8,0,True
8.5,2,0.8,1.05,0.9359297503250371,191.9745187454927,0.016,0.013952110672454679,0.18142841800571843,0.17796768607785038,31.225908481953272,39,8,0,False
8.5,2,0.8,1.05,0.8531942085507656,189.56349279194504,0.016,0.013944192923167969,0.15340067127325624,0.16187115854471254,33.636744911380475,39,8,0,True
8.5,2,0.8,1.05,0.9310508918416271,191.1431446388152,0.016,0.013952554800605284,0.17972800079445375,0.177109394437567,31.355460694930283,39,8,0,False
8.5,2,0.8,1.05,0.8761759746360651,189.1125009345158,0.016,0.01394970368590762,0.1610060731326565,0.1666484760801175,32.91907869617681,39,8,0,True
8.5,2,0.8,1.05,0.9202578123523782,189.33741963056744,0.016,0.013953251860254806,0.1759819095736976,0.1751848550489921,31.64773500562198,39,8,0,False
8.5,2,0.8,1.05,1.0297431524452083,207.9319319106663,0.016,0.013914182845298257,0.21546492194773198,0.19434995852646472,28.97235864591355,39,8,0,False
8.5,2,0.8,1.05,0.8891586666745798,188.901942325942,0.016,0.013951803031035163,0.16536172944359692,0.1693269454130062,32.53111738978773,39,8,0,True
8.5,2,0.8,1.05,0.994577971150008,201.9084038242281,0.016,0.013934749281175239,0.2024211387356216,0.1882782562645494,29.766589008100958,39,8,0,False
8.5,2,0.8,1.05,0.8291026848177592,190.14179731197012,0.016,0.013935884269430225,0.14558204371409028,0.15683336014585164,34.43374354697843,39,8,0,True
8.5,2,0.8,1.05,0.9428483387377476,193.13976697381165,0.016,0.0139510519328902,0.18385850860984015,0.17919130939036718,31.043882341146055,39,8,0,False
8.5,2,0.8,1.05,0.9576598347555956,195.6347680378145,0.016,0.013948046842854308,0.1890972227496676,0.18181423691465226,30.66389252465594,39,8,0,False
8.5,2,0.8,1.05,0.9748612563067356,198.55441572229714,0.016,0.013942910341432049,0.19525732061353898,0.18483441761439426,30.237312709136912,39,8,0,False
8.5,2,0.8,1.05,0.9551605306856777,195.2169191175042,0.016,0.013948680502191516,0.18820757010630404,0.18137005102053497,30.72729001792279,39,8,0,False
8.5,2,0.8,1.05,0.9214627137501424,189.5421147415026,0.016,0.013953289455171904,0.17639537954671713,0.17539928269580352,31.615046583130486,39,8,0,False
8.5,2,0.8,1.05,0.9075783148154026,188.6396608863813,0.016,0.013953290993143274,0.17161999571291603,0.17291210999239623,32.00037842797897,39,8,0,True
8.5,2,0.8,1.05,0.844962815787372,189.74420089070554,0.016,0.013941582772346466,0.15071308028385016,0.16015326159223234,33.90352823675178,39,8,0,True
8.5,2,0.8,1.05,0.9242073347770968,189.99419013652889,0.016,0.013953098485492496,0.17734804180893188,0.1758936281589895,31.54005989906505,39,8,0,False
8.5,2,0.8,1.05,0.9477458183706042,193.9654015794498,0.016,0.013950182921917877,0.18558476642080624,0.18005782161848072,30.916835152527977,39,8,0,False
8.5,2,0.8,1.05,0.9971193692403397,202.34501083908486,0.016,0.013933576706449914,0.20335000905429743,0.18871901980044034,29.707462645652424,39,8,0,False
8.5,2,0.8,1.05,0.7159648634564172,195.48570756893204,0.016,0.01387615664286691,0.11091720951740772,0.13113694164416176,38.95319248972057,39,8,0,True
8.5,2,0.8,1.05,0.9026708772849042,188.7070211419987,0.016,0.013953087467309406,0.1699429741871355,0.17203446544246945,32.1396578526354,39,8,0,True
8.5,2,0.8,1.05,0.923333689798133,189.84851496817845,0.016,0.01395313147218763,0.17704579914073343,0.17573696474316025,31.563767792745704,39,8,0,False
8.5,2,0.8,1.05,0.8560360557196539,189.50183783702798,0.016,0.013944993463920663,0.15433382553600125,0.16246393622287505,33.545771671499566,39,8,0,True
8.5,2,0.8,1.05,0.9380672354743966,192.33507790726733,0.016,0.01395181678531296,0.18217763737045822,0.17834537789592336,31.16939143532753,39,8,0,False
8.5,2,0.8,1.05,0.8078514822822411,190.77896806647598,0.016,0.01392686488842406,0.13880919324936658,0.15235844280973138,35.17917865378393,39,8,0,True
8.5,2,0.8,1.05,0.955518550293002,195.2766320205002,0.016,0.013948589060646844,0.18833502480496833,0.18143373072790808,30.71817772994097,39,8,0,False
8.5,2,0.8,1.05,0.8415300225382611,189.8269921320593,0.016,0.01394045516757865,0.14959611505270257,0.1594326553332873,34.016581528694154,39,8,0,True
8.5,2,0.8,1.05,0.9194096115673376,189.20094913691298,0.016,0.01395335709709001,0.17568591499238442,0.17503084656648385,31.671273776659664,39,8,0,False
8.5,2,0.8,1.05,0.9536925748049123,194.96748330009154,0.016,0.013948969766911819,0.18768847845115255,0.1811108411966841,30.76446324311303,39,8,0,False
8.5,2,0.8,1.05,0.9029299965408182,188.70108773882413,0.016,0.013953069415412162,0.1700325329180067,0.1720814823765905,32.13215149227271,39,8,0,True
8.5,2,0.8,1.05,0.9236385800010454,189.89895958301344,0.016,0.013953113364295656,0.1771515193809513,0.17579179296163083,31.55546471893083,39,8,0,False
8.5,2,0.8,1.05,0.9876388721879613,200.72595515813373,0.016,0.013937952397485577,0.19988515047424257,0.18707123876161416,29.930272904931897,39,8,0,False
8.5,2,0.8,1.05,0.9468203019950695,193.8135067967668,0.016,0.0139504275901202,0.18525526217318186,0.1798923579462287,30.9409782210098,39,8,0,False
8.5,2,0.8,1.05,0.9446022483027325,193.4357402450586,0.016,0.013950758605441337,0.18447589361528816,0.17950144910293167,30.998235303209267,39,8,0,False
8.5,2,0.8,1.05,0.8943931794376065,188.82528845779055,0.016,0.01395243389651649,0.16712985145549658,0.17040931683127117,32.378090687105235,39,8,0,True
8.5,2,0.8,1.05,0.925995381961118,190.29203113553058,0.016,0.013953014688182146,0.17796737490404554,0.17621444766959296,31.491671933476155,39,8,0,False
8.5,2,0.8,1.05,0.9403215850942399,192.71311339386585,0.016,0.013951444911779317,0.18297049108899763,0.1787447369757944,31.109955365069197,39,8,0,False
8.5,2,0.8,1.05,0.968543745903497,197.4769033334126,0.016,0.013944992359118955,0.19298591493033918,0.18373047499743425,30.39215378651948,39,8,0,False
8.5,2,0.8,1.05,0.9192732129303118,189.17370867700532,0.016,0.013953279461015974,0.17564189111996736,0.17500822300562416,31.674735883984383,39,8,0,False
8.5,2,0.8,1.05,0.9771242835684629,198.94265239822576,0.016,0.013942156216827943,0.19607151730095376,0.18522909836666965,30.18250875735059,39,8,0,False
8.5,2,0.8,1.05,0.8125117572350042,190.6241143522949,0.016,0.013928913639262795,0.14028600464555033,0.15334003187370115,35.0119202398388,39,8,0,True
8.5,2,0.8,1.05,0.9683417492699579,197.44171580513054,0.016,0.013945043205918179,0.1929139557773695,0.18369548443955297,30.397099436714576,39,8,0,False
8.5,2,0.8,1.05,0.9403843532805893,192.7232576826294,0.016,0.013951427539213926,0.18299284648785957,0.17875601211129405,31.108282094803226,39,8,0,False
8.5,2,0.8,1.05,0.9384430563005401,192.39902226031973,0.016,0.01395177260680951,0.18230909764318576,0.17841157473394922,31.159516558147935,39,8,0,False
8.5,2,0.8,1.05,0.9635025315147027,196.61543246186122,0.016,0.01394648932901867,0.19118095507461033,0.18285069456099565,30.517219857463747,39,8,0,False
8.5,2,0.8,1.05,0.8392365372807524,189.88664268243323,0.016,0.013939715111821597,0.14885034028530972,0.15895074261191472,34.09280603336147,39,8,0,True
8.5,2,0.8,1.05,0.903173065315733,188.70238339634423,0.016,0.013953147131910829,0.17011307857273952,0.17212348692776774,32.125449698813256,39,8,0,True
8.5,2,0.8,1.05,0.8608105997066956,189.40390327705774,0.016,0.01394628877315165,0.15590544097611836,0.16345817468292378,33.394461352298244,39,8,0,True
8.5,2,0.8,1.05,0.9175771680581892,188.89308837599,0.016,0.013953341455943631,0.17505578225890966,0.17470346692460892,31.72148093246424,39,8,0,False
8.5,2,0.8,1.05,0.9214026384275368,189.53208913821177,0.016,0.013953290943381174,0.1763746349111591,0.17538851754544887,31.616685328121818,39,9,0,False
8.5,2,0.8,1.05,0.9569838514971724,195.52322096734062,0.016,0.013948246393326307,0.18885545055741687,0.1816934981733059,30.681087530407584,39,9,0,False
8.5,2,0.8,1.05,0.9480150186680337,194.01110777640835,0.016,0.013950137545031197,0.1856795872196399,0.1801053352523619,30.90991250231997,39,9,0,False
8.5,2,0.8,1.05,0.8926940508037887,188.8520000694193,0.016,0.01395227514576327,0.1665540082090795,0.17005701329408837,32.42766856877475,39,9,0,True
8.5,2,0.8,1.05,0.950478198015141,194.426730131135,0.016,0.013949661612433143,0.18654974911933633,0.18054120120164482,30.846617694889325,39,9,0,False
8.5,2,0.8,1.05,0.9385682561184218,192.42029211531508,0.016,0.013951757174771519,0.18235292134469339,0.17843364112274523,31.156226843136643,39,9,0,False
8.5,2,0.8,1.05,0.9526906385445368,194.80064299755668,0.016,0.013949220234952793,0.18733208212638236,0.1809325601328967,30.79010666773958,39,9,0,False
8.5,2,0.8,1.05,0.9544113213900596,195.0928362505072,0.016,0.013948885067533336,0.1879403513848951,0.18123645332770313,30.746432882471364,39,9,0,False
8.5,2,0.8,1.05,0.979975834588263,199.42489851300118,0.016,0.013941053040534168,0.1971040187940557,0.18572933908469144,30.113460735391918,39,9,0,False
8.5,2,0.8,1.05,0.9553958572637961,195.25595756235134,0.016,0.013948616831825118,0.1882914903161164,0.18141199336683594,30.721287366343056,39,9,0,False
8.5,2,0.8,1.05,0.8778290362749878,189.08943330192866,0.016,0.013950087704111708,0.16155570860594134,0.166987187945745,32.869270168999364,39,9,0,True
8.5,2,0.8,1.05,0.9197508063372621,189.25101904187048,0.016,0.013953229257331416,0.17580820777011125,0.1750947477349402,31.661500874968947,39,9,0,False
8.5,2,0.8,1.05,0.968960379326077,197.5484882064419,0.016,0.013944869877968228,0.1931350657527703,0.18380304723439397,30.381903714324274,39,9,0,False
8.5,2,0.8,1.05,0.9303279386812726,191.0233131835113,0.016,0.01395267093517713,0.1794741920686714,0.1769809105906689,31.374989494940383,39,9,0,False
8.5,2,0.8,1.05,0.9282738420743353,190.67387259646387,0.016,0.013952828897124344,0.1787598634252463,0.17661953637026875,31.430107066784494,39,9,0,False
8.5,2,0.8,1.05,0.9045199405076148,188.67769690492528,0.016,0.013953128890730563,0.1705759382015631,0.17236611570774277,32.08681819471554,39,9,0,True
8.5,2,0.8,1.05,0.9465868906091708,193.77381502015348,0.016,0.013950464588128004,0.18517315287816308,0.1798511920987939,30.94699333557157,39,9,0,False
8.5,2,0.8,1.05,0.9522507505772781,194.72609430507052,0.016,0.01394930629802761,0.18717660010050266,0.1808548296740641,30.801306700285448,39,9,0,False
8.5,2,0.8,1.05,0.9079592917418715,188.63866956990788,0.016,0.013953358804867469,0.17174835728044527,0.1729790291960836,31.989830742791916,39,9,0,True
8.5,2,0.8,1.05,0.9225160980403802,189.716436213737,0.016,0.013953234596478882,0.17676025244665763,0.17558865594674325,31.586259355806128,39,9,0,False
8.5,2,0.8,1.05,0.8708284743202926,189.20866180866585,0.016,0.013948629545630165,0.15922415400974227,0.1655394595486907,33.08249000788867,39,9,0,True
8.5,2,0.8,1.05,0.9475552962195256,193.93304350924058,0.016,0.013950214652344228,0.18551767551864792,0.18002419967808211,30.9217365389366,39,9,0,False
8.5,2,0.8,1.05,0.9222591360011062,189.67220736339428,0.016,0.013953218190396792,0.17667237133590366,0.1755431482713921,31.593170139756026,39,9,0,False
8.5,2,0.8,1.05,0.9498574928092319,194.3251838045797,0.016,0.013949839487334872,0.18632812614907115,0.18043005894851996,30.862721471183786,39,9,0,False
8.5,2,0.8,1.05,0.8027475671716768,190.94769857327807,0.016,0.013924429641745908,0.13720186552417094,0.15128735167511212,35.364292712177786,39,9,0,True
8.5,2,0.8,1.05,0.904271356558426,188.68668643748555,0.016,0.013953194640589075,0.17048820826613678,0.17231995978036574,32.094156720835514,39,9,0,True
8.5,2,0.8,1.05,0.9387490712637196,192.44665221461005,0.016,0.013951658153470698,0.1824192023093944,0.17846725726801974,31.151217205947464,39,9,0,False
8.5,2,0.8,1.05,0.9495954175100468,194.27999051563538,0.016,0.013949873872932879,0.1862361935810783,0.18038407747827126,30.869391049372357,39,9,0,False
8.5,2,0.8,1.05,1.0309265070374114,208.14136789166804,0.016,0.013913403105683085,0.21590758509790603,0.19454875762320892,28.94673835986176,39,9,0,False
8.5,2,0.8,1.05,0.9191728720655934,189.15756464110856,0.016,0.013953291639034006,0.17560688891266332,0.1749900053375068,31.67752455577825,39,9,0,False
8.5,2,0.8,1.05,0.9198355729070862,189.26512253597124,0.016,0.013953227038393929,0.17583747526905175,0.17510995082000935,31.659177044790457,39,9,0,False
8.5,2,0.8,1.05,0.9456504835574531,193.614450137092,0.016,0.013950608207732187,0.1848439569334984,0.1796861053184693,30.971149942751758,39,9,0,False
8.5,2,0.8,1.05,0.9251733745915295,190.15462688446368,0.016,0.01395304653608471,0.17768288330550472,0.17606714196922785,31.513862573367643,39,9,0,False
8.5,2,0.8,1.05,0.9565785250887728,195.45224222958558,0.016,0.013948294490114086,0.1887133479966511,0.18162274749174223,30.69117654805167,39,9,0,False
8.5,2,0.8,1.05,0.8708253961555199,189.20869818329086,0.016,0.01394862860805984,0.15922314013175615,0.1655388261601707,33.082583655619636,39,9,0,True
8.5,2,0.8,1.05,0.9923819358654079,201.53287350246026,0.016,0.01393576615214937,0.20161838360518206,0.18789674622857258,29.818043982128287,39,9,0,False
8.5,2,0.8,1.05,0.9250645850508884,190.13807400231642,0.016,0.013953079397025139,0.17764414721097793,0.1760469896236366,31.516901940955552,39,9,0,False
8.5,2,0.8,1.05,0.9300310258592928,190.97381223281195,0.016,0.013952712872615963,0.17937018528040552,0.17692826184311247,31.38300205214539,39,9,0,False
8.5,2,0.8,1.05,0.9497014324262935,194.29826840238883,0.016,0.013949859925450522,0.18627337796232724,0.1804026763688371,30.866692788277938,39,9,0,False
8.5,2,0.8,1.05,0.9158016898019501,188.6011815673343,0.016,0.013953425809494283,0.1744416992815211,0.17438377979764358,31.770733188624217,39,9,0,False
8.5,2,0.8,1.05,0.862807856618913,189.36599835732542,0.016,0.013946825613505881,0.15656383195275844,0.16387178371721436,33.33177879793115,39,9,0,True
8.5,2,0.8,1.05,0.8975741232351995,188.77551510791895,0.016,0.0139526808900383,0.16821036899453706,0.1710696254651788,32.28576228507978,39,9,0,True
8.5,2,0.8,1.05,0.95425852027978,195.06248078278625,0.016,0.013948839313055659,0.18788936503688913,0.18121124641109662,30.750048613257054,39,9,0,False
8.5,2,0.8,1.05,0.9729983756907701,198.24071358471753,0.016,0.013943612739328972,0.1945837545574576,0.1845071988296856,30.282969379259594,39,9,0,False
8.5,2,0.8,1.05,0.9229378780993103,189.78285470855283,0.016,0.013953151305104113,0.176908703549129,0.17566586175775553,31.574544983442912,39,9,0,False
8.5,2,0.8,1.05,0.9289131369867023,190.78270608190272,0.016,0.01395278316338393,0.1789820218292227,0.1767319612541556,31.41292952791231,39,9,0,False
8.5,2,0.8,1.05,0.946108922936237,193.69249756919334,0.016,0.013950538876511159,0.1850050789046366,0.1797669140743898,30.959318598690153,39,9,0,False
8.5,2,0.8,1.05,0.9332389970941606,191.5146743700275,0.016,0.013952345670348976,0.18049085738608509,0.1774947915935803,31.297094536716582,39,9,0,False
8.5,2,0.8,1.05,0.8350847538666271,189.9875110025248,0.016,0.013938184475899743,0.14750846081978244,0.1580826876444655,34.231378451568055,39,9,0,True
8.5,2,0.8,1.05,0.8385530341681823,189.90531600280818,0.016,0.013939499544135597,0.14862805440070248,0.15880697359029797,34.11564315414859,39,9,0,True
8.5,2,0.8,1.05,0.9603864422129526,196.09517932993603,0.016,0.013947400387300387,0.19006622933983774,0.18229711568142437,30.595402914157095,39,9,0,False
8.5,2,0.8,1.05,0.9207065622125643,189.4106393846888,0.016,0.013953213045883116,0.1761378945550008,0.17526593301737337,31.63536348315498,39,9,0,False
8.5,2,0.8,1.05,0.9500669987044685,194.36132604337774,0.016,0.013949812071182632,0.18640164411707086,0.1804668267992617,30.857391341880945,39,9,0,False
8.5,2,0.8,1.05,0.93183365631487,191.2757248225829,0.016,0.013952476634722646,0.18000098769755188,0.17724737543953725,31.334527811814148,39,9,0,False
8.5,2,0.8,1.05,0.8996488630300711,188.75139880404888,0.016,0.013952920080531872,0.1689127324463038,0.1714941876966401,32.22628361004633,39,9,0,True
8.5,2,0.8,1.05,0.9467884813816956,193.80809638845582,0.016,0.013950432661463856,0.18524406712432517,0.17988674551482448,30.941798103558586,39,9,0,False
8.5,2,0.8,1.05,0.9140260246709528,188.55849388330174,0.016,0.013953409494078283,0.17383154635183753,0.17406611418407933,31.81989574267402,39,9,0,True
8.5,2,0.8,1.05,0.918792086169502,189.09671064549985,0.016,0.013953344803368618,0.17547380836963478,0.17492071012265026,31.68813847881792,39,9,0,False
8.5,2,0.8,1.05,0.9179130327252355,188.95032878710649,0.016,0.013953359969249199,0.17517067221469929,0.17476313500397983,31.7123128872978,39,10,0,False
8.5,2,0.8,1.05,0.9351340638433573,191.83424163318094,0.016,0.013952107878839307,0.18115395026848868,0.17782955738612097,31.24665252596244,39,10,0,False
8.5,2,0.8,1.05,0.9034612292414061,188.6924427639145,0.016,0.013953079730185005,0.17021442541505127,0.17217681422046702,32.11694724890368,39,10,0,True
8.5,2,0.8,1.05,0.9055093431115401,188.66632034394792,0.016,0.013953201193559207,0.1709128891416352,0.1725423728068857,32.05883935100443,39,10,0,True
8.5,2,0.8,1.05,0.9173696407134776,188.86305198391997,0.016,0.013953424884462636,0.17498122247003578,0.1746644439784434,31.727481022749444,39,10,0,False
8.5,2,0.8,1.05,0.9217806638353827,189.59358617132347,0.016,0.013953253095248714,0.17650625688721816,0.17545690346042517,31.6062793669179,39,10,0,False
8.5,2,0.8,1.05,0.8931053259856587,188.84620921998564,0.016,0.013952324736716148,0.16669296711042422,0.17014202345917442,32.41568522061091,39,10,0,True
8.5,2,0.8,1.05,0.9254936630296576,190.20553347915265,0.016,0.013952987958864895,0.17779548675249762,0.1761256002875291,31.505050752037043,39,10,0,False
8.5,2,0.8,1.05,0.982317988996779,199.82321023829851,0.016,0.013940155124555728,0.1979518477738521,0.18613940803735135,30.05720063168351,39,10,0,False
8.5,2,0.8,1.05,0.9073774909100567,188.64135334270455,0.016,0.013953271160770742,0.1715517591734253,0.17287648263364727,32.00599809232892,39,10,0,True
8.5,2,0.8,1.05,0.99331864849939,201.69519252028036,0.016,0.013935371026928262,0.20195912489495904,0.1880586085649181,29.796181738151745,39,10,0,False
8.5,2,0.8,1.05,0.9286478847903145,190.73602371985083,0.016,0.01395277523162961,0.17889087408718504,0.1766859240175304,31.419960303489585,39,10,0,False
8.5,2,0.8,1.05,0.9409562957619233,192.82277273926218,0.016,0.013951392523026693,0.18319170608050056,0.17885589728455933,31.093470227695985,39,10,0,False
8.5,2,0.8,1.05,0.9289021569533251,190.78044413634925,0.016,0.01395277698136669,0.1789784723805535,0.17673018695234538,31.41320041306376,39,10,0,False
8.5,2,0.8,1.05,0.8781634625476445,189.08131509925855,0.016,0.013950115334439744,0.1616686740024005,0.16705692145517695,32.85904298883219,39,10,0,True
8.5,2,0.8,1.05,0.9373571444762419,192.21401584161939,0.016,0.013951894189434107,0.18192950496717844,0.17822040920188867,31.188058470210514,39,10,0,False
8.5,2,0.8,1.05,0.8862712410964723,188.9509468562135,0.016,0.013951467100261052,0.16438701873635944,0.16872884381594702,32.61658935533568,39,10,0,True
8.5,2,0.8,1.05,0.9503237974600897,194.40015367581756,0.016,0.013949683199420871,0.1864955274544729,0.18051408799800045,30.850543960448434,39,10,0,False
8.5,2,0.8,1.05,0.9288642610170921,190.7722191313396,0.016,0.013952748196339206,0.1789665043626097,0.17672422887618577,31.414110090783925,39,10,0,False
8.5,2,0.8,1.05,0.913910702949257,188.5584479002018,0.016,0.013953389088625328,0.17379264995988958,0.17404591103525785,31.823029936586472,39,10,0,True
8.5,2,0.8,1.05,0.8397767143886783,189.87125969127672,0.016,0.013939876207039814,0.1490265406681962,0.15906470953396054,34.07473463812637,39,10,0,True
8.5,2,0.8,1.05,0.9113529694560852,188.59329639747574,0.016,0.013953410840769091,0.17291246260306373,0.17358690519236974,31.89448101709097,39,10,0,True
8.5,2,0.8,1.05,0.9282528957866331,190.66995390585348,0.016,0.013952824089063882,0.1787528271764553,0.17661599453904947,31.43064867288972,39,10,0,False
8.5,2,0.8,1.05,0.9353238897734122,191.87159690634874,0.016,0.013952177429488177,0.18121674423205036,0.17786094315816275,31.241935510815207,39,10,0,False
8.5,2,0.8,1.05,0.8903814957291938,188.88393068717235,0.016,0.013951965870433276,0.16577401385264995,0.16957956808027488,32.495212354315925,39,10,0,True
8.5,2,0.8,1.05,0.9307699526880122,191.0966902061969,0.016,0.01395260218995627,0.1796292798100362,0.17705941912222561,31.3630524393594,39,10,0,False
8.5,2,0.8,1.05,0.9220291173567533,189.63242592408088,0.016,0.013953199863379263,0.17659384587452634,0.1755024908165932,31.599348103366065,39,10,0,False
8.5,2,0.8,1.05,0.8685604134814928,189.25431251045464,0.016,0.013948180905920532,0.15846904608552245,0.165066669810849,33.152609360494324,39,10,0,True
8.5,2,0.8,1.05,1.0257644023403234,207.25361408390006,0.016,0.013916892108556974,0.21397232296706395,0.1936619667819912,29.059428758474166,39,10,0,False
8.5,2,0.8,1.05,0.9389191420375984,192.47528920412105,0.016,0.013951632491524686,0.18247893678570615,0.17849734567398107,31.14673528031416,39,10,0,False
8.5,2,0.8,1.05,0.9228383662301507,189.76603297069633,0.016,0.013953150609465455,0.17687445200933763,0.17564811261590813,31.577236923589233,39,10,0,False
8.5,2,0.8,1.05,0.8885378656780316,188.91696979022868,0.016,0.013951797791974961,0.16514971197187195,0.16919671256147822,32.54967261656189,39,10,0,True
8.5,2,0.8,1.05,0.9154548302266566,188.542779104248,0.016,0.013953416079552458,0.17432274109116205,0.17432189232918296,31.780293625833,39,10,0,False
8.5,2,0.8,1.05,0.9605965500594308,196.1300338742176,0.016,0.013947338421698046,0.19014140736733698,0.18233458666952704,30.590106788596092,39,10,0,False
8.5,2,0.8,1.05,0.8939372581990914,188.82850186452214,0.016,0.013952338518313045,0.16697721395585596,0.17031614092385952,32.39118131334689,39,10,0,True
8.5,2,0.8,1.05,1.0625028017286264,213.7578355056799,0.016,0.013887526771770008,0.22794492903672095,0.1997474330739249,28.27897617727209,39,10,0,False
8.5,2,0.8,1.05,0.9275719400065171,190.55750924798392,0.016,0.013952932651290618,0.17851392155199758,0.17649485969919604,31.449188649369564,39,10,0,False
8.5,2,0.8,1.05,0.913128912007268,188.56612003390416,0.016,0.013953359156998205,0.1735249324043402,0.17390648346617824,31.844684479893807,39,10,0,True
8.5,2,0.8,1.05,0.9344030205430441,191.71594086857627,0.016,0.01395228940133523,0.18089463862644034,0.1776984036485277,31.266386314861077,39,10,0,False
8.5,2,0.8,1.05,0.9260443513073998,190.2945590118222,0.016,0.013952912701904114,0.17798813396020208,0.17622550863495728,31.49000751082038,39,10,0,False
8.5,2,0.8,1.05,0.963856519247944,196.67870808361377,0.016,0.013946436068555236,0.19130555049789,0.18291133853572705,30.50855082597592,39,10,0,False
8.5,2,0.8,1.05,0.9011377376329843,188.72620707026763,0.016,0.013952964282808893,0.1694216143519653,0.17176128427437426,32.18337340147476,39,10,0,True
8.5,2,0.8,1.05,0.8870906233785492,188.9324128561242,0.016,0.013951504264566976,0.16466560495602314,0.16890007826378503,32.59205199694323,39,10,0,True
8.5,2,0.8,1.05,0.9901829598163993,201.1598794783298,0.016,0.013936811807656359,0.200813402286189,0.18751354119346145,29.869988804041647,39,10,0,False
8.5,2,0.8,1.05,0.9194213179078109,189.20282002188836,0.016,0.013953355440934848,0.17569000724759265,0.17503297692846143,31.670947822010444,39,10,0,False
8.5,2,0.8,1.05,0.9214665212302466,189.54275026542422,0.016,0.013953289362373531,0.17639669425874893,0.17539996493031787,31.614942737066386,39,10,0,False
8.5,2,0.8,1.05,0.9098795882794947,188.6122290207372,0.016,0.013953387241750322,0.17240698876714375,0.1733231056011701,31.935757854352303,39,10,0,True
8.5,2,0.8,1.05,0.9398397656495089,192.63540342249362,0.016,0.013951580496343203,0.1827988082430698,0.17865812617933058,31.12281747066134,39,10,0,False
8.5,2,0.8,1.05,0.8052052429630252,190.8613057128171,0.016,0.013925555709018277,0.13797667791932755,0.151804428253467,35.27462111560445,39,10,0,True
8.5,2,0.8,1.05,0.9739084486260955,198.39124808741394,0.016,0.013943225416030451,0.19491465191648236,0.1846681505448319,30.260486812287507,39,10,0,False
8.5,2,0.8,1.05,0.8703110065722651,189.2215365836469,0.016,0.013948564286731396,0.15905054821178374,0.16543069882283062,33.09858186711523,39,10,0,True
8.5,2,0.8,1.05,0.9126247716478445,188.57311781632546,0.016,0.013953365952066272,0.1733513236495719,0.1738159528960829,31.858767865871357,39,10,0,True
8.5,2,0.8,1.05,0.9074649250158381,188.64107259479746,0.016,0.013953286156008179,0.17158123279937507,0.1728918527312303,32.00357334396586,39,10,0,True
8.5,2,0.8,1.05,0.8946076782723213,188.81994278044684,0.016,0.013952425200333088,0.16720360008370413,0.1704545073371908,32.37174727038176,39,10,0,True
8.5,2,0.8,1.05,0.9926181428243391,201.5809147118107,0.016,0.01393578586271189,0.20169914475417422,0.18793468206433117,29.812915921600045,39,10,0,False
8.5,2,0.8,1.05,0.9470222481957444,193.84783820497947,0.016,0.013950395204037402,0.18532631929802842,0.17992797925108858,30.935776018675885,39,10,0,False
8.5,2,0.8,1.05,0.9683803273836376,197.44844098809546,0.016,0.013945033594837343,0.19292769464100093,0.183702165039361,30.39615500359126,39,10,0,False
8.5,2,0.8,1.05,0.9282651936336973,190.67225460187544,0.016,0.013952826911867906,0.17875695825483742,0.17661807400264343,31.430330684313997,39,10,0,False
8.5,2,0.8,1.05,0.8857748983728655,188.959911869125,0.016,0.013951411026162396,0.16421948638946826,0.16862593841830317,32.631361374223495,39,11,0,True
8.5,2,0.8,1.05,0.9087051097128721,188.62270556999437,0.016,0.013953293784881164,0.17200693439517595,0.17311438489807102,31.968527213449427,39,11,0,True
8.5,2,0.8,1.05,0.8968191035522546,188.78549961350677,0.016,0.013952603228682808,0.16795451177086942,0.17091344266148603,32.30753126010953,39,11,0,True
8.5,2,0.8,1.05,0.9178216820067678,188.9347673680312,0.016,0.013953355114523964,0.1751394162629535,0.17474690284915761,31.714806204338846,39,11,0,False
8.5,2,0.8,1.05,0.8974531826723979,188.776775313762,0.016,0.013952664019105446,0.1681695431382082,0.17104472364031184,32.28923026465233,39,11,0,True
8.5,2,0.8,1.05,0.8923757739710917,188.85672424686499,0.016,0.013952239326037166,0.16644638859314384,0.16999115313808114,32.43696136428392,39,11,0,True
8.5,2,0.8,1.05,0.8686624793296794,189.25307586037889,0.016,0.013948213151387267,0.1585026021193035,0.16508765549894758,33.149487752767655,39,11,0,True
8.5,2,0.8,1.05,0.8754157524832951,189.13007264029335,0.016,0.013949617110693415,0.16075028878731293,0.16649046131194117,32.9423908295007,39,11,0,True
8.5,2,0.8,1.05,0.9150217651200292,188.54685865343274,0.016,0.01395341494610428,0.1741738153170633,0.1742443627645952,31.792282326490017,39,11,0,True
8.5,2,0.8,1.05,0.8975896256329826,188.77535876713756,0.016,0.013952683117267035,0.16821559986452456,0.1710728157017326,32.285318071958514,39,11,0,True
8.5,2,0.8,1.05,0.9507671682788513,194.47643281223642,0.016,0.013949620264373243,0.18665126818284333,0.18059196142042977,30.839271015761604,39,11,0,False
8.5,2,0.8,1.05,0.9192062866942814,189.16294556958346,0.016,0.013953287673576788,0.17561854155051634,0.17499607005203485,31.676596119299216,39,11,0,False
8.5,2,0.8,1.05,0.8320264843676124,190.06704643348885,0.016,0.013937049295451313,0.1465216613879093,0.15744310869610736,34.334540268146675,39,11,0,True
8.5,2,0.8,1.05,0.9139660693659295,188.55846463599164,0.016,0.013953398819920783,0.17381132631617915,0.1740556120583551,31.821524866273986,39,11,0,True
8.5,2,0.8,1.05,0.8794313154843085,189.06376545040462,0.016,0.013950395987861498,0.16209092013026002,0.16731690893510143,32.82099483527483,39,11,0,True
8.5,2,0.8,1.05,0.9168428534198256,188.77120325310966,0.016,0.013953357385096659,0.17480249286050148,0.17457170465274285,31.741753736054555,39,11,0,False
8.5,2,0.8,1.05,0.9046906156149543,188.6765770698646,0.016,0.01395315352313926,0.17063361151928316,0.1723962554933595,32.082028786538245,39,11,0,True
8.5,2,0.8,1.05,0.8588539670763145,189.445849603367,0.016,0.013945802279818401,0.15525957859336037,0.16305105572008818,33.45637301042855,39,11,0,True
8.5,2,0.8,1.05,0.9049985886126681,188.67460890031438,0.016,0.013953198194437627,0.1707376758792532,0.17245063069544336,32.07339349086599,39,11,0,True
8.5,2,0.8,1.05,0.9109966294870259,188.59406949799455,0.016,0.013953353713686669,0.17279211226194222,0.17352427162656642,31.90426721738085,39,11,0,True
8.5,2,0.8,1.05,0.8438870998496819,189.76778738899552,0.016,0.013941207775078655,0.15036379504908354,0.15992814497755756,33.938727702793635,39,11,0,True
8.5,2,0.8,1.05,0.8981478036428076,188.76751536871345,0.016,0.01395273154787204,0.1684051073251505,0.17118848197365938,32.2692245825596,39,11,0,True
8.5,2,0.8,1.05,0.9228503546214782,189.76806387706068,0.016,0.013953150772976106,0.17687857529807732,0.17565024910842086,31.576912855009127,39,11,0,False
8.5,2,0.8,1.05,0.912898305529101,188.57362563147043,0.016,0.013953422243315921,0.17344328374496104,0.17386372913882023,31.851333290689503,39,11,0,True
8.5,2,0.8,1.05,0.9404160907528841,192.73377436375597,0.016,0.013951513252489655,0.18300045289163094,0.17875954944734962,31.107757195599554,39,11,0,False
8.5,2,0.8,1.05,0.9326195911543287,191.41326629485295,0.016,0.0139524736994215,0.180272216638092,0.17738416836062915,31.313815351433227,39,11,0,False
8.5,2,0.8,1.05,0.8862462971555906,188.95058481790286,0.016,0.013951453085957213,0.16437899608182838,0.16872395278575206,32.61729101793413,39,11,0,True
8.5,2,0.8,1.05,0.9164365994967488,188.70701405038818,0.016,0.013953423082773754,0.17466023875129347,0.17449750428049565,31.753186782202874,39,11,0,False
8.5,2,0.8,1.05,0.9180752664057052,188.97794921054123,0.016,0.013953368213084015,0.17522619602234332,0.17479196915751122,31.707885268455932,39,11,0,False
8.5,2,0.8,1.05,0.9131065344662401,188.56616887615814,0.016,0.013953355870105122,0.17351736076693575,0.17390254661497864,31.845296538136413,39,11,0,True
8.5,2,0.8,1.05,0.9159889828979473,188.6274830791015,0.016,0.013953337301305782,0.17450945856245062,0.17441931380758405,31.765247651870517,39,11,0,False
8.5,2,0.8,1.05,0.8681771231288358,189.25887029722,0.016,0.013948057999094477,0.15834310573882984,0.16498790281388437,33.16433357628769,39,11,0,True
8.5,2,0.8,1.05,0.9105955580442202,188.60216222003183,0.016,0.013953388544099858,0.1726529758799434,0.17345154173229216,31.915641928307554,39,11,0,True
8.5,2,0.8,1.05,0.8147736035737494,190.55667752566973,0.016,0.013929956975690161,0.1410025771447957,0.153815330836118,34.93176515639901,39,11,0,True
8.5,2,0.8,1.05,0.9530315074682274,194.8599313261275,0.016,0.013949179230979287,0.1874515536515562,0.18099218876044043,30.78152293128691,39,11,0,False
8.5,2,0.8,1.05,0.8117727734014089,190.65373157549467,0.016,0.013928668234495008,0.14004915371510998,0.15318255515516302,35.0385965307019,39,11,0,True
8.5,2,0.8,1.05,0.9085549887152828,188.62445322161295,0.016,0.013953286728847266,0.17195561303910348,0.17308758287233522,31.972742274573402,39,11,0,True
8.5,2,0.8,1.05,0.9086661268554721,188.62315716952955,0.016,0.013953291961754422,0.17199361011358022,0.17310742688842104,31.969621319437394,39,11,0,True
8.5,2,0.8,1.05,0.8892795861454438,188.9045856132978,0.016,0.01395188080518072,0.16540029143705853,0.16935037950555462,32.527781843696346,39,11,0,True
8.5,2,0.8,1.05,0.924150108234089,189.98460618278276,0.016,0.013953100013563615,0.17732826678596994,0.1758833825210418,31.54160878517776,39,11,0,False
8.5,2,0.8,1.05,0.947570840417624,193.93568382962806,0.016,0.0139502120753534,0.18552314876543846,0.18002694264883679,30.921336585459002,39,11,0,False
8.5,2,0.8,1.05,0.9169288780567244,188.78480854481435,0.016,0.013953343621381368,0.17483261171687817,0.1745874121097644,31.739335018071667,39,11,0,False
8.5,2,0.8,1.05,0.8766342792202771,189.1054466023063,0.016,0.013949803059242037,0.16115869152439366,0.16674258216175605,32.90521799743739,39,11,0,True
8.5,2,0.8,1.05,0.9514703884781769,194.59610916284885,0.016,0.013949495848195161,0.18689928091053162,0.18071601118280298,30.821338353386224,39,11,0,False
8.5,2,0.8,1.05,0.9069641662376076,188.64986447081844,0.016,0.013953299154283524,0.17140878296854556,0.1728016125604356,32.01781708407722,39,11,0,True
8.5,2,0.8,1.05,0.9064770223700213,188.65447333842997,0.016,0.013953255461598946,0.17124311822537344,0.1727150643902452,32.03149547373253,39,11,0,True
8.5,2,0.8,1.05,0.8921798420121759,188.8601270831164,0.016,0.013952223945058108,0.16637992336544763,0.16995045219511637,32.44270811419374,39,11,0,True
8.5,2,0.8,1.05,0.8621985515600761,189.37224884423387,0.016,0.0139465913754013,0.15636529065705784,0.16374731759072636,33.35060544617772,39,11,0,True
8.5,2,0.8,1.05,0.8250177214395941,190.2544763619634,0.016,0.013934267489465899,0.1442710172797092,0.1559772981958713,34.573840650740365,39,11,0,True
8.5,2,0.8,1.05,0.9592449385549203,195.90260686687466,0.016,0.013947678418062683,0.18966021929431637,0.1820948646512105,30.62403512597903,39,11,0,False
8.5,2,0.8,1.05,0.866959348040858,189.28479219349677,0.016,0.01394781851365362,0.15793790604485428,0.16473389420870269,33.20222472992563,39,11,0,True
8.5,2,0.8,1.05,0.9096919872638367,188.6120471712782,0.016,0.013953347222665382,0.1723440134496106,0.17329033478916042,31.940896414930204,39,11,0,True
8.5,2,0.8,1.05,0.8866193348355244,188.9392471536014,0.016,0.013951430540004974,0.16450721892403447,0.1688029032274932,32.60597025027416,39,11,0,True
8.5,2,0.8,1.05,0.881047355043342,189.030432674005,0.016,0.013950585984417754,0.16263521941716505,0.16765230844915305,32.7721001691826,39,11,0,True
8.5,2,0.8,1.05,0.9685080261960023,197.4706859684721,0.016,0.013945001449927528,0.19297318600494917,0.1837242854621005,30.393028459889855,39,11,0,False
8.5,2,0.8,1.05,0.8941697257405473,188.82402406390966,0.016,0.013952348023673627,0.16705644964668945,0.17036464405327253,32.3843650009124,39,11,0,True
8.5,2,0.8,1.05,0.8816959436438869,189.026441969253,0.016,0.0139507868892154,0.1628493640485565,0.1677837859621865,32.75299134720773,39,11,0,True
8.5,2,0.8,1.05,0.9111428826228288,188.59673125924584,0.016,0.01395341858378887,0.1728399655721727,0.17354905051764927,31.900394584233744,39,11,0,True
8.5,2,0.8,1.05,0.8839153514559399,188.98378195860434,0.016,0.013951051444671179,0.16359732008483094,0.1682440033219958,32.68635943435408,39,12,0,True
8.5,2,0.8,1.05,0.8971895067145391,188.77977177345502,0.016,0.01395263033611166,0.16808042557352532,0.17099034966160354,32.29680649938492,39,12,0,True
8.5,2,0.8,1.05,0.9071972437002057,188.64194846929487,0.016,0.013953240147742877,0.17149098348127262,0.17284478507125967,32.01100031518987,39,12,0,True
8.5,2,0.8,1.05,0.9095360091937456,188.61196632061632,0.016,0.013953314742217938,0.17229162532389292,0.17326306806687053,31.94517375819023,39,12,0,True
8.5,2,0.8,1.05,0.9099347982017545,188.6083524818062,0.016,0.013953344475789864,0.17242754797940552,0.17333397062521852,31.934054719005164,39,12,0,True
8.5,2,0.8,1.05,0.9013500973640755,188.72476524235196,0.016,0.013952999150759747,0.16949316845116352,0.1717987393014406,32.177369423338085,39,12,0,True
8.5,2,0.8,1.05,0.8825977359044793,189.00642484717773,0.016,0.013950861405369632,0.16315437626521345,0.1679716346062544,32.72574602469579,39,12,0,True
8.5,2,0.8,1.05,0.8778331818358681,189.08941026866623,0.016,0.013950089123927362,0.16155707132006153,0.16698802587117356,32.86914722283945,39,12,0,True
8.5,2,0.8,1.05,0.8792884078321004,189.0640601561579,0.016,0.01395034163849175,0.16204411234144336,0.16728816956772358,32.8251943980234,39,12,0,True
8.5,2,0.8,1.05,0.9169925540548217,188.79488074110137,0.016,0.013953333439873856,0.1748549060579103,0.1745990384357633,31.737545080784848,39,12,0,False
8.5,2,0.8,1.05,0.8592055591989906,189.43728689785894,0.016,0.013945877528243906,0.15537600827574571,0.16312490908914448,33.44517691535315,39,12,0,True
8.5,2,0.8,1.05,0.8967827619700994,188.78633004769023,0.016,0.013952604236537335,0.16794202583149664,0.17090580321802332,32.3085971565411,39,12,0,True
8.5,2,0.8,1.05,0.8397359589497462,189.8712774827951,0.016,0.013939848569563673,0.14901376000415822,0.15905648929499697,34.07603715810784,39,12,0,True
8.5,2,0.8,1.05,0.9031477121684854,188.69599522465654,0.016,0.01395305240001955,0.17010785349482546,0.17212102442885296,32.12584247596128,39,12,0,True
8.5,2,0.8,1.05,0.9332324656649287,191.51349642708783,0.016,0.013952345108364999,0.1804886259671739,0.17749366876249625,31.297264123000094,39,12,0,False
8.5,2,0.8,1.05,0.8917653316269525,188.86624074243142,0.016,0.013952174983908076,0.16623984717851037,0.16986470771844772,32.45482450570749,39,12,0,True
8.5,2,0.8,1.05,0.9219960614412334,189.6266982129665,0.016,0.013953197018290084,0.17658256922620189,0.1754966524101188,31.600235547793712,39,12,0,False
8.5,2,0.8,1.05,0.8475944844637692,189.6887182912644,0.016,0.013942500640675655,0.15156866182653825,0.16070417570479464,33.81783568724223,39,12,0,True
8.5,2,0.8,1.05,0.8985481371902417,188.76117745272649,0.016,0.013952755096622322,0.16854144692016887,0.17127171182859594,32.25765869511563,39,12,0,True
8.5,2,0.8,1.05,0.9109583732504518,188.59434976977138,0.016,0.013953350264934125,0.1727790920679964,0.17351748655232713,31.905327879658632,39,12,0,True
8.5,2,0.8,1.05,0.8768317575540531,189.10182931532952,0.016,0.013949837387786037,0.1612247477506499,0.166783331670809,32.899221375249425,39,12,0,True
8.5,2,0.8,1.05,0.9120888680883814,188.58303519025932,0.016,0.013953405945968103,0.17316561197954972,0.17371898575935177,31.873872740808398,39,12,0,True
8.5,2,0.8,1.05,0.8993407091876386,188.75291492253135,0.016,0.013952857808816862,0.16880936569726043,0.17143364232482436,32.234999950188225,39,12,0,True
8.5,2,0.8,1.05,0.8983621444788003,188.76404691738455,0.016,0.013952743253098122,0.16847813544263354,0.1712330681261128,32.26302724171593,39,12,0,True
8.5,2,0.8,1.05,0.9424651822613477,193.0769658479695,0.016,0.013951146594280343,0.18372244615122227,0.179122815704763,31.053989830270652,39,12,0,False
8.5,2,0.8,1.05,0.8917326451590822,188.8666658049967,0.016,0.013952170296583783,0.16622883324659904,0.1698579677973122,32.455777471957035,39,12,0,True
8.5,2,0.8,1.05,0.9143315312186886,188.558801004485,0.016,0.013953465670026621,0.17393451094245185,0.17411958148258738,31.81160549603648,39,12,0,True
8.5,2,0.8,1.05,0.9309362304551989,191.12417427093496,0.016,0.013952573995012587,0.17968771425109084,0.1770890017260024,31.35855790204827,39,12,0,False
8.5,2,0.8,1.05,0.8547154696153094,189.5296243113545,0.016,0.013944616664785027,0.15390023817107412,0.1621886332511477,33.58793257979719,39,12,0,True
8.5,2,0.8,1.05,0.8956582819070278,188.8104389994805,0.016,0.01395260895524256,0.16755670820940688,0.17067005881765052,32.34154007283513,39,12,0,True
8.5,2,0.8,1.05,0.911942246009547,188.58504136696874,0.016,0.013953406692521469,0.17311518022405517,0.1736926783027143,31.87797434237355,39,12,0,True
8.5,2,0.8,1.05,0.8906386039393968,188.8770776429579,0.016,0.013951956378815487,0.16586228176583376,0.16963377424397166,32.48752315981202,39,12,0,True
8.5,2,0.8,1.05,0.9092139482319387,188.6189533874416,0.016,0.013953346344653459,0.17217979854014318,0.173204554770658,31.954358413705666,39,12,0,True
8.5,2,0.8,1.05,0.8042138951804125,190.89386714230523,0.016,0.013925075622111526,0.1376647915303901,0.1515966553439627,35.31061140363209,39,12,0,True
8.5,2,0.8,1.05,0.9222017444004996,189.66229539897117,0.016,0.013953213887012863,0.17665276810741085,0.1755329981495296,31.594712136492483,39,12,0,False
8.5,2,0.8,1.05,0.7809493030803965,191.7768930373093,0.016,0.013913376493290986,0.1304102300637811,0.14625346753986226,36.184759616849384,39,12,0,True
8.5,2,0.8,1.05,0.8993699293917145,188.75275873802855,0.016,0.01395286356949856,0.16881917227987703,0.17143954595218933,32.23417258427752,39,12,0,True
8.5,2,0.8,1.05,0.910071327116284,188.61072691367488,0.016,0.013953404487197965,0.17247223326901046,0.17335712595222236,31.930425914810233,39,12,0,True
8.5,2,0.8,1.05,0.9105334711888594,188.60204224531694,0.016,0.013953374805901366,0.1726321503982065,0.1734407112819528,31.91733678730229,39,12,0,True
8.5,2,0.8,1.05,0.9086027274317638,188.62390171586725,0.016,0.013953289114444992,0.1719719361502631,0.17309610793970973,31.97140139098339,39,12,0,True
8.5,2,0.8,1.05,0.8367241609153311,189.94574270607737,0.016,0.013938777549361776,0.14803848041740128,0.1584258242269018,34.17640471996025,39,12,0,True
8.5,2,0.8,1.05,0.9082472414583289,188.63359601218608,0.016,0.01395334916962344,0.17184759976652061,0.17303093929486751,31.981655753496174,39,12,0,True
8.5,2,0.8,1.05,0.943910122564128,193.32305894072326,0.016,0.013950947923259214,0.18422933399309338,0.17937739108145082,31.01647094432658,39,12,0,False
8.5,2,0.8,1.05,0.8751644907205085,189.13532536308605,0.016,0.01394957989555714,0.16066605593883854,0.16643843661730123,32.950076673273855,39,12,0,True
8.5,2,0.8,1.05,0.9007636718408923,188.72901825586132,0.016,0.013952905876524094,0.16929547134531814,0.1716952344800283,32.19396905022311,39,12,0,True
8.5,2,0.8,1.05,0.9071839881593536,188.64199741819195,0.016,0.013953237942007889,0.17148651276371019,0.17284245312970928,32.01136841128535,39,12,0,True
8.5,2,0.8,1.05,0.9066975496478249,188.65106673164829,0.016,0.013953257156441768,0.17131878118448915,0.17275465025173153,32.02523706228818,39,12,0,True
8.5,2,0.8,1.05,0.8510287681046228,189.61435937276644,0.016,0.013943598453862487,0.15268979744563263,0.16141892020093698,33.70663735994785,39,12,0,True
8.5,2,0.8,1.05,0.9438655677346695,193.31538213443574,0.016,0.013950952650130405,0.184213758227518,0.17936957633835302,31.01762070274582,39,12,0,False
8.5,2,0.8,1.05,0.806265872021364,190.825029418612,0.016,0.013926041891976723,0.13831137619777545,0.1520273509374392,35.236126020421935,39,12,0,True
8.5,2,0.8,1.05,0.9760209696969327,198.75419763539958,0.016,0.013942540988982908,0.19567383336654365,0.1850363312826672,30.209239555738105,39,12,0,False
8.5,2,0.8,1.05,0.9100812521618613,188.61064855832262,0.016,0.013953405364844384,0.17247561117992655,0.17335888723401832,31.9301499434967,39,12,0,True
8.5,2,0.8,1.05,0.9131183984519925,188.56614278873977,0.016,0.013953357610483776,0.1735213751315623,0.17390463388583757,31.84497202798711,39,12,0,True
8.5,2,0.8,1.05,0.9393717194068308,192.55178682660193,0.016,0.013951568569476063,0.18263768780922676,0.17857727631557455,31.13483805188008,39,12,0,False
8.5,2,0.8,1.05,0.8927779273463052,188.8507022023734,0.016,0.013952283736686576,0.16658240143805111,0.1700743899463236,32.4252180389498,39,12,0,True
8.5,2,0.8,1.05,0.9066014379477101,188.65153041509984,0.016,0.013953242296877189,0.17128632483055,0.1727377118847907,32.02791453257943,39,12,0,True
8.5,2,0.8,1.05,0.9174324333070184,188.87376705431018,0.016,0.013953428680458036,0.17500268786404163,0.17467559327004556,31.725766391968378,39,12,0,False
8.5,2,0.8,1.05,0.9019450325816124,188.71426264493348,0.016,0.01395300563956297,0.169696981237935,0.17190566978267946,32.16024663100499,39,12,0,True
8.5,2,0.8,1.05,0.9182389487410259,189.00515984366496,0.016,0.013953364706417113,0.17528266322369132,0.17482132711738974,31.703379069724168,39,13,0,False
8.5,2,0.8,1.05,0.9095145671466008,188.61196020484886,0.016,0.013953310333533071,0.172284421609821,0.1732593183411434,31.945762110199308,39,13,0,True
8.5,2,0.8,1.05,0.9164585889432233,188.71048493280597,0.016,0.01395341948163822,0.17466793995499344,0.17450152184785114,31.752567433950674,39,13,0,False
8.5,2,0.8,1.05,0.9056473110527552,188.66954772732365,0.016,0.013953277635831794,0.17095745768957904,0.17256548315998027,32.055176121403974,39,13,0,True
8.5,2,0.8,1.05,0.9166058956820436,188.73254967171835,0.016,0.013953374112327466,0.17472032886056865,0.1745289147463669,31.748345483787322,39,13,0,False
8.5,2,0.8,1.05,0.91544483285889,188.54196244852542,0.016,0.013953415873208095,0.17431930974357177,0.1743201067705471,31.78056958533419,39,13,0,True
8.5,2,0.8,1.05,0.9455121302857843,193.59088467919554,0.016,0.013950628738373992,0.1847953487304674,0.1796617233183314,30.97472234050368,39,13,0,False
8.5,2,0.8,1.05,0.9085460229253768,188.62456073047028,0.016,0.013953286351086835,0.17195254700446444,0.17308598151505827,31.97299416582132,39,13,0,True
8.5,2,0.8,1.05,0.8959960806666104,188.79815500308015,0.016,0.013952538650487395,0.16767493754845347,0.17074263756237437,32.33138746801,39,13,0,True
8.5,2,0.8,1.05,0.9151495374804486,188.54603113963907,0.016,0.013953424392091364,0.17421741195504073,0.17426703305357624,31.78877536525921,39,13,0,True
8.5,2,0.8,1.05,0.9006801822383792,188.72969523168524,0.016,0.013952893395639177,0.16926729783898042,0.17168047892965907,32.19633751500595,39,13,0,True
8.5,2,0.8,1.05,0.9131241890582522,188.5661302137363,0.016,0.013953358461773415,0.1735233344071791,0.1739056526011247,31.844813650777848,39,13,0,True
8.5,2,0.8,1.05,0.9097898389140201,188.61213050402782,0.016,0.01395336796659527,0.17237686565180677,0.1733074311261223,31.938215357415558,39,13,0,True
8.5,2,0.8,1.05,0.9062519775534371,188.6602196987089,0.016,0.013953284872530832,0.17116476315568768,0.17267397277227892,32.03799571998375,39,13,0,True
8.5,2,0.8,1.05,0.9321714430875877,191.3375113640371,0.016,0.01395252306776258,0.18011571648018848,0.17730509516977067,31.325783324134424,39,13,0,False
8.5,2,0.8,1.05,0.8958162574142998,188.80170535942116,0.016,0.013952534791271056,0.16761348995737563,0.1707050513139982,32.336644020050265,39,13,0,True
8.5,2,0.8,1.05,0.912973783047292,188.57341791667832,0.016,0.013953432827417435,0.17346883981768801,0.1738770199329666,31.849265978726198,39,13,0,True
8.5,2,0.8,1.05,0.9060228523159799,188.65888695032265,0.016,0.013953214784224195,0.1710886669818687,0.1726343511040277,32.04426708518786,39,13,0,True
8.5,2,0.8,1.05,0.9205547895573156,189.38943986003466,0.016,0.01395328962988932,0.17608273174282896,0.17523706697782576,31.639766475551067,39,13,0,False
8.5,2,0.8,1.05,0.9107099117177754,188.60241182116434,0.016,0.013953414186071437,0.1726913220700372,0.173471481971273,31.912522164030516,39,13,0,True
8.5,2,0.8,1.05,0.9384742441050755,192.40432226467993,0.016,0.013951768797416234,0.1823200128798821,0.17841707088736664,31.158697082501348,39,13,0,False
8.5,2,0.8,1.05,0.9177442268870194,188.92156867293932,0.016,0.013953350889970852,0.17511291917268745,0.17473314175998048,31.716920405007837,39,13,0,False
8.5,2,0.8,1.05,0.9084534986936185,188.63036243023413,0.016,0.013953347591353743,0.17191850860965094,0.17306800918661114,31.975821585295726,39,13,0,True
8.5,2,0.8,1.05,0.9161626556081718,188.65692913764724,0.016,0.013953345481217789,0.1745689024844174,0.1744502208938376,31.760478640274744,39,13,0,False
8.5,2,0.8,1.05,0.8823213329312986,189.01261816514665,0.016,0.01395083993229651,0.16306082730050803,0.16791402575995545,32.73409449194843,39,13,0,True
8.5,2,0.8,1.05,0.9055531157001621,188.66512068450496,0.016,0.013953194586588922,0.1709281592047475,0.17255038723597557,32.057568842783866,39,13,0,True
8.5,2,0.8,1.05,0.9263868099846952,190.35614676743916,0.016,0.013952975199769341,0.17810378004003566,0.17628512695084675,31.48104073322465,39,13,0,False
8.5,2,0.8,1.05,0.8857238984211685,188.95983542915587,0.016,0.013951391373170694,0.16420276598895478,0.16861571123663555,32.63283054958195,39,13,0,True
8.5,2,0.8,1.05,0.89804849738466,188.76918202719017,0.016,0.013952726844209564,0.1683712478628957,0.17116780534293247,32.27209975240789,39,13,0,True
8.5,2,0.8,1.05,0.9110968293474953,188.59330298861073,0.016,0.013953362249545246,0.17282623337297476,0.17354205358043628,31.90148797963839,39,13,0,True
8.5,2,0.8,1.05,0.9098545372713652,188.6121993978756,0.016,0.013953381837693717,0.17239858160114496,0.17331873111486554,31.93644364720659,39,13,0,True
8.5,2,0.8,1.05,0.9369305297275685,192.13971541376148,0.016,0.01395191197097974,0.1817815652755961,0.17814596784068507,31.199193554065765,39,13,0,False
8.5,2,0.8,1.05,0.9148201676989983,188.54898282296176,0.016,0.013953411175562726,0.17410461412674433,0.17420834035365465,31.797857106460075,39,13,0,True
8.5,2,0.8,1.05,0.9703828170987454,197.791024650106,0.016,0.01394441363109615,0.19364590771129644,0.18405159744979932,30.346874694189736,39,13,0,False
8.5,2,0.8,1.05,0.8970796933925036,188.78108934063167,0.016,0.013952616958221626,0.16804326756028748,0.17096767155519918,32.299967903486085,39,13,0,True
8.5,2,0.8,1.05,1.0443500868441649,210.53907224828438,0.016,0.013903180508595547,0.22099111624813572,0.1967546558076074,28.657858342470107,39,13,0,False
8.5,2,0.8,1.05,0.899865076502916,188.75050338887033,0.016,0.01395296571675939,0.1689851915206098,0.17153211961024967,32.220179503858944,39,13,0,True
8.5,2,0.8,1.05,0.9121333652434498,188.58237377523255,0.016,0.013953404961095657,0.17318094569012815,0.17372698635052408,31.872625672282172,39,13,0,True
8.5,2,0.8,1.05,0.9211673098758281,189.49327067451165,0.016,0.013953304681414732,0.17629307571489805,0.17534616516158777,31.623134904914302,39,13,0,False
8.5,2,0.8,1.05,0.9042536356765174,188.68687761719468,0.016,0.01395319307947103,0.17048218404413948,0.1723168079480219,32.09465802278354,39,13,0,True
8.5,2,0.8,1.05,0.8595206635417868,189.4325636240409,0.016,0.013945984920769771,0.15547902819859488,0.1631899259345554,33.43529939173632,39,13,0,True
8.5,2,0.8,1.05,0.9080044825982577,188.6376651907365,0.016,0.013953354305975827,0.17176402515765213,0.17298723253109893,31.988538446140563,39,13,0,True
8.5,2,0.8,1.05,0.8919474592778326,188.86389986850548,0.016,0.013952201348106954,0.16630120911428756,0.1699022547204713,32.44951718208241,39,13,0,True
8.5,2,0.8,1.05,0.8909716604708054,188.8756706504918,0.016,0.01395204676506094,0.1659729559503376,0.16970139694773573,32.477938266110264,39,13,0,True
8.5,2,0.8,1.05,0.9073322937402326,188.64150254138758,0.016,0.013953263445227366,0.17153652224458776,0.17286853636003804,32.00725188705316,39,13,0,True
8.5,2,0.8,1.05,0.908526236086729,188.629237712585,0.016,0.013953347179810874,0.17194351004954506,0.17308107798798827,31.973765519770836,39,13,0,True
8.5,2,0.8,1.05,0.9214821443515921,189.5453581381902,0.016,0.013953288983501008,0.17640208881473135,0.17540276426826787,31.614516647337705,39,13,0,False
8.5,2,0.8,1.05,0.8730553450781244,189.17337014683272,0.016,0.013949166686741314,0.1599627438415389,0.1660010259096192,33.014451983396036,39,13,0,True
8.5,2,0.8,1.05,0.920492995335478,189.37861781226,0.016,0.013953281845270064,0.176061749872621,0.17522620181117698,31.6414242235319,39,13,0,False
8.5,2,0.8,1.05,0.91300366540187,188.5733405777521,0.016,0.013953437074984837,0.1734789556798732,0.17388228048794777,31.84844783571506,39,13,0,True
8.5,2,0.8,1.05,0.996693780126964,202.27219218256738,0.016,0.013933780242943939,0.20319415152019368,0.18864508726393944,29.717356516351263,39,13,0,False
8.5,2,0.8,1.05,0.9116611929840518,188.58705448798662,0.016,0.013953382263769765,0.1730194734587624,0.1736428247765052,31.885751245340494,39,13,0,True
8.5,2,0.8,1.05,0.9217796146147481,189.59341139598783,0.016,0.013953253128591307,0.17650589427742183,0.17545671530473678,31.606307983970336,39,13,0,False
8.5,2,0.8,1.05,0.9346533018644605,191.75820224340524,0.016,0.013952258573661386,0.1809821940267166,0.17774259559586197,31.259733001438306,39,13,0,False
8.5,2,0.8,1.05,0.8641462011721387,189.33460871346483,0.016,0.013947086922757118,0.1570085768310897,0.16415121716798184,33.289624936541294,39,13,0,True
8.5,2,0.8,1.05,0.914432080216867,188.54711198581342,0.016,0.013953320454036293,0.1739745313376704,0.1741408695180658,31.80830648395685,39,13,0,True
8.5,2,0.8,1.05,0.9233321545812855,189.8482501752959,0.016,0.01395313137086429,0.1770452740419707,0.17573669298667807,31.563808962871,39,13,0,False
8.5,2,0.8,1.05,0.9134816557334089,188.56555265355524,0.016,0.013953413325324212,0.17364420106297163,0.17396848263702241,31.835050058335437,39,13,0,True
8.5,2,0.8,1.05,0.9141027426245876,188.5585454742528,0.016,0.01395342330635464,0.17385741319439552,0.17407954811523454,31.817812182801024,39,14,0,True
8.5,2,0.8,1.05,0.9253121784009373,190.17889174465463,0.016,0.013953060173295909,0.17773019600225806,0.1760915850370252,31.510177228333045,39,14,0,False
8.5,2,0.8,1.05,0.9138223876252989,188.5584399667206,0.016,0.013953373783256921,0.17376285133431463,0.17403043145476033,31.825431954581358,39,14,0,True
8.5,2,0.8,1.05,0.9124546690312951,188.5767732687407,0.016,0.013953386004712721,0.173292112527025,0.17378501877076616,31.86358430160251,39,14,0,True
8.5,2,0.8,1.05,0.9124927340616802,188.57600462849356,0.016,0.013953382254325672,0.17330533928961353,0.1737919273450153,31.862508453940666,39,14,0,True
8.5,2,0.8,1.05,0.9224922006062972,189.7123351182682,0.016,0.01395323330004092,0.1767520706623344,0.17558441872561423,31.586902632907705,39,14,0,False
8.5,2,0.8,1.05,0.9222499365578005,189.67061925407134,0.016,0.013953217514152965,0.17666922855992218,0.17554152099155604,31.59341733976111,39,14,0,False
8.5,2,0.8,1.05,0.9326815128891326,191.42451554894248,0.016,0.013952480640920632,0.18029330750185502,0.1773947797196546,31.31221030392914,39,14,0,False
8.5,2,0.8,1.05,0.9573656827078367,195.58407002248165,0.016,0.013948096803899739,0.18899350282479457,0.18176257006651045,30.671247221246492,39,14,0,False
8.5,2,0.8,1.05,0.9147107925524617,188.550351893152,0.016,0.013953412019135941,0.17406696235526578,0.17418873024482226,31.800893140258598,39,14,0,True
8.5,2,0.8,1.05,0.9344504759567507,191.72394790723098,0.016,0.013952283471018064,0.18091124294444758,0.17770678514804925,31.265124121862623,39,14,0,False
8.5,2,0.8,1.05,0.9228511253941463,189.76819441095694,0.016,0.013953150782762373,0.17687884042562832,0.1756503864866974,31.57689201745723,39,14,0,False
8.5,2,0.8,1.05,0.9548021793707585,195.15710985788215,0.016,0.013948770719058569,0.1880800528625099,0.18130633031033924,30.736416059906162,39,14,0,False
8.5,2,0.8,1.05,0.925700878564906,190.24031833508266,0.016,0.01395298250287245,0.17786709313112598,0.176162667640492,31.499467059502802,39,14,0,False
8.5,2,0.8,1.05,0.9218208584694607,189.60028208837969,0.016,0.013953251822010657,0.17652014801449353,0.17546411136846596,31.60518315571968,39,14,0,False
8.5,2,0.8,1.05,0.9237054158230426,189.91236312397987,0.016,0.013953150930037083,0.17717313221685635,0.17580287207899548,31.553787693773028,39,14,0,False
8.5,2,0.8,1.05,0.909424014149016,188.6188980546585,0.016,0.01395338823443904,0.17225041760822066,0.17324132239097734,31.94858621129062,39,14,0,True
8.5,2,0.8,1.05,0.9529147869506555,194.84011923794193,0.016,0.013949201787197057,0.1874102981671588,0.18097157035231234,30.784490230096864,39,14,0,False
8.5,2,0.8,1.05,0.9153859686024941,188.54235032490797,0.016,0.01395341174745761,0.1742992154425719,0.17430965907901028,31.78218442453493,39,14,0,True
8.5,2,0.8,1.05,0.9143213886185192,188.55878647193515,0.016,0.013953463755062564,0.17393109440069396,0.1741178076583282,31.811880431095307,39,14,0,True
8.5,2,0.8,1.05,0.9567720083559375,195.48622603742714,0.016,0.013948273427574256,0.18878112063236088,0.1816564876000933,30.686364017442816,39,14,0,False
8.5,2,0.8,1.05,0.9158917034662569,188.61102463646236,0.016,0.013953333287858319,0.17447614159687186,0.1744019879489497,31.767921973243304,39,14,0,False
8.5,2,0.8,1.05,0.92330986173986,189.8455334588851,0.016,0.013953149904061284,0.1770368920393285,0.17573229196894546,31.564475722973427,39,14,0,False
8.5,2,0.8,1.05,0.9230359477354434,189.7993482174519,0.016,0.01395315044910915,0.17694251788066184,0.1756833881570084,31.571887482672015,39,14,0,False
8.5,2,0.8,1.05,0.8881595242570394,188.91748854673727,0.016,0.013951673787023153,0.1650248235841399,0.16912036664710348,32.56056456830345,39,14,0,True
8.5,2,0.8,1.05,0.9270892111618966,190.47231684469713,0.016,0.013952893247742962,0.1783490243384129,0.17641066767975114,31.461953750429284,39,14,0,False
8.5,2,0.8,1.05,0.930251155405829,191.01033674946044,0.016,0.01395267870861677,0.1794474132273998,0.1769673654407632,31.377050346888634,39,14,0,False
8.5,2,0.8,1.05,0.8792662763163479,189.06449117806955,0.016,0.013950338566324024,0.1620366803126721,0.16728358924056652,32.825863847102106,39,14,0,True
8.5,2,0.8,1.05,0.9467795429582142,193.80657656237514,0.016,0.013950434084450094,0.1852409224993696,0.17988516900060358,30.94202841736277,39,14,0,False
8.5,2,0.8,1.05,0.9234554283696607,189.87021181509905,0.016,0.013953151865700461,0.17708696848440428,0.17575823137813298,31.560546460174074,39,14,0,False
8.5,2,0.8,1.05,0.911546237227584,188.58908140094317,0.016,0.01395338882870718,0.17297971478407,0.17362206193022436,31.888991780499868,39,14,0,True
8.5,2,0.8,1.05,0.9257898493977355,190.25575794000997,0.016,0.01395298907138747,0.177897522974032,0.17617839223175902,31.49709923568759,39,14,0,False
8.5,2,0.8,1.05,0.9188160655854292,189.10068169303662,0.016,0.013953343947702786,0.17548209476835236,0.17492501773569238,31.68747838074306,39,14,0,False
8.5,2,0.8,1.05,0.8678536270128053,189.26488462229307,0.016,0.013947983378586151,0.15823582787804344,0.16492070390619867,33.174345512228065,39,14,0,True
8.5,2,0.8,1.05,0.9261532721378252,190.32107741614726,0.016,0.013953055061822437,0.1780202341462435,0.1762416614599598,31.487577340550107,39,14,0,False
8.5,2,0.8,1.05,0.9522320398933144,194.72300578618172,0.016,0.013949311363384719,0.1871699301492368,0.18085148996138012,30.801788179065998,39,14,0,False
8.5,2,0.8,1.05,0.9147243558470752,188.55017984074559,0.016,0.013953411887361176,0.17407163241671308,0.1741911626962611,31.80051650256305,39,14,0,True
8.5,2,0.8,1.05,0.9186561792207455,189.07284614185693,0.016,0.013953325383402755,0.175427749810326,0.1748968397597453,31.691797097645967,39,14,0,False
8.5,2,0.8,1.05,0.9187398711601931,189.08686099900754,0.016,0.013953325206452377,0.17545656468922974,0.17491181124745397,31.68950226841006,39,14,0,False
8.5,2,0.8,1.05,0.9096552412531111,188.61202236931604,0.016,0.013953339505908562,0.17233167392990664,0.1732839128017948,31.94190368450753,39,14,0,True
8.5,2,0.8,1.05,0.971733854476117,198.02117016912752,0.016,0.013943967648268529,0.19413167210609542,0.18428778515800823,30.313696676743934,39,14,0,False
8.5,2,0.8,1.05,0.9110334270306745,188.59379366276178,0.016,0.013953356934842868,0.1728046396611413,0.17353080004351318,31.903246773672844,39,14,0,True
8.5,2,0.8,1.05,0.8855874990845921,188.9559286377593,0.016,0.013951287520964632,0.16415986503456448,0.16858963913330927,32.636576785867355,39,14,0,True
8.5,2,0.8,1.05,0.9183612441991165,189.02588130206453,0.016,0.013953368977061053,0.17532459426580893,0.17484310450943488,31.70003763118907,39,14,0,False
8.5,2,0.8,1.05,0.912427782588569,188.57730184230047,0.016,0.013953388448836356,0.1732827777964719,0.1737801435957986,31.864343559057787,39,14,0,True
8.5,2,0.8,1.05,0.9131828430338867,188.5660086672665,0.016,0.013953367152587508,0.17354317777367395,0.17391596964993863,31.84320981362131,39,14,0,True
8.5,2,0.8,1.05,0.9172428161642152,188.84140225274922,0.016,0.013953417016841966,0.17493787621632612,0.17464192895285008,31.73094439530213,39,14,0,False
8.5,2,0.8,1.05,0.9576935043980097,195.6405525922067,0.016,0.013948040779020936,0.1891091090257959,0.1818201585020533,30.66304992385517,39,14,0,False
8.5,2,0.8,1.05,0.8957388363809236,188.8025279110047,0.016,0.013952523286128012,0.1675873910773224,0.17068911860608696,32.33887301171025,39,14,0,True
8.5,2,0.8,1.05,0.9689872972000099,197.55279871958703,0.016,0.013944856555455682,0.19314492546307052,0.18380786259930418,30.38122395020645,39,14,0,False
8.5,2,0.8,1.05,0.9545402928761586,195.11389883677597,0.016,0.013948844865407246,0.18798653368641352,0.1812595620881658,30.743119203436212,39,14,0,False
8.5,2,0.8,1.05,0.9136957837052484,188.56539283732596,0.016,0.013953448356557624,0.1737165240265455,0.17400606514772046,31.82921402789409,39,14,0,True
8.5,2,0.8,1.05,0.9089105098004292,188.6204040613275,0.016,0.01395330430020732,0.1720771078608907,0.1731510245044919,31.962767654394902,39,14,0,True
8.5,2,0.8,1.05,0.8934997663489005,188.83357313790236,0.016,0.013952273165417818,0.16682981792400145,0.17022605345429623,32.40385274780812,39,14,0,True
8.5,2,0.8,1.05,0.9308139952855441,191.10396831023675,0.016,0.0139525947034926,0.1796447580835274,0.17706725538304544,31.361861679468543,39,14,0,False
8.5,2,0.8,1.05,0.9194921102720506,189.21335768478795,0.016,0.01395333158989469,0.1757152748529496,0.17504617254912763,31.66892905274025,39,14,0,False
8.5,2,0.8,1.05,0.917528334797493,188.89015542058644,0.016,0.013953434912319892,0.17503547568107586,0.17469262303139055,31.723147935568022,39,14,0,False
8.5,2,0.8,1.05,0.922826975419075,189.76410223304117,0.016,0.013953150434603004,0.17687053500175706,0.1756460830557411,31.577544781388774,39,14,0,False
8.5,2,0.8,1.05,0.9232149476086264,189.8293228678354,0.016,0.013953146468969911,0.1770043293288782,0.17571543069280068,31.567030609344062,39,15,0,False
8.5,2,0.8,1.05,0.9159208238768727,188.61594881496927,0.016,0.01395333444692897,0.17448611649934412,0.17440717544347303,31.76712119205947,39,15,0,False
8.5,2,0.8,1.05,0.9203645172259505,189.35611299034903,0.016,0.013953265521913082,0.1760181314782942,0.1752036137712853,31.64487139501405,39,15,0,False
8.5,2,0.8,1.05,0.9308614645937726,191.11181371158372,0.016,0.013952586643278923,0.17966144044341864,0.17707570098685102,31.360578474420837,39,15,0,False
8.5,2,0.8,1.05,0.929969103719721,190.9635934166859,0.016,0.01395272342984442,0.1793484254772397,0.1769172401478481,31.38468018790568,39,15,0,False
8.5,2,0.8,1.05,0.9223714117425247,189.69156571305032,0.016,0.013953225986626008,0.17671074542458895,0.17556301849089714,31.590152110739616,39,15,0,False
8.5,2,0.8,1.05,0.9068273124322825,188.65046353802472,0.016,0.013953277409978223,0.17136259195167955,0.1727775119207972,32.02162432386816,39,15,0,True
8.5,2,0.8,1.05,0.9141029064143416,188.55854560280798,0.016,0.013953423336055842,0.173857468411374,0.17407957679082295,31.81780773573464,39,15,0,True
8.5,2,0.8,1.05,0.9526546323001769,194.7938778835069,0.016,0.013949215883062981,0.18731982693989038,0.18092647347333854,30.79098325466325,39,15,0,False
8.5,2,0.8,1.05,0.9277591001209478,190.58828596061434,0.016,0.013952900708701338,0.17857965494548098,0.17652819993831684,31.44408266463874,39,15,0,False
8.5,2,0.8,1.05,0.917628951206507,188.90191821705156,0.016,0.013953344426522248,0.17507349105524944,0.17471266440083635,31.72006722905887,39,15,0,False
8.5,2,0.8,1.05,0.9186687658080455,189.07495385532042,0.016,0.013953325358702527,0.17543208323633017,0.17489909134066822,31.69145194439908,39,15,0,False
8.5,2,0.8,1.05,0.8929706541488123,188.84773779668785,0.016,0.01395230353848491,0.16664764187316702,0.17011431371750343,32.419589867051904,39,15,0,True
8.5,2,0.8,1.05,0.9199475130205128,189.28375083853396,0.016,0.01395322412363591,0.17587612511756653,0.1751300263782179,31.656109207123766,39,15,0,False
8.5,2,0.8,1.05,0.9030178860958488,188.69904795087186,0.016,0.013953062807642736,0.1700629289409824,0.17209743961892665,32.12960504577513,39,15,0,True
8.5,2,0.8,1.05,0.93691787703879,192.1375617592465,0.016,0.013951913366897169,0.18177714470142092,0.1781437404427215,31.19952691122425,39,15,0,False
8.5,2,0.8,1.05,0.9350336758995282,191.81722576528904,0.016,0.013952119344131944,0.18111886324284363,0.17781185662537463,31.249313716117765,39,15,0,False
8.5,2,0.8,1.05,0.9277577024060066,190.58802443948102,0.016,0.01395290038344108,0.17857918543087725,0.17652796352321623,31.444118862582055,39,15,0,False
8.5,2,0.8,1.05,0.915141060866098,188.5460867837671,0.016,0.013953423779400929,0.17421451915828992,0.1742655288088608,31.78900802815253,39,15,0,True
8.5,2,0.8,1.05,0.9302780947785552,191.01488955957157,0.016,0.01395267598548927,0.1794568085981919,0.17697211783982025,31.376327239361707,39,15,0,False
8.5,2,0.8,1.05,0.8621913575342577,189.37234223209828,0.016,0.013946588864558565,0.15636293811263807,0.16374584173943765,33.350828868974396,39,15,0,True
8.5,2,0.8,1.05,0.9162075506945035,188.6645543622386,0.016,0.013953347810772551,0.17458426117339204,0.17445820526277517,31.759246979313854,39,15,0,False
8.5,2,0.8,1.05,0.9183692822288883,189.02720370404793,0.016,0.013953368550591315,0.17532737693985623,0.17484455186196193,31.699815591455067,39,15,0,False
8.5,2,0.8,1.05,0.9229451313715006,189.7840775107993,0.016,0.013953151295347428,0.1769112024151538,0.17566715681871467,31.574348593024038,39,15,0,False
8.5,2,0.8,1.05,0.9460716685749857,193.68615714205464,0.016,0.013950544581903666,0.18499198241434497,0.17976034629555343,30.960279706323313,39,15,0,False
8.5,2,0.8,1.05,0.9160321355337718,188.63479200377247,0.016,0.013953339211532337,0.17452423308649934,0.1744269963007041,31.764062036018228,39,15,0,False
8.5,2,0.8,1.05,0.9070967183969549,188.64932588336663,0.016,0.013953320681537922,0.1714535072324317,0.17282494475573476,32.01413249632531,39,15,0,True
8.5,2,0.8,1.05,0.9697411746897046,197.6835069851951,0.016,0.013944652890486619,0.19341408280056446,0.1839387151518231,30.362768996978144,39,15,0,False
8.5,2,0.8,1.05,0.9273552547511773,190.51875400463322,0.016,0.013952907394076515,0.17844017663765044,0.17645730884338168,31.454891638386822,39,15,0,False
8.5,2,0.8,1.05,0.9261485359081529,190.32036494605805,0.016,0.013953056657769941,0.1780185410191134,0.1762407806277705,31.487709846436033,39,15,0,False
8.5,2,0.8,1.05,0.9336678910318217,191.5869803455029,0.016,0.013952292944163842,0.18064086833688964,0.177570555030894,31.285657827477937,39,15,0,False
8.5,2,0.8,1.05,0.8878642887033309,188.9248922499435,0.016,0.013951673139315626,0.16492395167493965,0.16905837042448899,32.56941715066974,39,15,0,True
8.5,2,0.8,1.05,0.92306308813098,189.8038974681985,0.016,0.013953149933813443,0.1769518865566635,0.17568824475472303,31.57115119974944,39,15,0,False
8.5,2,0.8,1.05,0.8345026234565766,190.00051913005237,0.016,0.013937944295735666,0.1473212957021095,0.15796152734128613,34.250851455137294,39,15,0,True
8.5,2,0.8,1.05,0.9306424927226984,191.0756270391622,0.016,0.013952623804186486,0.17958448817464784,0.17703674125386534,31.366499200511004,39,15,0,False
8.5,2,0.8,1.05,0.8175667340547522,190.47386363161382,0.016,0.01393120108736267,0.14188996374499485,0.15440327213896946,34.83335451310782,39,15,0,True
8.5,2,0.8,1.05,0.9356978478389067,191.93179217618749,0.016,0.013952077687230242,0.1813496767018319,0.17792816933251485,31.231838970338558,39,15,0,False
8.5,2,0.8,1.05,0.9240890164149616,189.9741786278981,0.016,0.013953098152586935,0.1773072891002385,0.1758725243481289,31.543250513609724,39,15,0,False
8.5,2,0.8,1.05,0.9158559360675712,188.60497952607366,0.016,0.013953331913493287,0.17446388805297458,0.17439561516245294,31.768905805779674,39,15,0,False
8.5,2,0.8,1.05,0.9135174718558892,188.56551629199512,0.016,0.013953419072984176,0.17365630220424985,0.1739747716562854,31.834073245303383,39,15,0,True
8.5,2,0.8,1.05,0.9511103770196618,194.53424082602822,0.016,0.013949549434511885,0.18677271298184006,0.1806527453811113,30.830480274766234,39,15,0,False
8.5,2,0.8,1.05,0.9305908480603239,191.06709001565102,0.016,0.013952632495968675,0.1795663422053865,0.17702755372339468,31.36789590829047,39,15,0,False
8.5,2,0.8,1.05,0.8925618291405677,188.85405600851416,0.016,0.013952261643095943,0.1665092493713123,0.17002961906562655,32.431532919271824,39,15,0,True
8.5,2,0.8,1.05,0.9317856646673511,191.2677702083135,0.016,0.013952484586325038,0.17998412673738756,0.17723884495935507,31.335820775861364,39,15,0,False
8.5,2,0.8,1.05,0.9241544179679655,189.9853407449058,0.016,0.013953100125607385,0.1773297474190793,0.17588414895280619,31.541492912041953,39,15,0,False
8.5,2,0.8,1.05,0.9269509707496004,190.45365041455526,0.016,0.013952982532319975,0.17829794950556618,0.17638422246651372,31.465959973775906,39,15,0,False
8.5,2,0.8,1.05,0.9194867835414401,189.2124718006567,0.016,0.013953331729379025,0.17571343581834165,0.17504521708569198,31.669075214400184,39,15,0,False
8.5,2,0.8,1.05,0.9705132864333708,197.81465481922632,0.016,0.013944394952940795,0.19369181150490858,0.18407384169620622,30.343745466462792,39,15,0,False
8.5,2,0.8,1.05,0.8947093698455068,188.81748208977373,0.016,0.013952421988322928,0.16723853265041827,0.17047590788819406,32.36874452961982,39,15,0,True
8.5,2,0.8,1.05,0.9516769666172803,194.63082285247032,0.016,0.01394945119295066,0.18697246453868166,0.1807526326226601,30.816050155724685,39,15,0,False
8.5,2,0.8,1.05,0.8402284167670611,189.8569639416847,0.016,0.013939986391798815,0.14917435228422046,0.15916032768956914,34.05959437867448,39,15,0,True
8.5,2,0.8,1.05,0.9225720039838999,189.72601885016147,0.016,0.013953237414576384,0.1767794012901387,0.1755985732819064,31.584753897083967,39,15,0,False
8.5,2,0.8,1.05,0.9122072401681351,188.58121798290304,0.016,0.013953402495781489,0.17320643426126547,0.17374028743420694,31.870552720334686,39,15,0,True
8.5,2,0.8,1.05,0.9022903720572131,188.71255556291555,0.016,0.013953069106156448,0.16981311616986272,0.171966409513626,32.15053221338309,39,15,0,True
8.5,2,0.8,1.05,0.9520328288323081,194.69014071439108,0.016,0.013949365508816975,0.18709890823124273,0.18081592550587922,30.806916786214778,39,15,0,False
8.5,2,0.8,1.05,0.9205555875236037,189.3895795967597,0.016,0.013953289730088725,0.17608300270088717,0.1752372072880244,31.63974506944228,39,15,0,False
8.5,2,0.8,1.05,0.9228643614680283,189.77043524597215,0.016,0.013953150937000613,0.1768833938525049,0.1756527459203056,31.576534144572985,39,15,0,False
8.5,2,0.8,1.05,0.9188699082531143,189.10792797285,0.016,0.013953312254308438,0.17550181945487825,0.1749353625446181,31.685893307422166,39,15,0,False
8.5,2,0.8,1.05,0.9238410108717189,189.93459358409677,0.016,0.013953139085537337,0.17722029721381544,0.17582734041328552,31.550084889140333,39,16,0,False
8.5,2,0.8,1.05,0.9178195212735535,188.93439922248163,0.016,0.01395335499799673,0.17513867703037805,0.17474651893807344,31.71486518138022,39,16,0,False
8.5,2,0.8,1.05,0.9217093505152231,189.58170842311344,0.016,0.013953255374322232,0.17648161072408797,0.17544411443246116,31.608224653115048,39,16,0,False
8.5,2,0.8,1.05,0.9270134282248346,190.45910472779707,0.016,0.013952889425105874,0.1783230493712603,0.17639737445579198,31.46396737402641,39,16,0,False
8.5,2,0.8,1.05,0.9250927124329513,190.14129410939054,0.016,0.013953052154173055,0.1776548731102747,0.17605262690185416,31.516051643070096,39,16,0,False
8.5,2,0.8,1.05,0.9177013046125592,188.91425288773232,0.016,0.01395334850762159,0.1750982373280526,0.17472551669612882,31.718092067524207,39,16,0,False
8.5,2,0.8,1.05,0.9069971757407274,188.6497273297096,0.016,0.013953304488807954,0.1714199220702191,0.1728074240099973,32.01689923226831,39,16,0,True
8.5,2,0.8,1.05,0.906696703787168,188.6510707709104,0.016,0.013953257025529546,0.1713184955655085,0.1727545011987681,32.025260620438964,39,16,0,True
8.5,2,0.8,1.05,0.8784849470992974,189.07466490725724,0.016,0.013950157192966633,0.16177675579455295,0.16712358126649351,32.849275293148,39,16,0,True
8.5,2,0.8,1.05,0.9241534255976114,189.98517161612804,0.016,0.013953100100052594,0.17732940647534745,0.17588397246682494,31.541519593999396,39,16,0,False
8.5,2,0.8,1.05,0.8988684927926031,188.75653224502224,0.016,0.01395277905116613,0.16865037225209525,0.1713378647876906,32.248431398849924,39,16,0,True
8.5,2,0.8,1.05,0.9208941548125984,189.44816705903176,0.016,0.013953319508235792,0.17619845333879008,0.17529702535059474,31.63062290942132,39,16,0,False
8.5,2,0.8,1.05,0.9137529674966653,188.55844999100518,0.016,0.013953361940793092,0.17373942136162748,0.17401825905925927,31.827321157423807,39,16,0,True
8.5,2,0.8,1.05,0.9210787295495941,189.47864106839876,0.016,0.013953309470278777,0.17626239122164164,0.1753302308499395,31.625562434575404,39,16,0,False
8.5,2,0.8,1.05,0.9003009466975697,188.73301127956998,0.016,0.013952839441165443,0.1691392311924139,0.17161338839237847,32.20711287211016,39,16,0,True
8.5,2,0.8,1.05,0.9138286259352744,188.55843976793633,0.016,0.013953374855590001,0.17376495653100643,0.1740315251016366,31.825262232383363,39,16,0,True
8.5,2,0.8,1.05,0.9154841826560469,188.54770930008357,0.016,0.013953416709278644,0.1743328147206959,0.17432713417533843,31.779483534760768,39,16,0,False
8.5,2,0.8,1.05,0.8992548721313496,188.75338907313665,0.016,0.013952841064989747,0.16878055176041182,0.17141629495650862,32.23743146213399,39,16,0,True
8.5,2,0.8,1.05,0.9272303758798318,190.4951670811226,0.016,0.013952869100084381,0.17839860444946465,0.17643613869837244,31.458096515612645,39,16,0,False
8.5,2,0.8,1.05,0.9126130766572047,188.5733834996561,0.016,0.013953367525556908,0.17334724402860793,0.1738138209549522,31.859099740397358,39,16,0,True
8.5,2,0.8,1.05,0.9221787500145985,189.65832127804657,0.016,0.013953212108434872,0.17664491603276178,0.17552893259139102,31.595329833766392,39,16,0,False
8.5,2,0.8,1.05,0.9218575070573999,189.60638826966408,0.016,0.013953250672748958,0.176532813464154,0.1754706831188745,31.6041837909231,39,16,0,False
8.5,2,0.8,1.05,0.9168701988203524,188.77552777940775,0.016,0.01395335300776367,0.1748120670150467,0.1745766978160808,31.74098480381931,39,16,0,False
8.5,2,0.8,1.05,0.9135960515684144,188.56545009522696,0.016,0.013953431840979823,0.17368284612180562,0.17398856569435328,31.831931056050646,39,16,0,True
8.5,2,0.8,1.05,0.9292689276787162,190.84212506893897,0.016,0.013952736483859121,0.17910649879777815,0.17679500214205382,31.40330940640926,39,16,0,False
8.5,2,0.8,1.05,0.9154877306549397,188.54830539146093,0.016,0.013953416787813169,0.17433403229183317,0.1743277677289183,31.779385627518916,39,16,0,False
8.5,2,0.8,1.05,0.929660237411012,190.90728400808823,0.016,0.013952681055573289,0.17924355502889086,0.17686440992762423,31.392727620687644,39,16,0,False
8.5,2,0.8,1.05,1.0096942245316805,204.508190552583,0.016,0.01392691534952011,0.2079837403179229,0.19088559284440912,29.41849762502117,39,16,0,False
8.5,2,0.8,1.05,0.8942807812467913,188.82817185757972,0.016,0.01395243946318915,0.16709117224004716,0.17038561008790118,32.381419868630196,39,16,0,True
8.5,2,0.8,1.05,0.914783420563351,188.54943811902814,0.016,0.013953411403235434,0.17409196613443806,0.17420175323145037,31.798876829263357,39,16,0,True
8.5,2,0.8,1.05,0.9050917250030316,188.67124944193213,0.016,0.013953173314641925,0.17077056685195732,0.17246792999083066,32.07064762224699,39,16,0,True
8.5,2,0.8,1.05,0.9288941267046884,190.77870913496398,0.016,0.01395277102645248,0.1789759323090356,0.17672892207423932,31.41339352794229,39,16,0,False
8.5,2,0.8,1.05,0.9209959880368681,189.4649782221185,0.016,0.013953313955185774,0.17623372932100023,0.1753153460722359,31.627830563149796,39,16,0,False
8.5,2,0.8,1.05,0.9317369242402984,191.26359318572526,0.016,0.013952561792689357,0.17996434176434445,0.17722862032937858,31.337370727065966,39,16,0,False
8.5,2,0.8,1.05,0.9163371573469479,188.68595886845736,0.016,0.013953343614040326,0.17462901186968438,0.17448150191876177,31.755654056516615,39,16,0,False
8.5,2,0.8,1.05,0.8092243806798266,190.73305274642948,0.016,0.013927480666420123,0.1392434992851315,0.15264732582489415,35.12971109030413,39,16,0,True
8.5,2,0.8,1.05,0.9212674919712309,189.50979314925462,0.016,0.01395329881042043,0.17632779700310883,0.17536419617322024,31.62038860688763,39,16,0,False
8.5,2,0.8,1.05,0.9172839362534598,188.84842294603774,0.016,0.013953419598116946,0.17495192905371504,0.17464922840651118,31.729821436382665,39,16,0,False
8.5,2,0.8,1.05,0.9210475912050491,189.473498940913,0.016,0.013953311155462108,0.1762516048567344,0.17532462933846035,31.626415931982983,39,16,0,False
8.5,2,0.8,1.05,0.9220553513100909,189.63696988960226,0.016,0.013953202087736392,0.17660279659816894,0.17550712501539062,31.59864375164121,39,16,0,False
8.5,2,0.8,1.05,0.8665441287569946,189.29070594391615,0.016,0.013947694155188376,0.1578012430161574,0.1646483159368709,33.21501922264503,39,16,0,True
8.5,2,0.8,1.05,0.9265790807881612,190.39007690295568,0.016,0.013952985674511396,0.17816964919887798,0.17631848116005258,31.475925670267618,39,16,0,False
8.5,2,0.8,1.05,0.9426030021636636,193.09953639438547,0.016,0.013951112291422686,0.1837713963269707,0.17914745979237637,31.050352042186635,39,16,0,False
8.5,2,0.8,1.05,0.9044335891262828,188.68525888485826,0.016,0.013953213305180423,0.17054319973069032,0.1723487164841187,32.0895839953969,39,16,0,True
8.5,2,0.8,1.05,0.9229130510654949,189.7786657376035,0.016,0.013953151275081632,0.17690015268214376,0.17566143034703785,31.575217014763574,39,16,0,False
8.5,2,0.8,1.05,0.9208231916358582,189.43222140601725,0.016,0.013953248171749257,0.17617672367170087,0.1752859726789941,31.632307846372626,39,16,0,False
8.5,2,0.8,1.05,0.9207124007972598,189.41166124127685,0.016,0.013953213765113924,0.17613987771765097,0.17526695990731792,31.635206882593252,39,16,0,False
8.5,2,0.8,1.05,0.850174119749907,189.6256155596947,0.016,0.013943233215941783,0.1524136850858485,0.16124350069884397,33.733862725837824,39,16,0,True
8.5,2,0.8,1.05,0.8951258352937786,188.81650528408463,0.016,0.01395253408292037,0.1673770843921029,0.17056036429477722,32.35690227263024,39,16,0,True
8.5,2,0.8,1.05,0.9187960351896995,189.09736457194734,0.016,0.013953344661908583,0.17547517302289062,0.174921419531765,31.688029766295227,39,16,0,False
8.5,2,0.8,1.05,0.8845360829234198,188.97472595606922,0.016,0.013951159097535363,0.16380540970814322,0.16837183050406826,32.66792236475049,39,16,0,True
8.5,2,0.8,1.05,0.9188661605097859,189.10730764037103,0.016,0.01395331239437691,0.17550052411239056,0.17493468917797278,31.68599647633331,39,16,0,False
8.5,2,0.8,1.05,0.916887550078223,188.77827194381868,0.016,0.01395335023145181,0.1748181420148287,0.1745798660372487,31.74049693541551,39,16,0,False
8.5,2,0.8,1.05,0.9169978502113257,188.79571851998486,0.016,0.013953332592979314,0.17485676037468686,0.17460000542847273,31.737396220171185,39,16,0,False
8.5,2,0.8,1.05,0.9272759218796367,190.5074827186615,0.016,0.013952948879839121,0.17841126128456822,0.17644237027998663,31.457153038454482,39,16,0,False
8.5,2,0.8,1.05,0.9209923797003015,189.46438245767234,0.016,0.013953314151298354,0.17623247937276718,0.17531469692748397,31.627929490024773,39,16,0,False
8.5,2,0.8,1.05,0.920207191713888,189.3285512905215,0.016,0.013953245355526554,0.17596472700888857,0.17517595613751824,31.649093732405984,39,16,0,False
8.5,2,0.8,1.05,0.9126828964631069,188.57175992109381,0.016,0.013953357598553335,0.1733716196979678,0.17382656064580876,31.857116731118403,39,16,0,True
8.5,2,0.8,1.05,0.9229799667333444,189.78994379070724,0.016,0.013953151130150063,0.17692320828797448,0.17567337926987758,31.573405034793286,39,17,0,False
8.5,2,0.8,1.05,0.9226223650159179,189.73466425877274,0.016,0.013953240224865247,0.17679666079664716,0.17560751264144864,31.583397075167046,39,17,0,False
8.5,2,0.8,1.05,0.9153767002736367,188.54240383693252,0.016,0.013953410990781763,0.17429605557495742,0.17430801645576774,31.782438337088227,39,17,0,True
8.5,2,0.8,1.05,0.905463828733606,188.66757137938586,0.016,0.013953208114663627,0.17089701161691973,0.1725340393388546,32.060160591647616,39,17,0,True
8.5,2,0.8,1.05,0.9078323612485624,188.6401289053105,0.016,0.013953351876577393,0.1717049983661464,0.17295637793552993,31.993399857394948,39,17,0,True
8.5,2,0.8,1.05,0.922018197480748,189.63053405500122,0.016,0.013953198928624379,0.17659012048407038,0.1755005620181815,31.59964127487575,39,17,0,False
8.5,2,0.8,1.05,0.9343509505191171,191.70732000598179,0.016,0.013952298851646297,0.18087632507300244,0.17768915138013236,31.26777981189592,39,17,0,False
8.5,2,0.8,1.05,0.9206045314911031,189.3981499364342,0.016,0.013953295860616402,0.1760996228511667,0.1752458136249578,31.638432143860825,39,17,0,False
8.5,2,0.8,1.05,0.8643686664766334,189.33011600637604,0.016,0.01394713916647827,0.15708222884218792,0.1641974464469634,33.28266605678731,39,17,0,True
8.5,2,0.8,1.05,0.9167749721792804,188.76046967448386,0.016,0.013953368263994905,0.1747787260866766,0.17455930929718835,31.74366281879558,39,17,0,False
8.5,2,0.8,1.05,0.9012057818282085,188.72573322269756,0.016,0.013952975323662176,0.169444546060344,0.1717732887743467,32.181448743947996,39,17,0,True
8.5,2,0.8,1.05,0.9212597717884097,189.50852034445975,0.016,0.013953299272286734,0.17632512094581268,0.1753628064861386,31.620600244963292,39,17,0,False
8.5,2,0.8,1.05,0.9268762382745039,190.4407700534561,0.016,0.013952981356681838,0.1782722368804917,0.17637105423074798,31.46795540380056,39,17,0,False
8.5,2,0.8,1.05,0.9167533778116911,188.75705560126087,0.016,0.013953371729501955,0.17477116529277062,0.1745553659126538,31.74427023326601,39,17,0,False
8.5,2,0.8,1.05,0.9282419078649617,190.66789878907525,0.016,0.013952821576254274,0.1787491361216453,0.17661413655645966,31.430932800847934,39,17,0,False
8.5,2,0.8,1.05,0.917845258381207,188.93878410624555,0.016,0.01395335638096008,0.1751474824456409,0.17475109190263555,31.71416269597133,39,17,0,False
8.5,2,0.8,1.05,0.907233933204699,188.6418446352461,0.016,0.01395324685004756,0.17150335630625246,0.17285123855675646,32.009981699359074,39,17,0,True
8.5,2,0.8,1.05,0.8944707218925475,188.8233321403843,0.016,0.013952430460713804,0.16715652207050768,0.1704256612246748,32.37579599622079,39,17,0,True
8.5,2,0.8,1.05,0.920253442339631,189.33665403952466,0.016,0.013953251299221762,0.17598042620221202,0.17518408681470127,31.64785229645836,39,17,0,False
8.5,2,0.8,1.05,0.9073148876807152,188.64156178626155,0.016,0.013953260497695193,0.17153065378689014,0.17286547577612552,32.00773483643935,39,17,0,True
8.5,2,0.8,1.05,0.9165156666410854,188.71949648635479,0.016,0.013953410164777691,0.17468792890937407,0.17451194936392275,31.750960092393417,39,17,0,False
8.5,2,0.8,1.05,0.9167268371182962,188.75285989591197,0.016,0.01395337599299893,0.17476187255071793,0.1745505191385308,31.745016846730625,39,17,0,False
8.5,2,0.8,1.05,0.9198546514855973,189.26829715003183,0.016,0.013953226540071048,0.1758440625822993,0.17511337251011552,31.658654099376083,39,17,0,False
8.5,2,0.8,1.05,0.9139296164497873,188.5584526000988,0.016,0.013953392401130546,0.17379903034088773,0.1740492252566906,31.82251572659786,39,17,0,True
8.5,2,0.8,1.05,0.8873787324909281,188.93069085274686,0.016,0.013951582562140056,0.16476125950425954,0.16895864472595679,32.58367198078351,39,17,0,True
8.5,2,0.8,1.05,0.9236218591565022,189.89753404281925,0.016,0.013953138142159309,0.177144823405958,0.1757882468540845,31.556001541500123,39,17,0,False
8.5,2,0.8,1.05,0.9358542526209231,191.95699645823083,0.016,0.01395203629116283,0.1814052653672873,0.17795627607236852,31.227620505042047,39,17,0,False
8.5,2,0.8,1.05,0.9261881687293197,190.32632744177465,0.016,0.01395304331379143,0.17803271042681454,0.17624815214289463,31.486600980324788,39,17,0,False
8.5,2,0.8,1.05,0.9183995803956972,189.03218806702674,0.016,0.013953366936301528,0.1753378661143584,0.17485000755672767,31.698978668905564,39,17,0,False
8.5,2,0.8,1.05,0.9115287872454737,188.5892764067521,0.016,0.013953388253767195,0.17297373804268618,0.17361894532491606,31.889478283751778,39,17,0,True
8.5,2,0.8,1.05,0.9185554958757332,189.05610512040624,0.016,0.013953327693533382,0.17539301266738605,0.17487878426889658,31.69456528801253,39,17,0,False
8.5,2,0.8,1.05,0.9263342573341697,190.34826996790346,0.016,0.013952993450864665,0.17808496860525277,0.17627533978338222,31.482512242219244,39,17,0,False
8.5,2,0.8,1.05,0.9196656998597844,189.24223040370995,0.016,0.013953327030919005,0.17577520750863118,0.17507730872879174,31.664167084405676,39,17,0,False
8.5,2,0.8,1.05,0.9502763089697898,194.39738003948804,0.016,0.013949783468480963,0.18647511936305913,0.18050357060876396,30.852067376607902,39,17,0,False
8.5,2,0.8,1.05,0.9144857807823118,188.54638211374458,0.016,0.013953319351446654,0.17399304249103648,0.17415051448042296,31.806812130453878,39,17,0,True
8.5,2,0.8,1.05,1.0174511475595716,205.83745073837432,0.016,0.01392230368324885,0.21086439504027912,0.19222386711379275,29.24381908746381,39,17,0,False
8.5,2,0.8,1.05,0.9099659241255237,188.60836167949748,0.016,0.013953350789767345,0.17243800900826967,0.17333941475238515,31.933201430329788,39,17,0,True
8.5,2,0.8,1.05,0.9187858268643259,189.09567418689247,0.016,0.013953345028026778,0.17547164534231938,0.174919585677484,31.68831079525703,39,17,0,False
8.5,2,0.8,1.05,0.9155235837147876,188.55433079959377,0.016,0.013953417610670645,0.17434633497590626,0.17433416916987501,31.778396419724082,39,17,0,False
8.5,2,0.8,1.05,0.922851204041772,189.76820773002328,0.016,0.013953150783755981,0.1768788674787402,0.1756504005045279,31.576889891233428,39,17,0,False
8.5,2,0.8,1.05,0.9190606283319341,189.13945965549416,0.016,0.013953304393771756,0.17556776832332638,0.1749696455602265,31.680641979146902,39,17,0,False
8.5,2,0.8,1.05,0.9158267903191212,188.6054199763553,0.016,0.013953426708785804,0.1744503006511907,0.1743882535309568,31.770042407183826,39,17,0,False
8.5,2,0.8,1.05,0.921961461144113,189.62350017622938,0.016,0.013953243703696926,0.1765688890697641,0.17548941324938241,31.601336009455256,39,17,0,False
8.5,2,0.8,1.05,0.9143273483534906,188.55879497534562,0.016,0.013953464879872408,0.1739331019564062,0.17411884995786014,31.811718878352817,39,17,0,True
8.5,2,0.8,1.05,0.9181798006971703,188.99545823590515,0.016,0.013953368325740262,0.17526216927644467,0.1748106651444442,31.705015376336046,39,17,0,False
8.5,2,0.8,1.05,0.9114215039831871,188.5913725596755,0.016,0.013953397110771587,0.17293653090089756,0.1735995051977229,31.892513384029257,39,17,0,True
8.5,2,0.8,1.05,0.9228850838494341,189.77394059463998,0.016,0.013953151125427658,0.1768905247300909,0.17565644103227693,31.57597370317249,39,17,0,False
8.5,2,0.8,1.05,0.8502524513260427,189.62737013058407,0.016,0.013943305209081863,0.15243771442587503,0.1612586558115792,33.73150808884275,39,17,0,True
8.5,2,0.8,1.05,0.8996911046506088,188.75121316154204,0.016,0.013952928873352229,0.1689268930359373,0.17150160142642812,32.22509030700981,39,17,0,True
8.5,2,0.8,1.05,0.9040399915696578,188.68826366111088,0.016,0.013953161349713772,0.1704100306772075,0.17227909341672454,32.10065832944537,39,17,0,True
8.5,2,0.8,1.05,0.9667509270391582,197.17050466108964,0.016,0.013945538027665861,0.19234339136398113,0.1834175642428269,30.436464741757113,39,17,0,False
8.5,2,0.8,1.05,0.9166427188723568,188.73882384168775,0.016,0.013953376303692847,0.174732916488076,0.17453545598170153,31.74733755350074,39,17,0,False
8.5,2,0.8,1.05,0.9250785942618075,190.13754647209862,0.016,0.013953028119120574,0.17765092240504057,0.17605065786807603,31.516348634333944,39,17,0,False
8.5,2,0.8,1.05,0.9270255579261276,190.46121206035247,0.016,0.013952889908085481,0.17832721180521846,0.17639950511710317,31.463644601595853,39,17,0,False
8.5,2,0.8,1.05,0.893990347654912,188.82749741774705,0.016,0.013952340973704696,0.16699529863814325,0.17032721086446356,32.389625247159756,39,17,0,True
8.5,2,0.8,1.05,0.9166259940236229,188.73597465212464,0.016,0.013953375318042454,0.17472719889877386,0.17453248479035888,31.747795368862043,39,17,0,False
8.5,2,0.8,1.05,0.9225707071469852,189.72579675447838,0.016,0.013953237352751103,0.17677895696235352,0.1755983431536508,31.584788828348636,39,17,0,False
8.5,2,0.8,1.05,0.9232531566851687,189.83586406486677,0.016,0.013953148142237835,0.1770174318812934,0.17572221493502732,31.56600256194134,39,17,0,False
8.5,2,0.8,1.05,0.914155241172677,188.55859068493896,0.016,0.013953432872522124,0.17387510988850377,0.17408873817318107,31.816387063501548,39,18,0,True
8.5,2,0.8,1.05,0.9159457188932365,188.62016026671944,0.016,0.013953335466459434,0.17449464299904047,0.17441160953040757,31.766436759311343,39,18,0,False
8.5,2,0.8,1.05,0.9129324821784327,188.5735293788355,0.016,0.013953427010174834,0.1734548566044854,0.17386974791978246,31.850397052966976,39,18,0,True
8.5,2,0.8,1.05,0.9027704532936018,188.70323642317643,0.016,0.01395305974240027,0.169978151911769,0.17205299431105922,32.1366990652806,39,18,0,True
8.5,2,0.8,1.05,0.929832158429662,190.9410224094254,0.016,0.013952747272004469,0.1793003036187869,0.17689286425776626,31.38839252969306,39,18,0,False
8.5,2,0.8,1.05,0.9233249181092025,189.84700190279952,0.016,0.01395313089075344,0.1770427990012641,0.1757354120728806,31.56400301879353,39,18,0,False
8.5,2,0.8,1.05,0.9209493313573949,189.45727529755186,0.016,0.0139533164945898,0.17621756711030495,0.17530695231540902,31.629109805324088,39,18,0,False
8.5,2,0.8,1.05,0.9266517071603834,190.40230307934317,0.016,0.013952981762274257,0.17819483154615082,0.1763313962565966,31.47396714958189,39,18,0,False
8.5,2,0.8,1.05,0.9496733561199783,194.29342515504067,0.016,0.013949863573143267,0.18626352978890495,0.18039775058650603,30.86740733640622,39,18,0,False
8.5,2,0.8,1.05,0.9139021624455121,188.55844612430838,0.016,0.013953387596850868,0.17378976871595142,0.17404441437883997,31.823262154632612,39,18,0,True
8.5,2,0.8,1.05,0.9109252005266254,188.59467835980695,0.016,0.013953348452967659,0.17276775822571402,0.17351157656436828,31.906251829825475,39,18,0,True
8.5,2,0.8,1.05,0.9175477719855292,188.88807516302796,0.016,0.013953339751201978,0.17504573015084002,0.17469824605912557,31.722283490431813,39,18,0,False
8.5,2,0.8,1.05,0.9174692544444525,188.88004912981438,0.016,0.013953430877027865,0.1750152762260418,0.17468213166016022,31.724760989752962,39,18,0,False
8.5,2,0.8,1.05,0.9232365932949598,189.83303230548754,0.016,0.01395314748986005,0.17701175108168268,0.17571927347228833,31.56644828331297,39,18,0,False
8.5,2,0.8,1.05,0.9185749353501812,189.0592720914252,0.016,0.013953326089391722,0.1753997640013682,0.1748822971636442,31.694026650778245,39,18,0,False
8.5,2,0.8,1.05,0.9189496007832884,189.12112162225895,0.016,0.013953309311136888,0.17552936267971403,0.17494968006475262,31.683699900962736,39,18,0,False
8.5,2,0.8,1.05,0.9049970188349519,188.67461884697352,0.016,0.013953197967204293,0.1707371454182096,0.17245035354508476,32.073437487752486,39,18,0,True
8.5,2,0.8,1.05,0.8992300313582277,188.7535305893124,0.016,0.013952836269555314,0.16877221142791346,0.17141127334531037,32.23813542149025,39,18,0,True
8.5,2,0.8,1.05,0.9143850032885895,188.5588825035121,0.016,0.013953475821936975,0.17395252101036088,0.17412893172351918,31.81015636391548,39,18,0,True
8.5,2,0.8,1.05,0.9343859257300414,191.71307852325546,0.016,0.013952291923670774,0.1808886421698546,0.1776953754779466,31.26684237191503,39,18,0,False
8.5,2,0.8,1.05,0.9224924078367676,189.71237069372543,0.016,0.013953233311510221,0.17675214160324854,0.17558445546437365,31.5868970552194,39,18,0,False
8.5,2,0.8,1.05,0.9169654195386201,188.79058851864383,0.016,0.013953337778550524,0.17484540563594902,0.17459408409179605,31.738307793458496,39,18,0,False
8.5,2,0.8,1.05,0.9247444721677818,190.08560145468908,0.016,0.013953109161812393,0.17753271327821155,0.17598921307282597,31.52562051686891,39,18,0,False
8.5,2,0.8,1.05,0.9159977380914582,188.62896557763608,0.016,0.013953337682385925,0.17451245638521518,0.17442087265862605,31.765007068674077,39,18,0,False
8.5,2,0.8,1.05,0.9039371172244106,188.6898937342748,0.016,0.01395315930353206,0.1703748027799955,0.17226063871008132,32.103595630402715,39,18,0,True
8.5,2,0.8,1.05,0.9260969990741436,190.31260873091094,0.016,0.013953073955675374,0.17800012015702105,0.17623119741413695,31.489151579414102,39,18,0,False
8.5,2,0.8,1.05,0.9332515650212904,191.5169408052898,0.016,0.013952346747772291,0.18049515129060978,0.1774969522500639,31.296768210484277,39,18,0,False
8.5,2,0.8,1.05,0.8716219424644217,189.1981659333826,0.016,0.013948853589492698,0.15948614265332187,0.16570314761283036,33.05831436886085,39,18,0,True
8.5,2,0.8,1.05,0.9304991883646162,191.0519298344571,0.016,0.01395264774153441,0.17953414372976068,0.17701125109102017,31.370374715453575,39,18,0,False
8.5,2,0.8,1.05,0.9261494810784997,190.32050713233792,0.016,0.013953056339366264,0.1780188788990839,0.17624095640632112,31.487683403479814,39,18,0,False
8.5,2,0.8,1.05,0.9205959701608993,189.39665089642102,0.016,0.01395329479074957,0.17609671553496806,0.1752443081529839,31.638661797190366,39,18,0,False
8.5,2,0.8,1.05,0.919433174473647,189.20471396281494,0.016,0.013953353745967024,0.17569415268947877,0.17503513501712603,31.67061763503876,39,18,0,False
8.5,2,0.8,1.05,0.9230964150881799,189.80947476662928,0.016,0.01395314913799405,0.17696339705155875,0.17569421204717992,31.570246598901683,39,18,0,False
8.5,2,0.8,1.05,0.9169556436262133,188.78904217343756,0.016,0.013953339341621239,0.1748419828802414,0.17459229915120372,31.73858259508005,39,18,0,False
8.5,2,0.8,1.05,0.9231990441027849,189.82659983588562,0.016,0.013953145766959772,0.17699887764227196,0.17571260802770222,31.56745836953669,39,18,0,False
8.5,2,0.8,1.05,0.8814965015987637,189.03120816643056,0.016,0.013950774327495159,0.16278178019220452,0.167742137603065,32.75904095652657,39,18,0,True
8.5,2,0.8,1.05,0.9151416514582579,188.54608291037175,0.016,0.013953423822153465,0.17421472070591362,0.17426563361300298,31.788991817839793,39,18,0,True
8.5,2,0.8,1.05,0.9211246611124339,189.4862268652773,0.016,0.013953306989824228,0.17627830188925442,0.17533849327970966,31.624303618048472,39,18,0,False
8.5,2,0.8,1.05,0.9155455907892884,188.55803091102305,0.016,0.013953418142137004,0.17435388557215592,0.1743380978146604,31.777789374966027,39,18,0,False
8.5,2,0.8,1.05,0.9204720570920207,189.37495051250022,0.016,0.013953279196575213,0.17605464084434397,0.17522252044214504,31.641985964266837,39,18,0,False
8.5,2,0.8,1.05,0.9475180624904406,193.9267188064765,0.016,0.01395022081663368,0.1855045655759758,0.1800176294253465,30.922694610980734,39,18,0,False
8.5,2,0.8,1.05,0.916391905340869,188.6999609363807,0.016,0.013953430423716042,0.17464458516311332,0.17448933788734342,31.754445822192856,39,18,0,False
8.5,2,0.8,1.05,0.8859491875132526,188.94869320703233,0.016,0.013951319301094512,0.16428226304747828,0.1686648612612697,32.62577172037486,39,18,0,True
8.5,2,0.8,1.05,0.9257956487327489,190.25676717256474,0.016,0.013952989545153628,0.17789950342818256,0.17617941534529655,31.496945192275017,39,18,0,False
8.5,2,0.8,1.05,0.913132572008138,188.5661121924821,0.016,0.013953359696307618,0.17352617073594678,0.17390712732287109,31.844584383417303,39,18,0,True
8.5,2,0.8,1.05,0.9203583342380798,189.3550298481152,0.016,0.013953264732519106,0.1760160325121196,0.1752025267774547,31.64503730929636,39,18,0,False
8.5,2,0.8,1.05,0.918675629206651,189.07610318294198,0.016,0.01395332534497886,0.17543444624371574,0.17490031911635404,31.691263738701604,39,18,0,False
8.5,2,0.8,1.05,1.0031076402491053,203.37675232519044,0.016,0.01393055361178963,0.20555012761648675,0.18975078869822645,29.5690171606408,39,18,0,False
8.5,2,0.8,1.05,0.9123561705810871,188.57865350152233,0.016,0.013953394155119335,0.17325794502771633,0.1737671764209639,31.86636331784831,39,18,0,True
8.5,2,0.8,1.05,0.9231045896364573,189.81084125465728,0.016,0.013953148914786597,0.17696622141918117,0.17569567632756516,31.57002463553469,39,18,0,False
8.5,2,0.8,1.05,0.9955552760966287,202.07760549685347,0.016,0.013934323839929697,0.20277722666821413,0.18844721650509302,29.743883369187927,39,18,0,False
8.5,2,0.8,1.05,0.9248538211660821,190.1045022627189,0.016,0.013953116315412357,0.17757011564672917,0.17600855245129784,31.522701389668484,39,18,0,False
8.5,2,0.8,1.05,0.9189385294217547,189.1192883598675,0.016,0.013953309715984104,0.17552553633848494,0.1749476911085762,31.684004577321048,39,18,0,False
8.5,2,0.8,1.05,0.9199543715507129,189.28489233912043,0.016,0.013953223945901105,0.17587849317267829,0.17513125635088653,31.65592127758868,39,18,0,False
8.5,2,0.8,1.05,0.9192312931998402,189.16696946931123,0.016,0.01395328464895219,0.17562726424657402,0.17500060995056732,31.67590116618728,39,18,0,False
8.5,2,0.8,1.05,0.9188353709886267,189.10221175873852,0.016,0.013953313550733244,0.17548988207043126,0.17492915697970213,31.686844121321588,39,18,0,False
8.5,2,0.8,1.05,0.9166681923408584,188.74316179075458,0.016,0.013953377773390736,0.1747416261136729,0.17453998204966265,31.74664019234916,39,18,0,False
8.5,2,0.8,1.05,0.9214886028464291,189.54643628418148,0.016,0.013953288827772704,0.17640431885866747,0.1754039214702204,31.614340513490383,39,18,0,False
8.5,2,0.8,1.05,0.9127900409156968,188.5760450816713,0.016,0.013953436452841608,0.17340553330912675,0.17384400535454508,31.854401941974377,39,19,0,True
8.5,2,0.8,1.05,0.9166798948002418,188.74515396417564,0.016,0.013953378435565524,0.17474562779905198,0.17454206159374427,31.746319798261815,39,19,0,False
8.5,2,0.8,1.05,0.9163240870824905,188.68389749954974,0.016,0.013953345776823667,0.17462443356983534,0.1744791132807582,31.756022389224448,39,19,0,False
8.5,2,0.8,1.05,0.9276981839701864,190.5768883998312,0.016,0.01395288652690275,0.1785591922479279,0.17651789614686855,31.4456604095763,39,19,0,False
8.5,2,0.8,1.05,0.92024522788719,189.33521493223338,0.016,0.013953250244353281,0.1759776378740254,0.17518264274208226,31.648072774930647,39,19,0,False
8.5,2,0.8,1.05,0.9209679153835212,189.4603433640646,0.016,0.013953315482158444,0.17622400477037373,0.1753102957100263,31.62860024049576,39,19,0,False
8.5,2,0.8,1.05,0.9012952471541481,188.72512747531627,0.016,0.013952990033657128,0.16947469062225504,0.1717890678499187,32.17891942751834,39,19,0,True
8.5,2,0.8,1.05,0.9181281511262563,188.9869482597115,0.016,0.013953370791841288,0.175244300117093,0.17480137056832756,31.70644202790825,39,19,0,False
8.5,2,0.8,1.05,0.9624799199816219,196.44550905649285,0.016,0.013946825713697751,0.19081355677977926,0.1826692397875188,30.54292523436688,39,19,0,False
8.5,2,0.8,1.05,0.9134955642677983,188.56553807205995,0.016,0.013953415551963059,0.1736489005127432,0.17397092499541422,31.834670699844768,39,19,0,True
8.5,2,0.8,1.05,0.9329443789326348,191.46680911295454,0.016,0.013952413303689164,0.1803865974930549,0.1774420244416755,31.305067096965484,39,19,0,False
8.5,2,0.8,1.05,0.9213444789959856,189.522480561749,0.016,0.013953294096762131,0.17635448719378263,0.1753780564640425,31.61827802313017,39,19,0,False
8.5,2,0.8,1.05,0.9113101956396611,188.59471382570274,0.016,0.01395342239895147,0.1728973299955571,0.17357897404832212,31.89571973651583,39,19,0,True
8.5,2,0.8,1.05,0.9187873879804956,189.0959326834413,0.016,0.013953344971944896,0.17547218481870785,0.17491986612368499,31.68826781781359,39,19,0,False
8.5,2,0.8,1.05,0.9066096112914649,188.65149078461545,0.016,0.013953243562475756,0.1712890851072094,0.1727391524760571,32.02768679096163,39,19,0,True
8.5,2,0.8,1.05,0.9242305815934595,189.99804076017492,0.016,0.013953097105808353,0.1773561037594279,0.17589780741344763,31.53942816325614,39,19,0,False
8.5,2,0.8,1.05,0.9315291046327278,191.22888176054485,0.016,0.01395259138069793,0.17989151939655523,0.1771917885162027,31.342955913954963,39,19,0,False
8.5,2,0.8,1.05,0.9121155084016218,188.58264227218206,0.016,0.013953405400523398,0.17317479056042998,0.17372377471197428,31.873126259846075,39,19,0,True
8.5,2,0.8,1.05,0.9198286073146763,189.26396351369456,0.016,0.013953227220454018,0.17583507024078918,0.17510870155085756,31.659367979985696,39,19,0,False
8.5,2,0.8,1.05,0.9339071112235717,191.63230552962065,0.016,0.013952351481932097,0.18072114642613557,0.17761081558772887,31.279585337278395,39,19,0,False
8.5,2,0.8,1.05,0.9247771659704088,190.0896405471259,0.016,0.013953082789292708,0.1775449840145542,0.17599564877011561,31.524649011385943,39,19,0,False
8.5,2,0.8,1.05,0.9220227133855098,189.63131646677232,0.016,0.013953199315811812,0.17659166109168667,0.17550135965804287,31.5995200350732,39,19,0,False
8.5,2,0.8,1.05,0.914295990164119,188.55875137899332,0.016,0.013953458974674178,0.17392253837269628,0.17411336538548644,31.812568994534438,39,19,0,True
8.5,2,0.8,1.05,0.9231680081281857,189.82142287687506,0.016,0.013953146822558436,0.1769881460603211,0.17570704388146902,31.56830163644511,39,19,0,False
8.5,2,0.8,1.05,0.9280818898346055,190.64330238168984,0.016,0.013952879753631355,0.17869173440184277,0.1765849349570298,31.435399376564376,39,19,0,False
8.5,2,0.8,1.05,0.9175444643881729,188.89290644939084,0.016,0.013953435852921423,0.17504099093172343,0.1746954875716418,31.722707552502513,39,19,0,False
8.5,2,0.8,1.05,0.9302139492535205,191.00404933813996,0.016,0.013952682473120908,0.1794344371460532,0.17696080169759826,31.37804914179003,39,19,0,False
8.5,2,0.8,1.05,0.8712673377981611,189.2031338364147,0.016,0.01394875782441807,0.1593689003790339,0.16562989100384473,33.069127493191765,39,19,0,True
8.5,2,0.8,1.05,0.9196815400264142,189.2448653998521,0.016,0.013953326614216695,0.17578067652325147,0.17508014983139034,31.66373267010535,39,19,0,False
8.5,2,0.8,1.05,0.9244387482142118,190.03337401185883,0.016,0.013953099727345345,0.17742772594467635,0.17593488630880802,31.533824936274634,39,19,0,False
8.5,2,0.8,1.05,0.917335068409979,188.85715138364495,0.016,0.013953422766910887,0.17496940519632853,0.1746583059029734,31.728425102477793,39,19,0,False
8.5,2,0.8,1.05,0.89224467897216,188.85873220971186,0.016,0.013952225226981385,0.16640203994022554,0.16996400734166903,32.44079387145868,39,19,0,True
8.5,2,0.8,1.05,0.9196718261359446,189.2432494962806,0.016,0.013953326869758675,0.17577732267979032,0.17507840754382656,31.6639990697678,39,19,0,False
8.5,2,0.8,1.05,0.9093727946866283,188.61890083990602,0.016,0.013953377899914885,0.17223320315505655,0.17323236052710222,31.94999286681263,39,19,0,True
8.5,2,0.8,1.05,0.9196488333638467,189.2394247468395,0.016,0.013953327474589564,0.1757693841593484,0.17507428352347898,31.664629667760096,39,19,0,False
8.5,2,0.8,1.05,0.8260345997530193,190.2273892764878,0.016,0.013934694246275034,0.14459637577216,0.1561918788609035,34.53889942141642,39,19,0,True
8.5,2,0.8,1.05,0.9220422196682239,189.63469555815712,0.016,0.013953200978125899,0.17659831608412824,0.17550480524552203,31.598996327661975,39,19,0,False
8.5,2,0.8,1.05,0.922074630305533,189.6403081947556,0.016,0.013953203702589819,0.17660937514171188,0.17551053104419315,31.598126098640666,39,19,0,False
8.5,2,0.8,1.05,0.9161449077626077,188.65391626696257,0.016,0.013953344584881266,0.17456283002246073,0.17444706392902004,31.76096566904626,39,19,0,False
8.5,2,0.8,1.05,0.9187198314239946,189.0835051946127,0.016,0.01395332525178378,0.17544966492144223,0.174908226359828,31.690051715733247,39,19,0,False
8.5,2,0.8,1.05,0.9231836772448867,189.8240326617538,0.016,0.013953146220061195,0.17699356638093666,0.17570985442771578,31.56787567956834,39,19,0,False
8.5,2,0.8,1.05,0.9144557836313886,188.54678855856469,0.016,0.013953319952275646,0.1739827026957034,0.17414512716642233,31.807646794973973,39,19,0,True
8.5,2,0.8,1.05,0.8887127823040218,188.90774373408163,0.016,0.013951730480801686,0.16521189820679655,0.1692351372324487,32.54419475639925,39,19,0,True
8.5,2,0.8,1.05,0.9197294344255409,189.2528611631723,0.016,0.013953325906133057,0.1757972120551018,0.17508873966848112,31.662419360421705,39,19,0,False
8.5,2,0.8,1.05,0.9128625383073807,188.5741013837005,0.016,0.013953422456332137,0.1734309791486249,0.17385731375197833,31.852331309988646,39,19,0,True
8.5,2,0.8,1.05,0.9273141816928305,190.51326092356462,0.016,0.013952934916930322,0.1784249651044621,0.17644943137686825,31.456084070344048,39,19,0,False
8.5,2,0.8,1.05,0.914864057408116,188.54844521920646,0.016,0.013953410977410567,0.174119717873163,0.1742162060306969,31.796639581349282,39,19,0,True
8.5,2,0.8,1.05,0.9764211327079584,198.8193240040474,0.016,0.013942347431082195,0.19582033674015048,0.18510755092622888,30.19935558369955,39,19,0,False
8.5,2,0.8,1.05,0.9306974218040281,191.0847048295467,0.016,0.013952614508566568,0.17960379033319337,0.17704651402817018,31.365013721796398,39,19,0,False
8.5,2,0.8,1.05,0.9254109359495065,190.19368989995488,0.016,0.013953026219250798,0.177765525155121,0.17610997545951748,31.50740528511358,39,19,0,False
8.5,2,0.8,1.05,0.8499520083233933,189.63108823698266,0.016,0.01394317252197855,0.15234081369248634,0.16119708912828826,33.74107664663747,39,19,0,True
8.5,2,0.8,1.05,0.9215504634121553,189.55676498648512,0.016,0.013953287362719311,0.17642567771741413,0.1754150045828301,31.612653734929967,39,19,0,False
8.5,2,0.8,1.05,0.9164962394458659,188.71642892493688,0.016,0.013953413331112953,0.17468112553651136,0.1745084003429195,31.751507126886704,39,19,0,False
8.5,2,0.8,1.05,0.918615888272813,189.06609920406626,0.016,0.013953325458825001,0.1754138782705312,0.17488963222116422,31.692902041915417,39,19,0,False
8.5,2,0.8,1.05,0.9326169107946788,191.4127790903365,0.016,0.013952473393794605,0.18027130389551418,0.17738370914376106,31.313884816839447,39,19,0,False
8.5,2,0.8,1.05,0.9204990326852366,189.37967521010066,0.016,0.013953282607982651,0.17606379973429845,0.1752272633144939,31.641262253962996,39,19,0,False
8.5,2,0.8,1.05,0.9173279031018916,188.8559283495668,0.016,0.013953422325538733,0.17496695610070304,0.17465703379664074,31.728620771749476,39,19,0,False
8.5,2,0.8,1.05,0.9192536463065606,189.17056406951815,0.016,0.013953281901517333,0.17563506308713778,0.17500466908822387,31.675279844082105,39,19,0,False
8.5,2,0.8,1.05,0.9244692786406801,190.0384355527517,0.016,0.013953097961218745,0.17743831248053743,0.17594037338023255,31.532995996786322,39,20,0,False
8.5,2,0.8,1.05,0.9232169748166683,189.8296698612619,0.016,0.013953146556429732,0.17700502432946344,0.17571579054076886,31.56697607747434,39,20,0,False
8.5,2,0.8,1.05,0.9245490294009391,190.05083211747709,0.016,0.013953078719976298,0.1774665213713516,0.17595503940466653,31.530780692148184,39,20,0,False
8.5,2,0.8,1.05,0.934432278741649,191.72087720656003,0.016,0.013952285740504626,0.1809048760423231,0.1777035713176439,31.265608083832966,39,20,0,False
8.5,2,0.8,1.05,0.9155647929925127,188.5612604500777,0.016,0.013953418622277804,0.17436047322922396,0.1743415253413058,31.777259789423816,39,20,0,False
8.5,2,0.8,1.05,0.9201542347180994,189.31927372648025,0.016,0.013953238538744573,0.17594675195320222,0.1751666465392788,31.650515346939837,39,20,0,False
8.5,2,0.8,1.05,0.9302047133274659,191.0024886650367,0.016,0.013952683408270833,0.1794312159952846,0.17695917230538838,31.3782970983135,39,20,0,False
8.5,2,0.8,1.05,0.9156274621888632,188.57180713581081,0.016,0.013953420295843734,0.1743819691671901,0.1743527089784883,31.775531989995798,39,20,0,False
8.5,2,0.8,1.05,0.8973830075323523,188.77753947120158,0.016,0.013952654639804352,0.16814583977536177,0.17103026353515166,32.291244566318774,39,20,0,True
8.5,2,0.8,1.05,0.9312437797025069,191.17511742616895,0.016,0.013952523445942774,0.1797957381825419,0.1771436765058103,31.350256008159946,39,20,0,False
8.5,2,0.8,1.05,0.9189376674469967,189.11914563328622,0.016,0.013953309747558732,0.17552523843214796,0.1749475362542799,31.68402829888775,39,20,0,False
8.5,2,0.8,1.05,0.9233380815960447,189.8492724059902,0.016,0.01395313176098655,0.17704730132971516,0.17573774217881033,31.563650014918547,39,20,0,False
8.5,2,0.8,1.05,0.9290368315929296,190.8018999383601,0.016,0.013952740971372075,0.17902628915997423,0.17675446170880493,31.40949494283052,39,20,0,False
8.5,2,0.8,1.05,0.9156659998244003,188.57829772381803,0.016,0.013953421406129771,0.17439518489627798,0.17435958423792355,31.77446994307975,39,20,0,False
8.5,2,0.8,1.05,0.9006908582752754,188.7296076242759,0.016,0.013952894979848711,0.16927090086266547,0.17168236604660234,32.19603457891056,39,20,0,True
8.5,2,0.8,1.05,0.9190560984340829,189.13872812122833,0.016,0.013953304892094476,0.17556619014793107,0.17496882424266894,31.68076775542686,39,20,0,False
8.5,2,0.8,1.05,0.9278167101567198,190.59905539383098,0.016,0.013952913915375615,0.17859900732055672,0.17653794429802813,31.44259079386025,39,20,0,False
8.5,2,0.8,1.05,0.9186148358316066,189.0659229688795,0.016,0.013953325460728144,0.17541351593534094,0.17488944395266376,31.692930905730428,39,20,0,False
8.5,2,0.8,1.05,0.9225880914421402,189.72880119497458,0.016,0.013953238713682764,0.17678491311302408,0.1756014279638981,31.584320593075585,39,20,0,False
8.5,2,0.8,1.05,0.9116523846639075,188.58716218928302,0.016,0.013953382109261862,0.17301645141345678,0.17364124861348462,31.885997209287115,39,20,0,True
8.5,2,0.8,1.05,0.9197467112300598,189.25033775053717,0.016,0.013953229364671998,0.17580679385128506,0.17509401325108456,31.661613155297168,39,20,0,False
8.5,2,0.8,1.05,0.9184329416234843,189.03767592352062,0.016,0.01395336514677874,0.17534941624217995,0.17485601500580605,31.698057179916827,39,20,0,False
8.5,2,0.8,1.05,0.9169716324880156,188.79157128893115,0.016,0.01395333678515998,0.17484758092657077,0.17459521848376458,31.738133151057486,39,20,0,False
8.5,2,0.8,1.05,0.9256711731957822,190.23519807178786,0.016,0.013952980929727809,0.17785691592715788,0.17615740693438045,31.500259337534466,39,20,0,False
8.5,2,0.8,1.05,0.9211129675688899,189.48429554322956,0.016,0.01395330762074149,0.1762742512611728,0.17533638980646,31.624624077325123,39,20,0,False
8.5,2,0.8,1.05,0.9141473253722322,188.55858335400484,0.016,0.01395343142419311,0.17387244177224895,0.1740873526325119,31.816601909930636,39,20,0,True
8.5,2,0.8,1.05,0.9137594187145396,188.55844845439256,0.016,0.013953363034303414,0.1737415989641856,0.17401939041557848,31.827145552750192,39,20,0,True
8.5,2,0.8,1.05,0.9002833604558379,188.73317493262863,0.016,0.013952837052070306,0.1691332884967821,0.1716102744887295,32.207613249484005,39,20,0,True
8.5,2,0.8,1.05,0.9024911277511344,188.71110229959805,0.016,0.013953099239395089,0.16988087951669623,0.17200186483553412,32.144865621182035,39,20,0,True
8.5,2,0.8,1.05,0.9141240989885432,188.5585628967352,0.016,0.013953427186681522,0.17386461259904096,0.17408328690269334,31.81723237962644,39,20,0,True
8.5,2,0.8,1.05,0.9167843586514676,188.76195376014428,0.016,0.013953366758512154,0.17478201253394718,0.17456102334859505,31.743398807535332,39,20,0,False
8.5,2,0.8,1.05,0.8937162413442998,188.83642678777332,0.016,0.01395237989977522,0.1669000702176158,0.17026874601116312,32.39784593509149,39,20,0,True
8.5,2,0.8,1.05,0.9186454951483634,189.07105702459103,0.016,0.013953325403920087,0.1754240714236784,0.17489492851531394,31.692090088049554,39,20,0,False
8.5,2,0.8,1.05,0.9097112502862607,188.61206158943304,0.016,0.013953351283914289,0.1723504815137535,0.17329370092734322,31.940368483230795,39,20,0,True
8.5,2,0.8,1.05,0.9182738323332269,189.01088106244256,0.016,0.01395336255619685,0.17529475059243343,0.17482761544375208,31.70241410777806,39,20,0,False
8.5,2,0.8,1.05,0.9162850712983893,188.67773491003376,0.016,0.013953352063576672,0.17461077339479597,0.17447198675270773,31.757121388056103,39,20,0,False
8.5,2,0.8,1.05,0.9212222161860442,189.50232753751334,0.016,0.013953301495387491,0.17631210395199712,0.17535604669337582,31.62162976555073,39,20,0,False
8.5,2,0.8,1.05,0.9166811545183584,188.7453683872887,0.016,0.013953378506351302,0.17474605858187978,0.17454228545805828,31.746285308186224,39,20,0,False
8.5,2,0.8,1.05,0.9235881732147176,189.89257073950156,0.016,0.013953150970836213,0.17713273081011865,0.17578194204705255,31.55695605176595,39,20,0,False
8.5,2,0.8,1.05,0.9211718564436139,189.4940207523778,0.016,0.013953304420152466,0.17629465125675495,0.1753469833582561,31.623010270547937,39,20,0,False
8.5,2,0.8,1.05,0.9038956806480579,188.69055374531072,0.016,0.01395315850645662,0.17036061264307573,0.17225320458653656,32.1047790873805,39,20,0,True
8.5,2,0.8,1.05,0.917161249754091,188.82747210520228,0.016,0.013953411805445964,0.17491000450282654,0.17462745132654903,31.7331719982948,39,20,0,False
8.5,2,0.8,1.05,0.9100127333464952,188.611209713337,0.016,0.01395339964245545,0.17245228771905452,0.17334672559694092,31.932055665244565,39,20,0,True
8.5,2,0.8,1.05,0.9141907955709073,188.55862585905055,0.016,0.013953439403705975,0.17388709299030425,0.17409496078201891,31.81542221781056,39,20,0,True
8.5,2,0.8,1.05,0.9271182539376035,190.47741480782187,0.016,0.01395289531831066,0.1783589557527982,0.17641574820137776,31.461184265281158,39,20,0,False
8.5,2,0.8,1.05,0.9201796501701685,189.32372625038562,0.016,0.013953241811604627,0.17595537859069446,0.1751711144598386,31.649833053555465,39,20,0,False
8.5,2,0.8,1.05,0.9226775962242669,189.73869287227174,0.016,0.013953146495774862,0.1768192305883704,0.17561950406826182,31.581577275499853,39,20,0,False
8.5,2,0.8,1.05,0.8910967178669174,188.87355454009844,0.016,0.013952058528621311,0.1660153077254015,0.1697273448013051,32.47426259064636,39,20,0,True
8.5,2,0.8,1.05,0.9274153847189341,190.52856047924757,0.016,0.013952898364011382,0.17846125675584676,0.17646813379317797,31.453253253532065,39,20,0,False
8.5,2,0.8,1.05,0.9148525528524676,188.5485854871608,0.016,0.013953411021591354,0.17411575909395158,0.17421414443456815,31.79695868185929,39,20,0,True
8.5,2,0.8,1.05,0.9005525314510843,188.73076670629578,0.016,0.013952874725251715,0.1692242080461445,0.17165790854312363,32.19996135117763,39,20,0,True
8.5,2,0.8,1.05,0.9196129225587033,189.23345139029246,0.016,0.013953328418957989,0.17575698561471712,0.17506784243240403,31.66561463901105,39,20,0,False
8.5,2,0.8,1.05,0.9213624713716493,189.52544412572527,0.016,0.013953292963240133,0.1763607260327649,0.1753812963106473,31.617784732895583,39,20,0,False
8.5,2,0.8,1.05,0.9161365541117269,188.65249844968753,0.016,0.013953344167788347,0.17455997162938444,0.17444557787508033,31.761194931925843,39,20,0,False
8.5,2,0.8,1.05,0.9058274523106126,188.6606336634661,0.016,0.01395319478868811,0.17102231888095124,0.17259968019092012,32.0497577806943,39,20,0,True
8.5,2,0.8,1.05,0.9234249167720829,189.86529450345986,0.016,0.013953155992347683,0.17707630098189486,0.1757526916786639,31.56138548569735,39,20,0,False
8.5,2,0.8,1.05,0.922221723846435,189.66574716856735,0.016,0.013953215407638091,0.17665959160695008,0.1755365311764442,31.594175377531553,39,20,0,False
8.5,2,0.8,1.05,0.920705132343162,189.41038912795443,0.016,0.013953212869646084,0.17613740888236498,0.1752656815338015,31.63540183470659,39,20,0,False
8.5,2,0.8,1.05,0.9235434738526113,189.88366945522228,0.016,0.013953126958556805,0.17711824269016324,0.17577451171169867,31.558081068465807,39,21,0,False
8.5,2,0.8,1.05,0.92494690549104,190.11600083029592,0.016,0.013953041120367703,0.17760504295162782,0.17602686873069892,31.51993741821013,39,21,0,False
8.5,2,0.8,1.05,0.9221403381373938,189.65167920367278,0.016,0.013953209072285313,0.17663180175122287,0.17552214250806208,31.596361558136138,39,21,0,False
8.5,2,0.8,1.05,0.9070112948745392,188.64966901223588,0.016,0.013953306770623602,0.17142468630981617,0.17280990953179257,32.01650669606194,39,21,0,True
8.5,2,0.8,1.05,0.9199841915677416,189.28985565815145,0.016,0.013953223174570803,0.17588878915435846,0.17513660404240322,31.65510423290517,39,21,0,False
8.5,2,0.8,1.05,0.9229356519378681,189.7824793157385,0.016,0.013953151306409737,0.17690793666645657,0.1756654643177416,31.57460525422466,39,21,0,False
8.5,2,0.8,1.05,0.9112854369801349,188.5956229773528,0.016,0.013953430313484163,0.17288852532113358,0.17357435576267252,31.896441104491185,39,21,0,True
8.5,2,0.8,1.05,0.9184774489237545,189.04495717894443,0.016,0.013953362036763645,0.17536485258501677,0.17486404578097903,31.696825452885893,39,21,0,False
8.5,2,0.8,1.05,0.9169305740475311,188.78507680127265,0.016,0.01395334335017845,0.1748332055161414,0.17458772177709608,31.739287339251497,39,21,0,False
8.5,2,0.8,1.05,0.9224851865857641,189.7111308912771,0.016,0.013953232909539598,0.17674966965151917,0.17558317529883116,31.587091411990034,39,21,0,False
8.5,2,0.8,1.05,0.9117137679755959,188.58564445264042,0.016,0.013953372537824046,0.17303790872973324,0.17365247182350768,31.88424592165198,39,21,0,True
8.5,2,0.8,1.05,0.915941378403634,188.61942587475104,0.016,0.01395333528679866,0.1744931564578408,0.17441083648600386,31.766556081096873,39,21,0,False
8.5,2,0.8,1.05,0.9154833895236391,188.5475760521009,0.016,0.013953416691794033,0.17433254253790462,0.17432699254676054,31.779505421685812,39,21,0,False
8.5,2,0.8,1.05,0.9148104801861225,188.54910239234096,0.016,0.013953411230115186,0.17410127997903102,0.17420660394738932,31.798125902451204,39,21,0,True
8.5,2,0.8,1.05,0.906509812311298,188.65365177710845,0.016,0.013953251364478425,0.1712545282972611,0.17272104716173806,32.030549385594924,39,21,0,True
8.5,2,0.8,1.05,0.9182937136537835,189.01414163432509,0.016,0.013953361325803855,0.1753016398095713,0.1748311994439496,31.701864170883418,39,21,0,False
8.5,2,0.8,1.05,0.9145116225677254,188.5460345295886,0.016,0.013953318864402866,0.17400194886801282,0.17415515477572774,31.80609325388981,39,21,0,True
8.5,2,0.8,1.05,0.923344983435685,189.85046257018004,0.016,0.013953132211591942,0.177049662180236,0.17573896400741312,31.563464916250172,39,21,0,False
8.5,2,0.8,1.05,0.9232560363857171,189.83635618900755,0.016,0.013953148251915895,0.17701841968509371,0.17572272641904674,31.565925058377196,39,21,0,False
8.5,2,0.8,1.05,0.9053164959095272,188.6690449677798,0.016,0.013953194668948682,0.17084693055052907,0.17250785589380652,32.06431291524094,39,21,0,True
8.5,2,0.8,1.05,0.9190980540000396,189.14550113320445,0.016,0.013953300230517685,0.17558080889144906,0.17497643221998754,31.67960272824026,39,21,0,False
8.5,2,0.8,1.05,0.9135071989537081,188.56552632429316,0.016,0.013953417419806451,0.17365283148027638,0.17397296793295683,31.83435339139718,39,21,0,True
8.5,2,0.8,1.05,0.9161728038389649,188.65865228540812,0.016,0.013953345999988754,0.1745723744958039,0.17445202589654485,31.76020019012298,39,21,0,False
8.5,2,0.8,1.05,0.9143926061471688,188.55889475678234,0.016,0.013953477273024964,0.17395508147179728,0.17413026098356604,31.80995036631833,39,21,0,True
8.5,2,0.8,1.05,0.9112164893176107,188.59005567958505,0.016,0.013953340018128884,0.17286818992910707,0.17356401607451322,31.898056318025112,39,21,0,True
8.5,2,0.8,1.05,0.9257941200796727,190.25650108643364,0.016,0.013952989419203764,0.1778989814388549,0.17617914568650317,31.496985792795883,39,21,0,False
8.5,2,0.8,1.05,0.9121274568324309,188.58246307436704,0.016,0.013953405113110584,0.17317890885233828,0.17372592354810779,31.872791325267105,39,21,0,True
8.5,2,0.8,1.05,0.9437654331286338,193.29814538120672,0.016,0.013950963526381232,0.1841787427689758,0.17935200661907985,31.02020613362961,39,21,0,False
8.5,2,0.8,1.05,0.9279020438272249,190.60964702282462,0.016,0.013952838026366893,0.1786313207289574,0.1765545193053354,31.44005361864344,39,21,0,False
8.5,2,0.8,1.05,0.9115688236814111,188.5879358186222,0.016,0.013953377176576479,0.17298791194125313,0.17362637378098192,31.888318734710435,39,21,0,True
8.5,2,0.8,1.05,0.9196925294683298,189.2466935200141,0.016,0.013953326325119975,0.1757844707739931,0.1750821208939998,31.663431298112037,39,21,0,False
8.5,2,0.8,1.05,0.9044114937496045,188.68540814090787,0.016,0.013953210147889476,0.17053573265680647,0.17234481371560612,32.09020447958831,39,21,0,True
8.5,2,0.8,1.05,0.9222104989905159,189.66380804391804,0.016,0.013953214556202182,0.17665575791543092,0.17553454618885003,31.59447694565809,39,21,0,False
8.5,2,0.8,1.05,0.9141694072250577,188.5586042592535,0.016,0.013953435469686627,0.17387988453779324,0.17409121759418933,31.81600260700908,39,21,0,True
8.5,2,0.8,1.05,0.9162541203504476,188.67246986449638,0.016,0.013953350322052306,0.17460018929076956,0.17446648513783516,31.757969881093654,39,21,0,False
8.5,2,0.8,1.05,0.9692047756834326,197.59295903158014,0.016,0.01394484005840068,0.1932208256949533,0.1838446224078392,30.376036186670515,39,21,0,False
8.5,2,0.8,1.05,0.9203057313492822,189.34581458612385,0.016,0.013953258004908998,0.17599817568203094,0.17519327911526758,31.646448937210476,39,21,0,False
8.5,2,0.8,1.05,0.9111959312954433,188.59691993201713,0.016,0.013953431303011504,0.17285772515719044,0.17355828020203357,31.898952449850324,39,21,0,True
8.5,2,0.8,1.05,0.92172956908283,189.58507568807167,0.016,0.013953254725476379,0.1764885984114928,0.17544774044467756,31.607673079897445,39,21,0,False
8.5,2,0.8,1.05,0.9158666611500755,188.6067918380559,0.016,0.013953332319913888,0.17446756256211446,0.1743975262218439,31.76861076656878,39,21,0,False
8.5,2,0.8,1.05,0.9337019922033363,191.59269453984805,0.016,0.013952288101141177,0.18065282153200496,0.17757659325761427,31.284746864039388,39,21,0,False
8.5,2,0.8,1.05,0.9256857482558369,190.2377090869503,0.016,0.013952981680136818,0.17786191035980606,0.17615998870143026,31.4998705084518,39,21,0,False
8.5,2,0.8,1.05,0.9361950161505304,192.0173205429873,0.016,0.013952041077440384,0.18152267715902723,0.17801533541006104,31.218761857905054,39,21,0,False
8.5,2,0.8,1.05,0.9152067074555528,188.54336168474384,0.016,0.013953396680802367,0.17423811663888367,0.17427789725063159,31.787095137620856,39,21,0,True
8.5,2,0.8,1.05,0.9273560227141149,190.51888278009105,0.016,0.01395290734125803,0.17844044342644114,0.17645744564794213,31.454870931100594,39,21,0,False
8.5,2,0.8,1.05,0.9177659887719137,188.92527738400966,0.016,0.013953352086678817,0.17512036342635018,0.1747370079177025,31.71632638190001,39,21,0,False
8.5,2,0.8,1.05,0.9197988451452669,189.25901148681402,0.016,0.013953227998990632,0.17582479418845104,0.17510336369289115,31.660183842797757,39,21,0,False
8.5,2,0.8,1.05,0.8524554966818201,189.57614640450672,0.016,0.013943928997983086,0.15316010663209773,0.16171835597708345,33.66031273413413,39,21,0,True
8.5,2,0.8,1.05,0.9120174464526268,188.5840446745643,0.016,0.013953406775257601,0.17314102842346554,0.1737061607545248,31.8758720977736,39,21,0,True
8.5,2,0.8,1.05,0.911264771892944,188.58949830576103,0.016,0.013953341454309019,0.1728847312998539,0.17357264357830382,31.896708556735746,39,21,0,True
8.5,2,0.8,1.05,0.9778497751944283,199.06409058936833,0.016,0.013941857977339003,0.1963349275746389,0.18535686581874108,30.164829271113476,39,21,0,False
8.5,2,0.8,1.05,0.9198112209732159,189.26107062512082,0.016,0.013953227675138243,0.17582906721670186,0.17510558331362314,31.659844578283852,39,21,0,False
8.5,2,0.8,1.05,0.9227827368847982,189.75659422937989,0.016,0.013953149579706125,0.176855329260346,0.17563820476835487,31.578739897784384,39,21,0,False
8.5,2,0.8,1.05,0.9245644833433634,190.05340079921697,0.016,0.01395307794393242,0.1774718787635587,0.17595781588952283,31.530361354912632,39,21,0,False
8.5,2,0.8,1.05,0.9165388706604755,188.72111956419468,0.016,0.01395336992963193,0.17469742453770473,0.17451701261209265,31.7501797074878,39,21,0,False
8.5,2,0.8,1.05,0.921278114037862,189.51154424314305,0.016,0.01395329817209111,0.1763314790590242,0.17536610827786894,31.620097415607866,39,21,0,False
8.5,2,0.8,1.05,0.9203989449512822,189.36214393803039,0.016,0.013953269911518329,0.1760298190595244,0.17520966637579644,31.643947596689063,39,21,0,False
8.5,2,0.8,1.05,0.9212056525360486,189.49959568904367,0.016,0.013953302464068966,0.17630636337017536,0.1753530655683784,31.622083823797258,39,21,0,False
8.5,2,0.8,1.05,0.9204178102816687,189.36544859777777,0.016,0.01395327231241669,0.17603622368248656,0.17521298307512997,31.643441408109418,39,22,0,False
8.5,2,0.8,1.05,0.919411982847048,189.20132818459126,0.016,0.013953356762982904,0.17568674388236966,0.17503127807023472,31.6712077539182,39,22,0,False
8.5,2,0.8,1.05,0.9200931775928335,189.30857744136895,0.016,0.013953230668432182,0.1759260280415475,0.1751559129259645,31.652154645816374,39,22,0,False
8.5,2,0.8,1.05,0.9035838730080058,188.6914597885507,0.016,0.013953095869260301,0.17025591638585216,0.1721985156079391,32.11348908237256,39,22,0,True
8.5,2,0.8,1.05,0.9212246206392891,189.50272407782816,0.016,0.013953301354188378,0.1763129373039736,0.17535647945837207,31.6215638522457,39,22,0,False
8.5,2,0.8,1.05,0.9168651942528273,188.77473631087423,0.016,0.013953353808686926,0.17481031482117412,0.17457578400920415,31.7411255232838,39,22,0,False
8.5,2,0.8,1.05,0.9116344266430145,188.58738063770593,0.016,0.01395338177704204,0.17301029086606298,0.1736380355764271,31.886498628431738,39,22,0,True
8.5,2,0.8,1.05,0.9211044750101042,189.4828929353834,0.016,0.01395330807919153,0.17627130944640793,0.17533486212521948,31.624856821963007,39,22,0,False
8.5,2,0.8,1.05,0.929301463127818,190.84753269834042,0.016,0.013952731711412621,0.17911789511052825,0.1768007741490318,31.402429019998685,39,22,0,False
8.5,2,0.8,1.05,0.9127733055468451,188.5764775252202,0.016,0.013953439447797715,0.17339966754708988,0.17384093807523127,31.85487923071024,39,22,0,True
8.5,2,0.8,1.05,0.9172920118626526,188.84980160244083,0.016,0.013953420101567379,0.17495468904438824,0.17465066201603324,31.72960090136595,39,22,0,False
8.5,2,0.8,1.05,0.9136094964188111,188.5654406337412,0.016,0.013953434047215286,0.17368738695743197,0.17399092529179191,31.83156465696472,39,22,0,True
8.5,2,0.8,1.05,0.9159633502899903,188.62314393555715,0.016,0.013953336204535838,0.174500681141906,0.1744147494933791,31.765952109799596,39,22,0,False
8.5,2,0.8,1.05,0.9295525461009023,190.88950637742894,0.016,0.013952699120047832,0.17920572579390576,0.17684524531197404,31.39564838396752,39,22,0,False
8.5,2,0.8,1.05,0.9337140031145862,191.59470905041945,0.016,0.013952286429890774,0.1806570313157607,0.17757871979978376,31.284426059431077,39,22,0,False
8.5,2,0.8,1.05,0.9181211415707619,188.98575563677034,0.016,0.013953370453420861,0.17524190039070242,0.17480012440294668,31.70663331970727,39,22,0,False
8.5,2,0.8,1.05,0.9151938004681015,188.5457387733957,0.016,0.01395342755843149,0.17423251879635002,0.17427488853975753,31.787560430838408,39,22,0,True
8.5,2,0.8,1.05,0.9149500053719962,188.54741192473568,0.016,0.01395341082152708,0.17414928677495797,0.1742316035261643,31.794256602817132,39,22,0,True
8.5,2,0.8,1.05,0.9177141748343534,188.91644664245902,0.016,0.013953349225015144,0.17510263954627003,0.17472780301346397,31.717740740181057,39,22,0,False
8.5,2,0.8,1.05,0.90985119955621,188.61219557521005,0.016,0.013953381119073948,0.1723974614077007,0.17331814823729214,31.936535028787684,39,22,0,True
8.5,2,0.8,1.05,0.9190518316286774,189.13803901844508,0.016,0.013953305360408232,0.17556470367331264,0.17496805064951465,31.680886224541258,39,22,0,False
8.5,2,0.8,1.05,0.9160997655844522,188.64625679687376,0.016,0.013953342367380652,0.1745473822701635,0.17443903257585788,31.762204773857775,39,22,0,False
8.5,2,0.8,1.05,0.9161411878076378,188.6532848768942,0.016,0.013953344398767142,0.17456155716837596,0.17444640218522167,31.761067759823884,39,22,0,False
8.5,2,0.8,1.05,0.9238482159528956,189.93606095856074,0.016,0.013953143520490105,0.17722261030437456,0.1758285245284289,31.549905728592606,39,22,0,False
8.5,2,0.8,1.05,0.9157539607566652,188.59312670036547,0.016,0.01395342417262297,0.1744253409921422,0.1743752711372509,31.77204711717581,39,22,0,False
8.5,2,0.8,1.05,0.9230330998158888,189.79887046818848,0.016,0.013953150496189637,0.17694153506702823,0.1756828786968058,31.571964722124353,39,22,0,False
8.5,2,0.8,1.05,0.9262126678770578,190.33001153316525,0.016,0.013953035033817713,0.1780414708671664,0.1762527097243114,31.48591545944823,39,22,0,False
8.5,2,0.8,1.05,0.9401516542994334,192.68567407297317,0.016,0.013951492280913927,0.18290995692073383,0.17871420287186127,31.114488052578768,39,22,0,False
8.5,2,0.8,1.05,0.9246896853731514,190.07343482728965,0.016,0.013953057811863444,0.17751578431006185,0.17598061040246668,31.52691927581046,39,22,0,False
8.5,2,0.8,1.05,0.932367709511249,191.3704215833091,0.016,0.01395249683829277,0.18018443225046657,0.17733983151590044,31.320524227765084,39,22,0,False
8.5,2,0.8,1.05,0.9175520977128743,188.88881290634302,0.016,0.013953340002897965,0.17504720931662834,0.1746990143116116,31.722165389981047,39,22,0,False
8.5,2,0.8,1.05,0.9241882177972399,189.991023863912,0.016,0.01395309962322087,0.17734141198177308,0.17589019125344085,31.54057944912953,39,22,0,False
8.5,2,0.8,1.05,0.9239532903206732,189.95205852740216,0.016,0.013953112469262287,0.17725997415199693,0.17584797345569156,31.546963466101865,39,22,0,False
8.5,2,0.8,1.05,0.9202964794452123,189.34419375292634,0.016,0.013953256819641454,0.17599503507330957,0.17519165263865627,31.646697232991546,39,22,0,False
8.5,2,0.8,1.05,0.9223535159296595,189.68848329747206,0.016,0.013953224803765575,0.1767046266036426,0.17555985004744926,31.590633299893152,39,22,0,False
8.5,2,0.8,1.05,0.95296037784198,194.8489302928997,0.016,0.01394921155011967,0.18742567907785174,0.18097919630811554,30.783392643330405,39,22,0,False
8.5,2,0.8,1.05,0.919059672831892,189.1393053566385,0.016,0.013953304498981552,0.17556743543194336,0.17496947231603263,31.68066850958014,39,22,0,False
8.5,2,0.8,1.05,0.9127846887466499,188.57618399458764,0.016,0.01395343741936747,0.17340365704114422,0.1738430242082283,31.85455461249186,39,22,0,True
8.5,2,0.8,1.05,0.9216097780275564,189.56667205511937,0.016,0.013953286002990652,0.17644615602747793,0.17542563025661106,31.61103682216624,39,22,0,False
8.5,2,0.8,1.05,0.9156321092691723,188.5725896030827,0.016,0.01395342042644781,0.17438356291096865,0.17435353811508755,31.77540390468501,39,22,0,False
8.5,2,0.8,1.05,0.9393707172209869,192.55161934087587,0.016,0.013951568745586753,0.18263733489696152,0.1785770985378206,31.13486449840398,39,22,0,False
8.5,2,0.8,1.05,0.9245391678415994,190.04919577877675,0.016,0.013953079269117947,0.17746310258570455,0.17595326758679827,31.53104830132251,39,22,0,False
8.5,2,0.8,1.05,0.9381103230966399,192.34241587254866,0.016,0.013951811872861304,0.1821927029106274,0.17835296442337512,31.168259256296455,39,22,0,False
8.5,2,0.8,1.05,0.9162919293948985,188.67882661960942,0.016,0.013953351110265074,0.174613168863325,0.17447323602788173,31.756928726337758,39,22,0,False
8.5,2,0.8,1.05,0.916093142723233,188.6451335312041,0.016,0.013953342049549062,0.17454511564043243,0.17443785410408172,31.762386604410615,39,22,0,False
8.5,2,0.8,1.05,0.9172523418384817,188.84302874171047,0.016,0.013953417617477482,0.17494113151774252,0.17464361985896001,31.730684253443137,39,22,0,False
8.5,2,0.8,1.05,0.9179024555266693,188.94852728005938,0.016,0.013953359414447019,0.17516705289231813,0.17476125540353973,31.712601571363493,39,22,0,False
8.5,2,0.8,1.05,0.966018528278044,197.04816817779306,0.016,0.013945805166011495,0.19207911025050645,0.18328860651943224,30.454781116297557,39,22,0,False
8.5,2,0.8,1.05,0.9077888577891214,188.64022401233876,0.016,0.013953343913082039,0.17169035123540033,0.17294874293666054,31.994603151183657,39,22,0,True
8.5,2,0.8,1.05,0.9182464288321845,189.00638667284187,0.016,0.01395336424629205,0.17528525507615658,0.17482267550928784,31.70317214785132,39,22,0,False
8.5,2,0.8,1.05,0.9934994084836511,201.73013991004663,0.016,0.013935354832276745,0.2020222718061114,0.18808837353218663,29.792166547744465,39,22,0,False
8.5,2,0.8,1.05,0.9188019075434676,189.0983370167488,0.016,0.013953344451949394,0.17547720230469924,0.1749224744408922,31.687868110062855,39,22,0,False
8.5,2,0.8,1.05,0.91877318799068,189.09357266315632,0.016,0.013953345310592767,0.17546727789121064,0.17491731526730853,31.688658734294723,39,22,0,False
8.5,2,0.8,1.05,0.9272658365774687,190.50595034654415,0.016,0.013952952383274571,0.17840765050752408,0.17644050986907553,31.457434700711158,39,22,0,False
8.5,2,0.8,1.05,0.9211437633302203,189.48938193305747,0.016,0.013953305959970446,0.17628491886112738,0.1753419294102563,31.62378015190102,39,22,0,False
8.5,2,0.8,1.05,0.9212743341847225,189.51092113628744,0.016,0.013953298399624066,0.1763301687872181,0.17536542784926984,31.620201036066057,39,22,0,False
8.5,2,0.8,1.05,0.9166350158449876,188.7375116834221,0.016,0.01395337585174387,0.17473028303841528,0.1745340874858001,31.747548415495675,39,22,0,False
8.5,2,0.8,1.05,0.9195797037858134,189.22792608359305,0.016,0.013953329291995928,0.17574551661132615,0.17506188412154997,31.666525863152618,39,22,0,False
8.5,2,0.8,1.05,0.9144604485007227,188.5467251425293,0.016,0.013953319856335878,0.1739843107312733,0.17414596501043078,31.80751698236524,39,23,0,True
8.5,2,0.8,1.05,0.9118797757556311,188.58582081971423,0.016,0.013953405923914653,0.17309373439234005,0.17368149381843978,31.879718584699017,39,23,0,True
8.5,2,0.8,1.05,0.9155656752418289,188.56140885475702,0.016,0.013953418644705668,0.17436077588727045,0.1743416828107869,31.777235459506706,39,23,0,False
8.5,2,0.8,1.05,0.9184196712566801,189.0354930241833,0.016,0.01395336586009127,0.17534482178897756,0.17485362534971352,31.698423722437003,39,23,0,False
8.5,2,0.8,1.05,0.9210672920994436,189.47675226121552,0.016,0.013953310088911437,0.17625842927950752,0.17532817337054596,31.625875923102477,39,23,0,False
8.5,2,0.8,1.05,0.915610623051487,188.568972258489,0.016,0.01395341983011631,0.17437619381338607,0.17434970433967445,31.775996160272232,39,23,0,False
8.5,2,0.8,1.05,0.9331523916970127,191.50439459985552,0.016,0.013952432619128223,0.18045760630383278,0.17747775501300506,31.29966793711029,39,23,0,False
8.5,2,0.8,1.05,0.9193710484209789,189.1947797400675,0.016,0.013953362436353908,0.17567243869998425,0.17502383127749777,31.67234721559097,39,23,0,False
8.5,2,0.8,1.05,0.9188964580752037,189.1123228820543,0.016,0.013953311266294026,0.17551099580564553,0.17494013269338016,31.685162483944335,39,23,0,False
8.5,2,0.8,1.05,0.9102806929586311,188.6016552834608,0.016,0.013953319980991589,0.1725473192212258,0.17339658632486052,31.92424462626441,39,23,0,True
8.5,2,0.8,1.05,0.9208372999800075,189.43880695018908,0.016,0.013953323088918581,0.17617875733179736,0.17528679556986598,31.63218239082447,39,23,0,False
8.5,2,0.8,1.05,0.9303945982184559,191.03458077233157,0.016,0.01395266420199815,0.17949743993013403,0.1769926691727229,31.373200783752388,39,23,0,False
8.5,2,0.8,1.05,0.9279674730030636,190.62190769957786,0.016,0.01395285355230579,0.17865329925969672,0.17656558490289168,31.438360114086016,39,23,0,False
8.5,2,0.8,1.05,0.9245375140054015,190.04892136244203,0.016,0.01395307936128225,0.17746252923498745,0.17595297044115374,31.5310931818103,39,23,0,False
8.5,2,0.8,1.05,0.9206171164700958,189.40035341714724,0.016,0.013953297431276615,0.17610389662800455,0.17524802667246447,31.638094561731865,39,23,0,False
8.5,2,0.8,1.05,0.9208945124454814,189.44822609048344,0.016,0.013953319488664474,0.1761985772276254,0.17529708969489474,31.630613101148878,39,23,0,False
8.5,2,0.8,1.05,0.9259766382506607,190.2886695877183,0.016,0.0139530114159751,0.17796104118796577,0.17621118166104388,31.49216344224733,39,23,0,False
8.5,2,0.8,1.05,0.9118095842706074,188.5851303979042,0.016,0.013953383288167745,0.1730704474447779,0.17366941429178462,31.88160272362129,39,23,0,True
8.5,2,0.8,1.05,0.9162688388213597,188.67497283055272,0.016,0.013953351135978731,0.1746052226819239,0.17446910152353207,31.7575663576752,39,23,0,False
8.5,2,0.8,1.05,0.9243813351867003,190.0238550617886,0.016,0.013953103025991245,0.1774078187735097,0.17592456809165496,31.53538389584274,39,23,0,False
8.5,2,0.8,1.05,0.9204065241423047,189.36347160343266,0.016,0.013953270876481249,0.17603239211520189,0.17521099886220212,31.643744232214026,39,23,0,False
8.5,2,0.8,1.05,0.9280120894887613,190.6302502534714,0.016,0.013952863773981689,0.17866828695414216,0.17657313057878185,31.437205459030178,39,23,0,False
8.5,2,0.8,1.05,0.9201543789568167,189.31929899545284,0.016,0.013953238557324948,0.1759468009111112,0.17516667189580337,31.65051147463955,39,23,0,False
8.5,2,0.8,1.05,0.9255927405065368,190.22189732570445,0.016,0.013952980618453686,0.1778298977571421,0.17614342823178614,31.502364854344435,39,23,0,False
8.5,2,0.8,1.05,0.9186626731777545,189.0739336001771,0.016,0.013953325370732626,0.17542998560564582,0.17489800144617748,31.691619017025285,39,23,0,False
8.5,2,0.8,1.05,0.9207244659230863,189.41377276804585,0.016,0.013953215249316088,0.1761439759002083,0.17526908195849158,31.634883277276142,39,23,0,False
8.5,2,0.8,1.05,0.9295742533810682,190.89309047443018,0.016,0.013952695494739471,0.17921335032773064,0.1768491080145281,31.39505962903146,39,23,0,False
8.5,2,0.8,1.05,0.8877257193798264,188.9278004237828,0.016,0.013951664801131022,0.1648768980948692,0.16902947355412376,32.57354580496713,39,23,0,True
8.5,2,0.8,1.05,0.9028625363948688,188.7026422186644,0.016,0.013953074296307107,0.17000920976721148,0.17206923824628415,32.134105802422326,39,23,0,True
8.5,2,0.8,1.05,0.9277525373460492,190.58705803164474,0.016,0.013952899181523431,0.1785774504053646,0.1765270898825048,31.444252628344863,39,23,0,False
8.5,2,0.8,1.05,0.9251316787879054,190.14894951176043,0.016,0.013953070928143272,0.17766758603711819,0.17605914759316219,31.515068179198305,39,23,0,False
8.5,2,0.8,1.05,0.9247078748132463,190.07567815298023,0.016,0.013953043072346192,0.17752261218684565,0.17598419165344747,31.526378589641048,39,23,0,False
8.5,2,0.8,1.05,0.915529677897057,188.5553553068549,0.016,0.01395341775583348,0.17434842595374397,0.17433525713617995,31.778228306394585,39,23,0,False
8.5,2,0.8,1.05,0.92539585368962,190.19126347010277,0.016,0.013953028445697338,0.17776023514345354,0.17610723026709105,31.50781901605691,39,23,0,False
8.5,2,0.8,1.05,0.918066874255463,188.9765209426693,0.016,0.013953367798566778,0.17522332334062532,0.17479047737043038,31.708114295071688,39,23,0,False
8.5,2,0.8,1.05,0.8927265620370243,188.85149643077727,0.016,0.013952278473476895,0.1665650136634339,0.1700637487369196,32.42671864359465,39,23,0,True
8.5,2,0.8,1.05,0.919318289321629,189.1809176055156,0.016,0.013953273151598005,0.17565762702747087,0.17501641368985404,31.67348232742045,39,23,0,False
8.5,2,0.8,1.05,0.9141593499353328,188.55859456199062,0.016,0.013953433625118333,0.1738764947666291,0.17408945732894296,31.81627555054649,39,23,0,True
8.5,2,0.8,1.05,0.922597393020866,189.73039305888116,0.016,0.0139532391363148,0.17678810086043084,0.17560307902097425,31.58406999176437,39,23,0,False
8.5,2,0.8,1.05,0.9254684798839838,190.20299900696622,0.016,0.013953018544057783,0.17778564479271577,0.17612041090631667,31.50583269217407,39,23,0,False
8.5,2,0.8,1.05,0.9083199994923262,188.63244767838503,0.016,0.013953348537786063,0.1718726152928401,0.17304401768107575,31.97959708393739,39,23,0,True
8.5,2,0.8,1.05,0.9114558242869782,188.5905476158096,0.016,0.013953392148745577,0.17294851325966917,0.17360577231352955,31.891534835108317,39,23,0,True
8.5,2,0.8,1.05,0.9317351953567005,191.2633052635262,0.016,0.013952562054624314,0.17996373531401694,0.17722831357007246,31.337417232150337,39,23,0,False
8.5,2,0.8,1.05,0.9213256501625191,189.5193786053148,0.016,0.013953295270458623,0.1763479588081377,0.17537466625681195,31.618794230909728,39,23,0,False
8.5,2,0.8,1.05,0.9129405564575664,188.57350717057162,0.016,0.013953428142562535,0.17345759048446743,0.1738711697115775,31.85017590112186,39,23,0,True
8.5,2,0.8,1.05,0.9226716251120434,189.73767396818695,0.016,0.013953146279066022,0.17681718208375333,0.17561844294855222,31.58173829698387,39,23,0,False
8.5,2,0.8,1.05,0.9179538250120771,188.957275759303,0.016,0.013953362090399005,0.17518463133822626,0.17477038425661232,31.711199560935942,39,23,0,False
8.5,2,0.8,1.05,0.9910664974646021,201.31234550379824,0.016,0.013936438017467474,0.20113483426854742,0.18766645296773338,29.849229527866132,39,23,0,False
8.5,2,0.8,1.05,0.9091137216615008,188.6190207244581,0.016,0.013953326819819685,0.17214608841012813,0.1731870006541055,31.957115334164584,39,23,0,True
8.5,2,0.8,1.05,0.9195117222811975,189.21661938774284,0.016,0.013953331076057571,0.17572204585458143,0.1750496903722401,31.66839093203762,39,23,0,False
8.5,2,0.8,1.05,0.9019203858614133,188.7143930141805,0.016,0.013953001197049213,0.1696886898325595,0.17190133256544013,32.160940632438795,39,23,0,True
8.5,2,0.8,1.05,0.9167274854041373,188.75296237542887,0.016,0.013953375888799534,0.17476209953770058,0.1745506375281838,31.74499860897776,39,23,0,False
8.5,2,0.8,1.05,0.9167884875448676,188.76260659069294,0.016,0.013953366096443978,0.17478345816309193,0.17456177731517994,31.74328267788546,39,23,0,False
8.5,2,0.8,1.05,0.9175110475127514,188.88717845027614,0.016,0.013953433344354279,0.17502956544725734,0.17468955338265071,31.723619871004246,39,23,0,False
8.5,2,0.8,1.05,0.9132536415006511,188.56587605274538,0.016,0.01395337780721609,0.17356712384812675,0.1739284188092872,31.841274843032373,39,23,0,True
8.5,2,0.8,1.05,0.9164536409285822,188.70970388002968,0.016,0.01395342029136708,0.17466620706637606,0.17450061783998372,31.752706792744785,39,23,0,False
8.5,2,0.8,1.05,0.9207903887279874,189.4253077755312,0.016,0.013953223307369002,0.17616637007111027,0.1752806776176686,31.633115150747315,39,23,0,False
8.5,2,0.8,1.05,0.9189240268331218,189.11688709165443,0.016,0.01395331024827405,0.17552052407827357,0.17494508567855513,31.68440370057433,39,23,0,False
8.5,2,0.8,1.05,0.9136300912300501,188.56542719495877,0.016,0.013953437438963613,0.17369434216385904,0.17399453941698206,31.83100347825399,39,24,0,True
8.5,2,0.8,1.05,0.9120222159495164,188.58397920908433,0.016,0.01395340674797394,0.1731426690405463,0.1737070165806013,31.87573866717763,39,24,0,True
8.5,2,0.8,1.05,0.9209247697763968,189.45322063191045,0.016,0.013953317834655045,0.1762090587347871,0.17530253343366253,31.629783321274704,39,24,0,False
8.5,2,0.8,1.05,0.9270588125325566,190.4670031093669,0.016,0.013952891469849663,0.17833861440025686,0.1764053410291799,31.462760572708685,39,24,0,False
8.5,2,0.8,1.05,0.9184498977395124,189.04046501477126,0.016,0.013953364232563688,0.17535528689445778,0.174859068416986,31.697588843899787,39,24,0,False
8.5,2,0.8,1.05,0.9160451558872994,188.63699828749012,0.016,0.013953339803681892,0.17452869040052807,0.1744293139386091,31.763704387351144,39,24,0,False
8.5,2,0.8,1.05,0.9394903409395821,192.5716029486451,0.016,0.013951547550760496,0.18267946585841383,0.1785983215275989,31.131707792699316,39,24,0,False
8.5,2,0.8,1.05,0.9155013961401914,188.55060160140044,0.016,0.013953417095167347,0.1743387217176438,0.174330207807493,31.77900855419809,39,24,0,False
8.5,2,0.8,1.05,0.9124273754391123,188.5773097567081,0.016,0.013953388484562844,0.17328263648628153,0.17378006979812388,31.864355052678707,39,24,0,True
8.5,2,0.8,1.05,0.9321064439495159,191.32658534646242,0.016,0.013952531240719704,0.18009297981912226,0.17729360233856384,31.327523910349882,39,24,0,False
8.5,2,0.8,1.05,0.9240535234675193,189.9671107915425,0.016,0.013953079180025755,0.17729578093595025,0.17586662388750154,31.544142752968906,39,24,0,False
8.5,2,0.8,1.05,0.9170449559308721,188.8085367580159,0.016,0.013953420845535039,0.17486964786201462,0.1746064363724284,31.736406280816993,39,24,0,False
8.5,2,0.8,1.05,0.9232789244113218,189.84025368264886,0.016,0.01395314885437945,0.17702627271024504,0.17572679283464032,31.565308906969438,39,24,0,False
8.5,2,0.8,1.05,0.9153325992218787,188.54265651545697,0.016,0.013953407355325685,0.17428102150285157,0.1743002011390132,31.78364649012347,39,24,0,True
8.5,2,0.8,1.05,0.9127156656942246,188.5709663178042,0.016,0.013953352489637647,0.17338307711842751,0.1738325499117378,31.856184590462718,39,24,0,True
8.5,2,0.8,1.05,0.9187608091700626,189.09036720468265,0.016,0.01395332515675324,0.17546377384889497,0.17491555684641374,31.688928218934514,39,24,0,False
8.5,2,0.8,1.05,0.9243066138893438,190.01063314492555,0.016,0.0139530925388995,0.17738247080771924,0.17591147540582744,31.537362368255632,39,24,0,False
8.5,2,0.8,1.05,0.9261371739123935,190.31865553542542,0.016,0.013953060481988137,0.17801447946144433,0.1762386676472288,31.488027714247085,39,24,0,False
8.5,2,0.8,1.05,0.9200640857541267,189.3034811942499,0.016,0.013953226915683096,0.17591615389415433,0.17515079864178232,31.652935815731485,39,24,0,False
8.5,2,0.8,1.05,0.9200189053227382,189.29563325723944,0.016,0.013953222265950065,0.1759007747642725,0.17514282919265373,31.654153203583803,39,24,0,False
8.5,2,0.8,1.05,0.9208764844050458,189.4452504290758,0.016,0.013953320475873617,0.17619233205856394,0.17529384611473367,31.631107544775833,39,24,0,False
8.5,2,0.8,1.05,0.9191760374203417,189.15807456450727,0.016,0.013953291266978172,0.1756079926230628,0.17499057976705357,31.67743661396478,39,24,0,False
8.5,2,0.8,1.05,0.9173863385298875,188.86590158635212,0.016,0.013953425900136956,0.17498693029517656,0.17466740868820044,31.727025058632442,39,24,0,False
8.5,2,0.8,1.05,0.9158730046679036,188.60786390051396,0.016,0.013953332562590726,0.17446973582508465,0.17439865649192213,31.768436273404905,39,24,0,False
8.5,2,0.8,1.05,0.9234856245678542,189.87463643612512,0.016,0.013953139919263256,0.1770978131393315,0.17576388637823598,31.55969003869668,39,24,0,False
8.5,2,0.8,1.05,0.9216349554627781,189.57088681144103,0.016,0.013953285604351594,0.17645484786167964,0.1754301400566468,31.610350637144027,39,24,0,False
8.5,2,0.8,1.05,0.9042789425465771,188.6866047080946,0.016,0.013953195309758642,0.1704907871006201,0.17232130899661874,32.0939421336895,39,24,0,True
8.5,2,0.8,1.05,0.9365229457830213,192.07030724950408,0.016,0.013951955928168357,0.18163917576701163,0.17807421402332604,31.209937608676828,39,24,0,False
8.5,2,0.8,1.05,0.911006459646105,188.59399642530124,0.016,0.013953354583616719,0.17279545849415365,0.17352601543736956,31.903994636498684,39,24,0,True
8.5,2,0.8,1.05,0.9072648820523259,188.64173465676734,0.016,0.013953252047233224,0.17151379282481205,0.172856681948322,32.009122589968925,39,24,0,True
8.5,2,0.8,1.05,0.9209332441207173,189.45461955872926,0.016,0.013953317372041238,0.17621199433720514,0.17530405806645397,31.62955093546808,39,24,0,False
8.5,2,0.8,1.05,0.9141047198247003,188.5585470313505,0.016,0.013953423664955318,0.17385807974804546,0.17407989427320802,31.817758500066233,39,24,0,True
8.5,2,0.8,1.05,0.9209925193155385,189.46440550912524,0.016,0.013953314143709428,0.17623252773629322,0.17531472204449583,31.62792566228314,39,24,0,False
8.5,2,0.8,1.05,0.9226253642887945,189.73517700496427,0.016,0.013953240351006218,0.17679768906878968,0.1756080452452489,31.58331624157715,39,24,0,False
8.5,2,0.8,1.05,0.9171208119304816,188.8205640160903,0.016,0.013953409174586753,0.17489618857521252,0.17462027469533362,31.734276401363953,39,24,0,False
8.5,2,0.8,1.05,0.9281426916982591,190.6546741594416,0.016,0.013952893694640143,0.1787121589659261,0.17659521706738143,31.433826449322712,39,24,0,False
8.5,2,0.8,1.05,0.9191261004975313,189.1500256020226,0.016,0.013953297053843345,0.17559058360517277,0.17498151931858155,31.678823798795552,39,24,0,False
8.5,2,0.8,1.05,0.9181953407629371,188.9980072606557,0.016,0.013953367378189835,0.1752675535354983,0.1748134663299205,31.704585450951143,39,24,0,False
8.5,2,0.8,1.05,0.9202948786363981,189.34391330781634,0.016,0.013953256614504557,0.1759944916726019,0.17519137121841258,31.646740194812846,39,24,0,False
8.5,2,0.8,1.05,0.9206476964715946,189.40570720872552,0.016,0.013953301237385635,0.1761142818179783,0.175253404295475,31.63727429353223,39,24,0,False
8.5,2,0.8,1.05,0.9077530402110028,188.64030582872977,0.016,0.013953337395518864,0.17167829048622432,0.17294245585521065,31.995594109227778,39,24,0,True
8.5,2,0.8,1.05,0.9264184659416769,190.3608866679613,0.016,0.013952964115565451,0.178115114992819,0.17629102440496444,31.480154142827622,39,24,0,False
8.5,2,0.8,1.05,0.9010794417884538,188.72662201914306,0.016,0.01395295492307249,0.1694019645734139,0.17175099715645614,32.18502298208061,39,24,0,True
8.5,2,0.8,1.05,0.9197542063525528,189.25158469636455,0.016,0.013953229168217531,0.1758093816948799,0.17509535754848427,31.66140765383694,39,24,0,False
8.5,2,0.8,1.05,0.9261776897232942,190.32475115906334,0.016,0.01395304684603311,0.1780289637045134,0.17624620293573517,31.486894180305985,39,24,0,False
8.5,2,0.8,1.05,0.9214518984859489,189.5403095923572,0.016,0.01395328971975988,0.1763916450338575,0.17539734475912333,31.615341570845814,39,24,0,False
8.5,2,0.8,1.05,0.9238241350701709,189.93169723714786,0.016,0.013953138224155885,0.1772144982170133,0.1758243379306205,31.550539188029624,39,24,0,False
8.5,2,0.8,1.05,0.8681308887761876,189.25814870843752,0.016,0.013948025566868527,0.15832851802293274,0.16497883302009614,33.16568436493815,39,24,0,True
8.5,2,0.8,1.05,0.930680482532794,191.08190554469792,0.016,0.013952617379506285,0.17959783766048687,0.17704350018221984,31.36547180974798,39,24,0,False
8.5,2,0.8,1.05,0.9203675604707829,189.35664610660356,0.016,0.013953265910336406,0.17601916458690847,0.17520414878720766,31.644789733309054,39,24,0,False
8.5,2,0.8,1.05,0.8844469569472379,188.97670877497532,0.016,0.013951153251681196,0.16377519102042323,0.1683532393808737,32.67060195420088,39,24,0,True
8.5,2,0.8,1.05,0.9246898736306444,190.07345804266637,0.016,0.013953057659269914,0.17751585497862404,0.1759806474687331,31.526913679521932,39,24,0,False
8.5,2,0.8,1.05,0.9164586474300158,188.71049416519588,0.016,0.013953419472069047,0.17466796043811456,0.17450153253339956,31.752565786713355,39,24,0,False
8.5,2,0.8,1.05,0.9170214202463556,188.79941865583845,0.016,0.01395332826674704,0.1748650135864861,0.17460430935156207,31.736733691152914,39,24,0,False
8.5,2,0.8,1.05,0.9225077446070375,189.71500298501303,0.016,0.013953234149355787,0.17675739224144457,0.1755871746779309,31.586484231465395,39,24,0,False
8.5,2,0.8,1.05,0.9187697314913683,189.09300037651204,0.016,0.013953345435529584,0.17546608340167127,0.17491669430548598,31.688753898274168,39,24,0,False
8.5,2,0.8,1.05,0.9231862378170365,189.8244589831653,0.016,0.013953146118712888,0.17699445225536553,0.17571031377816687,31.567806063562994,39,24,0,False
8.5,2,0.8,1.05,0.9199953684849146,189.29171606689712,0.016,0.01395322288611094,0.17589264820739717,0.17513860839276202,31.65479801497622,39,24,0,False
8.5,2,0.8,1.05,0.9272717663170577,190.50685141126954,0.016,0.013952950325102955,0.17840977342822836,0.17644160367542264,31.45726909986451,39,25,0,False
8.5,2,0.8,1.05,0.9250639385035965,190.13781779802423,0.016,0.013953076800045369,0.1776440232437866,0.17604693365153887,31.516910383832805,39,25,0,False
8.5,2,0.8,1.05,0.9194499751895503,189.2073959778455,0.016,0.013953351313030694,0.1757000279589676,0.17503819371140944,31.670149672863236,39,25,0,False
8.5,2,0.8,1.05,0.9202366478265558,189.33371177202176,0.016,0.013953249142160834,0.17597472546018403,0.17518113439917077,31.648303070864202,39,25,0,False
8.5,2,0.8,1.05,0.920766758743236,189.42117350557996,0.016,0.0139532204293225,0.17615834248299092,0.17527652096795712,31.633748930856267,39,25,0,False
8.5,2,0.8,1.05,0.9193786705327247,189.19599988128078,0.016,0.013953361394766555,0.1756751018004175,0.17502521756568507,31.672135085376237,39,25,0,False
8.5,2,0.8,1.05,0.9052565926835068,188.66962537491156,0.016,0.013953188899349574,0.17082657985513244,0.1724972163680879,32.06600064212772,39,25,0,True
8.5,2,0.8,1.05,0.9156495626367745,188.57552886910358,0.016,0.013953420924998574,0.17438954835713677,0.1743566519661812,31.77492288933927,39,25,0,False
8.5,2,0.8,1.05,0.9291325673613777,190.8205971482272,0.016,0.01395277656677247,0.17905793904143255,0.17677034222373947,31.40707151863633,39,25,0,False
8.5,2,0.8,1.05,0.9224015363645537,189.69675153098518,0.016,0.013953227922606842,0.1767210475727901,0.17556835323945305,31.58934197475263,39,25,0,False
8.5,2,0.8,1.05,0.9176100727523974,188.8986993312685,0.016,0.013953343348338806,0.1750670348058742,0.17470931121512173,31.72058261111128,39,25,0,False
8.5,2,0.8,1.05,0.9183655397044962,189.02658799410753,0.016,0.013953368749251622,0.1753260813165447,0.17484387796983897,31.699918973324845,39,25,0,False
8.5,2,0.8,1.05,0.9157835987079761,188.5981277722796,0.016,0.013953425177789408,0.17443549928505417,0.17438055497171398,31.77123115562084,39,25,0,False
8.5,2,0.8,1.05,0.917436021011638,188.8743791920907,0.016,0.013953428895428905,0.17500391438493573,0.17467623032785787,31.725668428087562,39,25,0,False
8.5,2,0.8,1.05,0.9169034858452588,188.78079234152145,0.016,0.0139533476822827,0.17482372142302416,0.17458277576852227,31.740048890662248,39,25,0,False
8.5,2,0.8,1.05,0.9166179497546656,188.73460396142252,0.016,0.013953374838221523,0.17472444909098794,0.17453105583785355,31.74801555555486,39,25,0,False
8.5,2,0.8,1.05,0.9162259447985621,188.66768011519358,0.016,0.013953348791091462,0.17459055288953926,0.17446147593355732,31.758742489077328,39,25,0,False
8.5,2,0.8,1.05,0.9232590798958012,189.83687623921006,0.016,0.013953148366584324,0.1770194637272162,0.17572326702620233,31.565843142479384,39,25,0,False
8.5,2,0.8,1.05,0.9230741680515756,189.80575278668118,0.016,0.013953149688997237,0.1769557125909509,0.17569022820580205,31.570850513699362,39,25,0,False
8.5,2,0.8,1.05,0.9163621908857574,188.68990756321043,0.016,0.013953339479423715,0.17463778045849046,0.1744860766839109,31.75494865348356,39,25,0,False
8.5,2,0.8,1.05,0.9206067540871374,189.39853909342574,0.016,0.013953296138182423,0.1761003776231508,0.17524620446171663,31.638372524175313,39,25,0,False
8.5,2,0.8,1.05,0.9154723613760202,188.54572346658998,0.016,0.013953416451376736,0.17432875786197236,0.1743250231996613,31.779809764204124,39,25,0,False
8.5,2,0.8,1.05,0.9164817607475186,188.71414296737734,0.016,0.013953415694090124,0.17467605502153324,0.17450575524232093,31.7519148519352,39,25,0,False
8.5,2,0.8,1.05,0.9116451962560834,188.5872524946009,0.016,0.013953382016213541,0.17301398391610073,0.17363996157186332,31.88619805926741,39,25,0,True
8.5,2,0.8,1.05,0.9239420422005962,189.94976601327846,0.016,0.013953105518867819,0.17725636338898523,0.17584612518915219,31.54724304017533,39,25,0,False
8.5,2,0.8,1.05,0.9204665002508872,189.37397721447684,0.016,0.013953278492807577,0.1760527541997166,0.17522154344898913,31.64213504870723,39,25,0,False
8.5,2,0.8,1.05,0.9172843833395721,188.84849927315074,0.016,0.013953419626018858,0.17495208185255945,0.1746493077742147,31.72980922697331,39,25,0,False
8.5,2,0.8,1.05,0.9492107640860868,194.21359717380363,0.016,0.013949922646032821,0.1861013271105398,0.18031661366094498,30.8791842321545,39,25,0,False
8.5,2,0.8,1.05,0.9195090894051482,189.21618150588031,0.016,0.013953331145064193,0.17572113685776636,0.17504921811205332,31.668463172033952,39,25,0,False
8.5,2,0.8,1.05,0.907720282925713,188.64038342770684,0.016,0.013953331465603817,0.17166725914034953,0.1729367051755278,31.996500599104415,39,25,0,True
8.5,2,0.8,1.05,0.9177989852392198,188.93090014092877,0.016,0.013953353886672187,0.17513165137514866,0.17474287024020063,31.71542571622278,39,25,0,False
8.5,2,0.8,1.05,0.911613630281507,188.5875607059194,0.016,0.01395338037835812,0.17300319441840192,0.1736343374413019,31.887075779355357,39,25,0,True
8.5,2,0.8,1.05,0.9256811060602891,190.23690902505754,0.016,0.013952981435991727,0.17786031981417322,0.17615916652104918,31.499994332063377,39,25,0,False
8.5,2,0.8,1.05,0.9146727065683006,188.5508384740638,0.016,0.013953412430370066,0.17405384725778633,0.174181898877003,31.80195097022198,39,25,0,True
8.5,2,0.8,1.05,0.9157741029577525,188.59652522171112,0.016,0.013953424851725484,0.17443224479863598,0.1743788621735351,31.77149256105683,39,25,0,False
8.5,2,0.8,1.05,0.934697593412141,191.7603415853589,0.016,0.013952158841877126,0.1810013579458166,0.17775256605546008,31.25823247079894,39,25,0,False
8.5,2,0.8,1.05,0.9211756723982973,189.49465027989132,0.016,0.013953304200514771,0.17629597363065955,0.17534767008136362,31.62290566440926,39,25,0,False
8.5,2,0.8,1.05,0.9236298079371186,189.8983614491743,0.016,0.01395312902394451,0.177147908529766,0.1757898737304465,31.55575525577205,39,25,0,False
8.5,2,0.8,1.05,0.9189272068500732,189.11741360815566,0.016,0.013953310131366168,0.17552162313450267,0.17494565698301362,31.684316181752333,39,25,0,False
8.5,2,0.8,1.05,0.917429049230189,188.8731896522481,0.016,0.013953428477500144,0.17500153096466578,0.17467499237315076,31.725858795995258,39,25,0,False
8.5,2,0.8,1.05,0.9218244481681728,189.6008801282065,0.016,0.013953251708680154,0.17652138859230088,0.17546475507708328,31.605085263002827,39,25,0,False
8.5,2,0.8,1.05,0.9278563972245518,190.60111294067332,0.016,0.013952827560328148,0.1786159869318151,0.17654679884245902,31.44123533368784,39,25,0,False
8.5,2,0.8,1.05,0.8959058636644273,188.8008931700607,0.016,0.01395254999236995,0.16764362899570737,0.1707234432216133,32.33407154347133,39,25,0,True
8.5,2,0.8,1.05,0.9211374178342244,189.48833384641807,0.016,0.013953306301967191,0.17628272079484092,0.17534078797997113,31.623954036586007,39,25,0,False
8.5,2,0.8,1.05,0.9169328788394179,188.78544135371686,0.016,0.013953342981628153,0.17483401246867766,0.1745881426037222,31.739222545806335,39,25,0,False
8.5,2,0.8,1.05,0.9142617220925804,188.55870697705672,0.016,0.013953452558797715,0.17391099319052455,0.1741073709369335,31.81349821806675,39,25,0,True
8.5,2,0.8,1.05,0.9235171365022937,189.8800024843027,0.016,0.013953140764900441,0.17710864478282484,0.17576949598485908,31.558840558821547,39,25,0,False
8.5,2,0.8,1.05,0.9238821301246675,189.94296836473526,0.016,0.013953164400361099,0.17723349777555555,0.1758340979427435,31.54906249238894,39,25,0,False
8.5,2,0.8,1.05,0.9226975578548959,189.74209741208887,0.016,0.013953147189035396,0.1768260800092678,0.17562305212022164,31.581038887484922,39,25,0,False
8.5,2,0.8,1.05,0.9214904042577847,189.54673700915976,0.016,0.013953288784430196,0.17640494086216973,0.17540424423572473,31.614291386940813,39,25,0,False
8.5,2,0.8,1.05,0.9586566005685095,195.80455921055196,0.016,0.013947840033624226,0.18945024838125638,0.18199015233002735,30.63888970277869,39,25,0,False
8.5,2,0.8,1.05,0.9246482328228596,190.0670557851357,0.016,0.013953068979030921,0.17750107648732955,0.17597296076941893,31.52807428430583,39,25,0,False
8.5,2,0.8,1.05,0.9172131178526695,188.83633088997243,0.016,0.013953415133693482,0.17492772755126698,0.17463665738772627,31.731755452935754,39,25,0,False
8.5,2,0.8,1.05,0.9209870985354305,189.4635105068428,0.016,0.013953314438412133,0.1762306499456874,0.17531374683499762,31.62807428167107,39,25,0,False
8.5,2,0.8,1.05,0.9215327893391797,189.55381361500585,0.016,0.013953287776394256,0.1764195754786874,0.1754118381876827,31.6131356131405,39,25,0,False
8.5,2,0.8,1.05,0.9203775001491912,189.3583873292535,0.016,0.013953267178450319,0.17602253889203534,0.17520589623333993,31.644523017623555,39,25,0,False
8.5,2,0.8,1.05,0.915945858372606,188.6201838668496,0.016,0.013953335472246088,0.1744946907677834,0.17441163437146104,31.7664329250399,39,25,0,False
8.5,2,0.8,1.05,0.9177274164389889,188.9187035928533,0.016,0.01395334996039066,0.1751071689066218,0.17473015535298425,31.717379279380996,39,25,0,False
8.5,2,0.8,1.05,0.9247765384001109,190.08956295306143,0.016,0.01395308329436985,0.17754474848165872,0.1759955252408201,31.5246676580207,39,26,0,False
8.5,2,0.8,1.05,0.9174318218286588,188.87366272244407,0.016,0.01395342864379853,0.17500247882008457,0.1746754846920548,31.725783088690772,39,26,0,False
8.5,2,0.8,1.05,0.9164936154474417,188.71601462207636,0.016,0.01395341375915566,0.17468020660500194,0.17450792097250986,31.75158101758291,39,26,0,False
8.5,2,0.8,1.05,0.9185948344491948,189.0625817379171,0.016,0.013953325654139663,0.17540662968155155,0.1748858658348774,31.69347948860733,39,26,0,False
8.5,2,0.8,1.05,0.921071084544855,189.47737854832596,0.016,0.013953309883739622,0.1762597429864804,0.1753288555944606,31.62577197482566,39,26,0,False
8.5,2,0.8,1.05,0.9207094653040812,189.41114748088546,0.016,0.013953213403582907,0.176138880630264,0.1752664436114817,31.635285617347684,39,26,0,False
8.5,2,0.8,1.05,0.8965096219225309,188.7927624825315,0.016,0.013952614163630804,0.16784810166408337,0.1708483234768725,32.31662033637398,39,26,0,True
8.5,2,0.8,1.05,0.9279671800167857,190.6218529180081,0.016,0.01395285348518432,0.17865320083881908,0.1765655353514008,31.438367696967305,39,26,0,False
8.5,2,0.8,1.05,0.9284097537556378,190.6976568182071,0.016,0.013952830817650896,0.1788066388674636,0.17664317433309434,31.426493118080558,39,26,0,False
8.5,2,0.8,1.05,0.9164307172282137,188.7060856588716,0.016,0.013953424047254137,0.17465817861070607,0.17449642953328037,31.753352471229682,39,26,0,False
8.5,2,0.8,1.05,0.9119068919903184,188.5854875413412,0.016,0.013953406329570933,0.17310304041586969,0.17368634693788446,31.878961696957614,39,26,0,True
8.5,2,0.8,1.05,0.9226861230498199,189.74014747885693,0.016,0.01395314679782506,0.17682215616468056,0.1756210195254921,31.581347313919853,39,26,0,False
8.5,2,0.8,1.05,0.917289321635958,188.84934233595175,0.016,0.013953419933978691,0.17495376960391312,0.17465018443558372,31.72967436802366,39,26,0,False
8.5,2,0.8,1.05,0.9276816094703099,190.57390136976682,0.016,0.013952884696576013,0.17855354719889466,0.1765150470937651,31.446096705193384,39,26,0,False
8.5,2,0.8,1.05,0.9231198212709516,189.81338566514125,0.016,0.013953148466298715,0.1769714851283862,0.1756984053413012,31.56961096934626,39,26,0,False
8.5,2,0.8,1.05,0.9190841550198893,189.14325798700312,0.016,0.013953301786454696,0.1755759655594372,0.17497391160799697,31.679988701542662,39,26,0,False
8.5,2,0.8,1.05,0.9136337110940971,188.56542496461202,0.016,0.013953438036646016,0.17369556459625218,0.1739951746186659,31.830904851100954,39,26,0,True
8.5,2,0.8,1.05,0.9207790166276741,189.42331819329087,0.016,0.01395322192378239,0.17616250667707922,0.17527867717194243,31.63342016165121,39,26,0,False
8.5,2,0.8,1.05,0.9162478122769253,188.67139732216026,0.016,0.013953349976200909,0.17459803196086932,0.174465363729138,31.75814283978961,39,26,0,False
8.5,2,0.8,1.05,0.9212094475812086,189.50022163532043,0.016,0.013953302242734325,0.17630767862125352,0.17535374858830619,31.621979790642158,39,26,0,False
8.5,2,0.8,1.05,0.920495761986027,189.37910237446656,0.016,0.013953282194875323,0.1760626892314293,0.1752266882504031,31.641349999863177,39,26,0,False
8.5,2,0.8,1.05,0.9179289590050743,188.95304119629506,0.016,0.013953360800919728,0.17517612204523744,0.17476596522018253,31.711878214529758,39,26,0,False
8.5,2,0.8,1.05,0.9252922228781961,190.17528359391855,0.016,0.013953056107334346,0.1777234760033756,0.17608812030441034,31.510699538620234,39,26,0,False
8.5,2,0.8,1.05,0.9112174369433018,188.59005917358672,0.016,0.013953340246740636,0.172868507129852,0.17356418091514933,31.898030565585653,39,26,0,True
8.5,2,0.8,1.05,0.9150850538774769,188.54645179922636,0.016,0.01395341968230694,0.17419540770305011,0.17425559087616585,31.790545262105958,39,26,0,True
8.5,2,0.8,1.05,0.9182424269238814,189.00573031141462,0.016,0.013953364492527933,0.17528386841150975,0.17482195410789175,31.7032828523632,39,26,0,False
8.5,2,0.8,1.05,0.9269043840376684,190.44561400883225,0.016,0.013952981676597871,0.17828192501392617,0.17637601624728177,31.467203448286362,39,26,0,False
8.5,2,0.8,1.05,0.9038875668808082,188.69068320969117,0.016,0.013953158352138555,0.1703578339996284,0.17225174884669178,32.10501084521474,39,26,0,True
8.5,2,0.8,1.05,0.9239097843700079,189.94319558266182,0.016,0.013953085661957368,0.17724600809350777,0.17584082446155333,31.548044883460744,39,26,0,False
8.5,2,0.8,1.05,0.9108974244649999,188.59498658106924,0.016,0.013953347388773196,0.17275825140357937,0.17350661780878487,31.90702712738398,39,26,0,True
8.5,2,0.8,1.05,0.9232776210582412,189.84003106128182,0.016,0.013953148806672595,0.1770258254610899,0.17572656123877048,31.565343997895585,39,26,0,False
8.5,2,0.8,1.05,0.931550202601948,191.2324756617717,0.016,0.013952589625557635,0.17989886400858082,0.17719549955485586,31.342393039448083,39,26,0,False
8.5,2,0.8,1.05,0.9197801900556429,189.25590766943344,0.016,0.013953228487434856,0.17581835311375635,0.17510001785083196,31.660695268000175,39,26,0,False
8.5,2,0.8,1.05,0.9237454293665457,189.91771582351402,0.016,0.013953126026270012,0.1771878532077288,0.1758105750386861,31.55262186448679,39,26,0,False
8.5,2,0.8,1.05,0.9259977632590062,190.29245936066067,0.016,0.013953015124444815,0.17796817888212574,0.17621486218326188,31.491609554007695,39,26,0,False
8.5,2,0.8,1.05,0.9214174054285507,189.5345531918008,0.016,0.013953290573388923,0.17637973424940412,0.1753911638271776,31.61628246999936,39,26,0,False
8.5,2,0.8,1.05,0.9201217203265397,189.31357763507017,0.016,0.01395323434878196,0.17593571590773963,0.17516093064426905,31.651388280311515,39,26,0,False
8.5,2,0.8,1.05,0.9218652917792526,189.60768552650444,0.016,0.01395325043179481,0.1765355037772948,0.17547207902664538,31.603971527374366,39,26,0,False
8.5,2,0.8,1.05,0.9165488245135175,188.7228178279003,0.016,0.013953370566126706,0.17470082545547727,0.17451877986714298,31.749907338370157,39,26,0,False
8.5,2,0.8,1.05,0.9221706178285595,189.6569154261355,0.016,0.013953211472326898,0.17664213934638573,0.17552749491923228,31.595548273751678,39,26,0,False
8.5,2,0.8,1.05,0.9296270435955806,190.90180517755584,0.016,0.013952686642975195,0.1792318940378882,0.17685850243836693,31.39362786093323,39,26,0,False
8.5,2,0.8,1.05,0.9057368474210784,188.66706954615486,0.016,0.01395326352125596,0.1709886948556145,0.1725818764821309,32.05257835147917,39,26,0,True
8.5,2,0.8,1.05,0.9457717099366554,193.63509396116928,0.016,0.01395059006708306,0.18488655450290695,0.1797074711778308,30.968020450399024,39,26,0,False
8.5,2,0.8,1.05,0.918228278027394,189.00340968477002,0.016,0.013953365361892798,0.17527896586144687,0.17481940358484777,31.70367425850053,39,26,0,False
8.5,2,0.8,1.05,0.9212818634930121,189.51216231854042,0.016,0.013953297945963372,0.17633277881052364,0.1753667832430574,31.619994628135245,39,26,0,False
8.5,2,0.8,1.05,0.9194881178666242,189.21269371067103,0.016,0.013953331694441922,0.1757138964890317,0.1750454564256691,31.66903860127235,39,26,0,False
8.5,2,0.8,1.05,0.9210696599127068,189.47714328284897,0.016,0.013953309960807181,0.17625924949253616,0.17532859931728395,31.625811022842846,39,26,0,False
8.5,2,0.8,1.05,0.9501121963168692,194.3691133088322,0.016,0.013949805945860417,0.18641750791161923,0.18047476026201056,30.85624160245359,39,26,0,False
8.5,2,0.8,1.05,0.9094967228166148,188.61192677218963,0.016,0.013953306105762234,0.1722784268953348,0.17325619791914498,31.946251745208126,39,26,0,True
8.5,2,0.8,1.05,0.9167127767790636,188.75063733684283,0.016,0.013953378253688293,0.17475694952696516,0.17454795142268875,31.745412407124203,39,26,0,False
8.5,2,0.8,1.05,0.91425108720292,188.55869388638783,0.016,0.013953450575605267,0.17390740992528492,0.17410551039692554,31.81378664395286,39,26,0,True
8.5,2,0.8,1.05,0.9126512033375642,188.57250811449163,0.016,0.013953362264288905,0.17336054890102404,0.17382077419637923,31.858017382010914,39,26,0,True
8.5,2,0.8,1.05,0.9170984996411446,188.81700686670698,0.016,0.013953412264404545,0.17488839539017606,0.1746162124825361,31.7349015800822,39,26,0,False
8.5,2,0.8,1.05,0.9217358975263252,189.58612969369585,0.016,0.013953254522829259,0.17649078555688094,0.1754488753757987,31.607500444879204,39,26,0,False
8.5,2,0.8,1.05,0.9197560535444984,189.2518920117877,0.016,0.013953229119805712,0.1758100194758464,0.1750956888532398,31.661357008193058,39,26,0,False
8.5,2,0.8,1.05,0.9180976550522157,188.9817592509368,0.016,0.01395336931190958,0.17523386006973363,0.17479594909199056,31.70727427262405,39,26,0,False
8.5,2,0.8,1.05,0.9227797092849304,189.75607985133246,0.016,0.01395314951120552,0.17685428899284092,0.17563766581644438,31.578821660257635,39,26,0,False
8.5,2,0.8,1.05,0.9227578860847777,189.75237016421087,0.016,0.013953148980612498,0.1768467920711849,0.1756337818255684,31.579410904934313,39,26,0,False
8.5,2,0.8,1.05,0.9135547889926299,188.56548253247337,0.016,0.013953425109463888,0.17366890876034413,0.17398132305067934,31.833055773093204,39,27,0,True
8.5,2,0.8,1.05,0.916910319173451,188.7818731263247,0.016,0.013953346589346868,0.17482611389893096,0.17458402346597857,31.739856774004846,39,27,0,False
8.5,2,0.8,1.05,0.921121102077009,189.48563904410702,0.016,0.013953307181809692,0.1762770690446543,0.1753378530706212,31.6244011514169,39,27,0,False
8.5,2,0.8,1.05,0.9224327274867179,189.70211691328157,0.016,0.013953229851107658,0.17673171738323276,0.17557387851284875,31.588502969527905,39,27,0,False
8.5,2,0.8,1.05,0.9187382478585077,189.08658916553733,0.016,0.013953325210203087,0.1754560057756295,0.17491152085606007,31.68954677498353,39,27,0,False
8.5,2,0.8,1.05,0.9211244199040133,189.48618702639487,0.016,0.013953307002834668,0.17627821833503052,0.1753384498905291,31.6243102281939,39,27,0,False
8.5,2,0.8,1.05,0.9015818360329594,188.7233105288356,0.016,0.013953038491335857,0.1695712082119096,0.1718395801170236,32.17082643586125,39,27,0,True
8.5,2,0.8,1.05,0.9173148641364325,188.85370266076293,0.016,0.013953421520132313,0.17496249948536585,0.17465471893981416,31.728976840917067,39,27,0,False
8.5,2,0.8,1.05,0.9254683271657352,190.20297370407675,0.016,0.013953018553862263,0.17778559178777664,0.17612038344675246,31.505836829953896,39,27,0,False
8.5,2,0.8,1.05,0.9220731432333248,189.6400507277543,0.016,0.013953203578641086,0.1766088676863905,0.1755102683096031,31.59816602852881,39,27,0,False
8.5,2,0.8,1.05,0.9293529261186099,190.85612587759206,0.016,0.013952724877186325,0.17913590249776487,0.17680989278806503,31.401038328820256,39,27,0,False
8.5,2,0.8,1.05,0.9208023734318334,189.42740440042152,0.016,0.013953224762421949,0.17617044170414675,0.17528278588336038,31.632793709662273,39,27,0,False
8.5,2,0.8,1.05,0.9223692048482985,189.69118566108457,0.016,0.013953225842054925,0.17670999080737515,0.17556262773329023,31.590211453651104,39,27,0,False
8.5,2,0.8,1.05,0.9259987403754397,190.29263514338467,0.016,0.013953015304673529,0.17796850873143122,0.17621503224229315,31.49158396221291,39,27,0,False
8.5,2,0.8,1.05,0.9186585518959024,189.07324346258773,0.016,0.013953325378791405,0.1754285666943633,0.1748972642011645,31.69173203259693,39,27,0,False
8.5,2,0.8,1.05,0.9216883340964459,189.57820852214786,0.016,0.013953256051080585,0.17647434723173158,0.17544034524783572,31.608798034868816,39,27,0,False
8.5,2,0.8,1.05,0.9138513542734497,188.55844002102964,0.016,0.01395337877379026,0.1737726260873619,0.1740355093563417,31.824643941375527,39,27,0,True
8.5,2,0.8,1.05,0.9145311112394083,188.5457739619077,0.016,0.013953318515778775,0.17400866497357187,0.17415865381839754,31.805551212041664,39,27,0,True
8.5,2,0.8,1.05,0.9182579514137879,189.00827649119967,0.016,0.013953363536480651,0.17528924769813703,0.17482475263262007,31.70285340383335,39,27,0,False
8.5,2,0.8,1.05,0.9222086758074172,189.6634930477784,0.016,0.013953214417208476,0.17665513526006874,0.17553422379475242,31.59452592599332,39,27,0,False
8.5,2,0.8,1.05,0.9215361738927361,189.5543787741107,0.016,0.013953287696872808,0.17642074405664926,0.17541244455547647,31.613043331328683,39,27,0,False
8.5,2,0.8,1.05,0.9253700603545366,190.18712837496545,0.016,0.01395303254484259,0.177751191952041,0.1761025376432524,31.50852628321554,39,27,0,False
8.5,2,0.8,1.05,0.9180566619355834,188.97478281607775,0.016,0.013953367292234837,0.1752198276814967,0.17478866206632704,31.708392996151062,39,27,0,False
8.5,2,0.8,1.05,0.9223433956074532,189.68673959706143,0.016,0.013953224124354933,0.1767011667337056,0.1755580584781965,31.590905393650427,39,27,0,False
8.5,2,0.8,1.05,0.9116932454700499,188.5866891719655,0.016,0.013953383190389482,0.17303045680572357,0.1736485520268592,31.884857541078436,39,27,0,True
8.5,2,0.8,1.05,0.9192251633310715,189.16598333613817,0.016,0.013953285395066108,0.1756251258620713,0.17499949697812733,31.676071532323316,39,27,0,False
8.5,2,0.8,1.05,0.9232988141462767,189.8436491064915,0.016,0.013953149548111412,0.1770330992134743,0.17573032783803702,31.56477330470903,39,27,0,False
8.5,2,0.8,1.05,0.8904069229293317,188.88324075258242,0.016,0.013951964780604483,0.1657827480046895,0.16958493261109278,32.49445115353601,39,27,0,True
8.5,2,0.8,1.05,0.914547946699589,188.54554994992466,0.016,0.013953318227534655,0.17401446627743264,0.1741616761844937,31.805083034565662,39,27,0,True
8.5,2,0.8,1.05,0.9328247061585566,191.44514269267225,0.016,0.013952401331096535,0.1803457782232962,0.17742148544606334,31.30817192435223,39,27,0,False
8.5,2,0.8,1.05,0.916511816153507,188.718888464674,0.016,0.013953410791967645,0.1746865804864461,0.17451124595518308,31.751068511331017,39,27,0,False
8.5,2,0.8,1.05,0.9174666008570963,188.8795964280535,0.016,0.013953430719444337,0.17501436899165562,0.17468166044554984,31.724833444879625,39,27,0,False
8.5,2,0.8,1.05,0.9156186521283977,188.5703238663311,0.016,0.013953420050708387,0.17437894761561631,0.17435113701877117,31.77577483101758,39,27,0,False
8.5,2,0.8,1.05,0.9260274788432356,190.2917508508977,0.016,0.01395291360603114,0.17798228520867804,0.17622248032548926,31.49046317671646,39,27,0,False
8.5,2,0.8,1.05,0.9258096219772199,190.2592015220935,0.016,0.013952990732785274,0.17790427348839033,0.17618187942231217,31.496574201579243,39,27,0,False
8.5,2,0.8,1.05,0.9114272665152233,188.59122795595596,0.016,0.013953396192777344,0.1729385458286815,0.17360055931359042,31.89234878800066,39,27,0,True
8.5,2,0.8,1.05,0.9187661266993523,189.0912576545204,0.016,0.013953325143724916,0.17546560474502593,0.1749165081026797,31.68878243449059,39,27,0,False
8.5,2,0.8,1.05,0.9144870484666258,188.54636500760242,0.016,0.013953319326895143,0.17399347942233295,0.17415074212884893,31.8067768619546,39,27,0,True
8.5,2,0.8,1.05,0.9155460740530982,188.55811217751526,0.016,0.01395341815403309,0.17435405137116192,0.17433818408014692,31.777776045809958,39,27,0,False
8.5,2,0.8,1.05,0.9179822387699926,188.9621134444914,0.016,0.013953363540864731,0.17519435525093002,0.17477543403065568,31.71042409369198,39,27,0,False
8.5,2,0.8,1.05,0.9111807612183984,188.5968652219138,0.016,0.013953427657224349,0.17285264683957596,0.1735556410487363,31.899364797035556,39,27,0,True
8.5,2,0.8,1.05,0.9190062149604741,189.13049805553263,0.016,0.013953307267038521,0.17554892828668162,0.17495985012355603,31.682142143805212,39,27,0,False
8.5,2,0.8,1.05,0.9671514594148384,197.24009075812188,0.016,0.013945436895481143,0.19248607797691947,0.18348701250044433,30.426614009712686,39,27,0,False
8.5,2,0.8,1.05,0.9172348374381024,188.84003984985142,0.016,0.013953416512492474,0.17493514961959952,0.17464051266913846,31.731162291952458,39,27,0,False
8.5,2,0.8,1.05,0.9175887333286579,188.89506057682394,0.016,0.013953342122982236,0.17505973720129744,0.17470552102955553,31.721165189127483,39,27,0,False
8.5,2,0.8,1.05,0.9249943277641656,190.12512991832122,0.016,0.01395306070023963,0.1776206448618295,0.17603488335984094,31.518728213382715,39,27,0,False
8.5,2,0.8,1.05,0.916388688271324,188.69945333805177,0.016,0.013953430953266847,0.17464345838678433,0.17448875004255032,31.754536457801166,39,27,0,False
8.5,2,0.8,1.05,0.8998300248356291,188.7506393731774,0.016,0.013952958213018073,0.16897344839114883,0.17152597278653106,32.221168438077605,39,27,0,True
8.5,2,0.8,1.05,0.9112881122954178,188.59552135412426,0.016,0.01395342941154836,0.17288947845346972,0.17357485584505983,31.89636299021545,39,27,0,True
8.5,2,0.8,1.05,0.9222100753432924,189.6637348501704,0.016,0.013953214523922003,0.17665561323032383,0.17553447127479332,31.594488327098592,39,27,0,False
8.5,2,0.8,1.05,0.9071575452258793,188.64909183889043,0.016,0.013953330699170395,0.17147402561295794,0.17283564793003406,32.012442680155225,39,27,0,True
8.5,2,0.8,1.05,0.9153644604875251,188.54247428403193,0.016,0.013953409987549858,0.1742918827990291,0.17430584728139467,31.782773651657845,39,27,0,True
8.5,2,0.8,1.05,0.9188508530039925,189.10477404074223,0.016,0.013953312968024602,0.17549523328965336,0.1749319387936109,31.68641788273409,39,27,0,False
8.5,2,0.8,1.05,0.9224833025192914,189.710807378055,0.016,0.013953232803885668,0.17674902473488946,0.17558284131325302,31.587142118786126,39,27,0,False
8.5,2,0.8,1.05,0.9190323025331755,189.13482004585308,0.016,0.013953306345494845,0.17555794365808322,0.1749645360966869,31.681424464250522,39,27,0,False
8.5,2,0.8,1.05,0.9181573008065732,188.9917674547308,0.016,0.013953369693252879,0.1752543738017355,0.17480660948124022,31.7056378688611,39,27,0,False
8.5,2,0.8,1.05,0.9255084398717646,190.2079673240664,0.016,0.013952986735061141,0.17780061870532488,0.17612825914180388,31.504650135670207,39,27,0,False
8.5,2,0.8,1.05,0.920527412476302,189.38464550923982,0.016,0.013953286187038193,0.17607343576913934,0.17523225321954866,31.640500901315203,39,27,0,False
8.5,2,0.8,1.05,0.9232857413781802,189.84141782523454,0.016,0.013953149099497736,0.17702861213635904,0.1757280042538005,31.565125357104044,39,28,0,False
8.5,2,0.8,1.05,0.9169360674918736,188.78594571025505,0.016,0.013953342471751833,0.174835128878445,0.1745887248116794,31.73913290558596,39,28,0,False
8.5,2,0.8,1.05,0.9229272333409239,189.7810593145622,0.016,0.01395315130420329,0.17690503684740305,0.17566396149260458,31.57483315692357,39,28,0,False
8.5,2,0.8,1.05,0.9186846923788415,189.07762088136215,0.016,0.013953325326567052,0.1754375666287013,0.17490194040491394,31.69101521642498,39,28,0,False
8.5,2,0.8,1.05,0.9178267472871043,188.93563037792742,0.016,0.013953355387389876,0.17514114921496632,0.17474780283486277,31.714667948334576,39,28,0,False
8.5,2,0.8,1.05,0.9177825513690284,188.9280998180797,0.016,0.013953352992386061,0.17512602932894375,0.1747399504747585,31.715874288921125,39,28,0,False
8.5,2,0.8,1.05,0.9429195389156518,193.15145496008003,0.016,0.013951034584534205,0.18388378382442463,0.1792040303937573,31.042006181406848,39,28,0,False
8.5,2,0.8,1.05,0.917434093618424,188.8740503393276,0.016,0.013953428779967365,0.17500325547009912,0.17467588808604506,31.725721056382206,39,28,0,False
8.5,2,0.8,1.05,0.9187008846301812,189.08033240296814,0.016,0.013953325292805862,0.17544314154865828,0.1749048370009018,31.690571220399775,39,28,0,False
8.5,2,0.8,1.05,0.9241939611099511,189.99197508036457,0.016,0.013953099281116363,0.1773434037892402,0.17589122381240405,31.540423356654344,39,28,0,False
8.5,2,0.8,1.05,0.9266554416952714,190.4029410791619,0.016,0.013952981725614298,0.17819612018725084,0.176332056624365,31.473867017108955,39,28,0,False
8.5,2,0.8,1.05,0.9205660461215444,189.39141105193605,0.016,0.013953291042861447,0.17608655406345658,0.17523904628624914,31.63946451073527,39,28,0,False
8.5,2,0.8,1.05,0.922249839824709,189.6706025534696,0.016,0.013953217507013976,0.1766691955144029,0.17554150388114884,31.593419939032266,39,28,0,False
8.5,2,0.8,1.05,0.92154393438845,189.55567467789885,0.016,0.013953287515079562,0.17642342348925702,0.17541383489000886,31.61283174227048,39,28,0,False
8.5,2,0.8,1.05,0.9185005424106868,189.04871574240684,0.016,0.013953360088984491,0.17537288115547653,0.1748682241213904,31.69618465158089,39,28,0,False
8.5,2,0.8,1.05,0.919018291328144,189.13249870226002,0.016,0.013953306839500775,0.1755531016796427,0.17496201936455819,31.68180990810737,39,28,0,False
8.5,2,0.8,1.05,0.92267568580736,189.73836690588993,0.016,0.013953146426903285,0.17681857516538318,0.17561916455992418,31.581628794531444,39,28,0,False
8.5,2,0.8,1.05,0.920541387689773,189.38709293145132,0.016,0.013953287945752063,0.1760781810463659,0.17523471048484943,31.640125994898735,39,28,0,False
8.5,2,0.8,1.05,0.9208311307486438,189.4377888852058,0.016,0.013953323429214197,0.17617662019288255,0.17528568555721846,31.63235162046485,39,28,0,False
8.5,2,0.8,1.05,0.916375547944678,188.69198633034003,0.016,0.013953336719548142,0.17464245965930478,0.17448851794285433,31.754572243810664,39,28,0,False
8.5,2,0.8,1.05,0.9182004979460536,188.99885317227177,0.016,0.013953367063193244,0.1752693403994795,0.1748143959501152,31.70444277679015,39,28,0,False
8.5,2,0.8,1.05,0.9233242240215251,189.8468821632803,0.016,0.013953130844490236,0.17704256161491005,0.17573528921808315,31.564021631236802,39,28,0,False
8.5,2,0.8,1.05,0.92166179482658,189.57537150753524,0.016,0.01395328501339305,0.17646411336770446,0.17543494742627308,31.609619223514606,39,28,0,False
8.5,2,0.8,1.05,0.923110799372943,189.81187881274278,0.016,0.013953148736246382,0.17696836719885817,0.17569678881436715,31.56985600194381,39,28,0,False
8.5,2,0.8,1.05,0.913594308822841,188.56545136147457,0.016,0.013953431555466075,0.17368225751386346,0.17398825982761296,31.83197855204255,39,28,0,True
8.5,2,0.8,1.05,0.9182565851833852,189.00805241766176,0.016,0.013953363620706899,0.17528877429077572,0.1748245063475133,31.7028911969139,39,28,0,False
8.5,2,0.8,1.05,0.9112066838643187,188.5899905658379,0.016,0.013953337088104766,0.17286490834279633,0.17356231076827855,31.898322735237112,39,28,0,True
8.5,2,0.8,1.05,0.9265331242628672,190.38252514463008,0.016,0.013952991462145074,0.17815360843974007,0.17631024547598662,31.477174763164022,39,28,0,False
8.5,2,0.8,1.05,0.924907555204812,190.11125914077525,0.016,0.013953075049241176,0.1775902078132133,0.1760190838112995,31.521112095234415,39,28,0,False
8.5,2,0.8,1.05,0.9168842926928636,188.7777567677344,0.016,0.013953350752592904,0.1748170015436416,0.17457927126371386,31.740588521802056,39,28,0,False
8.5,2,0.8,1.05,0.9189124181382254,189.114965108799,0.016,0.013953310675959913,0.17551651192975506,0.1749430000969851,31.68472319932979,39,28,0,False
8.5,2,0.8,1.05,0.9175310945507523,188.8906261294529,0.016,0.0139534350735415,0.17503641932196032,0.17469311314567867,31.72307258607459,39,28,0,False
8.5,2,0.8,1.05,0.9250145741008504,190.12861879347543,0.016,0.013953061833237943,0.17762758391058842,0.17603847197704972,31.51818682567463,39,28,0,False
8.5,2,0.8,1.05,0.9208696494796644,189.44412231452753,0.016,0.013953320850490858,0.176189964336044,0.17529261637049492,31.63129500995215,39,28,0,False
8.5,2,0.8,1.05,0.9235507427491613,189.88402797752244,0.016,0.013953111567159992,0.17712133158583562,0.17577616029104123,31.55783144926854,39,28,0,False
8.5,2,0.8,1.05,0.9253383384664705,190.18096940944147,0.016,0.013953018593842575,0.17774079151019484,0.17609719943436672,31.509330908565666,39,28,0,False
8.5,2,0.8,1.05,0.9193969090047992,189.19891800892262,0.016,0.0139533588752083,0.17568147520789437,0.1750285353276196,31.671627417331234,39,28,0,False
8.5,2,0.8,1.05,0.9255243128480451,190.21059208301128,0.016,0.013952985621698256,0.17780613124250222,0.17613111514067184,31.504219831578652,39,28,0,False
8.5,2,0.8,1.05,0.9160536001785663,188.6384294056894,0.016,0.013953340191640627,0.1745315810291488,0.1744308169366002,31.763472456959146,39,28,0,False
8.5,2,0.8,1.05,0.9216550679449271,189.57424742189323,0.016,0.013953285160675757,0.17646179113593308,0.17543374255566038,31.609802533008825,39,28,0,False
8.5,2,0.8,1.05,0.9209238349496148,189.45306631473755,0.016,0.013953317885704005,0.17620873490055758,0.17530236524678347,31.62980895676474,39,28,0,False
8.5,2,0.8,1.05,0.9242248830401445,189.9970968118223,0.016,0.013953097443623259,0.17735412752419313,0.17589678295453318,31.539583016977797,39,28,0,False
8.5,2,0.8,1.05,0.9303726442361606,191.03086953622918,0.016,0.013952666416023957,0.1794897833888599,0.17698879661134884,31.373789843520193,39,28,0,False
8.5,2,0.8,1.05,0.9165940558083591,188.7305314771261,0.016,0.013953373391365457,0.1747162821534545,0.1745268118712357,31.748669532869283,39,28,0,False
8.5,2,0.8,1.05,0.9194981128918158,189.21435598183922,0.016,0.01395333143267165,0.17571734723949556,0.1750472492461972,31.668764347769766,39,28,0,False
8.5,2,0.8,1.05,0.9250354451543678,190.13206353289715,0.016,0.013953060307514165,0.1776348370706369,0.17604223132702387,31.517619709892816,39,28,0,False
8.5,2,0.8,1.05,0.9173406337376298,188.85810129573085,0.016,0.013953423109131426,0.17497130744445322,0.17465929396453642,31.72827312603501,39,28,0,False
8.5,2,0.8,1.05,0.8957082907550314,188.80989775478648,0.016,0.01395261628217909,0.16757356944045615,0.17068035308770155,32.340099502357916,39,28,0,True
8.5,2,0.8,1.05,0.9226374139392118,189.73183184836103,0.016,0.013953144956846965,0.17680544838587944,0.17561236510681827,31.582660635965496,39,28,0,False
8.5,2,0.8,1.05,0.9202044280902342,189.3280671260715,0.016,0.013953245000056373,0.17596378894622922,0.1751754703048122,31.649167916481225,39,28,0,False
8.5,2,0.8,1.05,0.9148637527931741,188.5484489272303,0.016,0.01395341097850936,0.17411961305607912,0.17421615144595892,31.796648030030934,39,28,0,True
8.5,2,0.8,1.05,0.9187444177723778,189.08762236100537,0.016,0.013953325195870657,0.17545813012181918,0.17491262458864315,31.689377613381723,39,28,0,False
8.5,2,0.8,1.05,0.921415389426198,189.5342167849974,0.016,0.013953290623740369,0.176379038089136,0.17539080255938094,31.61633746691389,39,28,0,False
8.5,2,0.8,1.05,0.9218695294118926,189.60839170538605,0.016,0.013953250300763912,0.17653696825315757,0.17547283888800813,31.603855983617052,39,28,0,False
8.5,2,0.8,1.05,0.9208562906947609,189.4419174917922,0.016,0.013953321583219625,0.17618533663707978,0.17529021282701618,31.631661421275034,39,28,0,False
8.5,2,0.8,1.05,0.9167081714579457,188.74990938833653,0.016,0.013953378994478323,0.1747553370322303,0.1745471103835999,31.745541973557653,39,28,0,False
8.5,2,0.8,1.05,0.9157064746338172,188.58511871384002,0.016,0.013953422638927963,0.1744090625334332,0.17436680347060501,31.773354872839285,39,28,0,False
8.5,2,0.8,1.05,0.9211699127952487,189.49370009818426,0.016,0.013953304531898157,0.1762939777135571,0.17534663357976552,31.623063551475024,39,28,0,False
8.5,2,0.8,1.05,0.9213899313895386,189.52996898148191,0.016,0.013953291263932667,0.17637024684690278,0.1753862403512808,31.61703200999161,39,29,0,False
8.5,2,0.8,1.05,0.9179752752215903,188.9609277828846,0.016,0.013953363184490792,0.1751919720912589,0.17477419642364075,31.710614141373277,39,29,0,False
8.5,2,0.8,1.05,0.9194649324215268,189.20978197770947,0.016,0.013953349115292753,0.17570525976912732,0.17504091748891348,31.669732967962883,39,29,0,False
8.5,2,0.8,1.05,0.9144807736764062,188.54644973536043,0.016,0.0139533194490856,0.17399131667376047,0.17414961529742606,31.80695143775978,39,29,0,True
8.5,2,0.8,1.05,0.9224455757865884,189.7043257889385,0.016,0.013953230622127543,0.17673611341184703,0.17557615500385734,31.588157306387497,39,29,0,False
8.5,2,0.8,1.05,0.918540652478269,189.05368571373918,0.016,0.01395332889585429,0.17538785841727558,0.1748761024202982,31.69497651772101,39,29,0,False
8.5,2,0.8,1.05,0.9474691538505304,193.9184104713044,0.016,0.013950228895602431,0.1854873457183982,0.18000899925778152,30.923953190566504,39,29,0,False
8.5,2,0.8,1.05,0.9173474713095359,188.85926833081587,0.016,0.013953423528874688,0.17497364457903888,0.17466050791160043,31.72808640843603,39,29,0,False
8.5,2,0.8,1.05,0.9154010848134257,188.54226273409947,0.016,0.013953412975932528,0.1743043692600221,0.17431233823363132,31.781770300281753,39,29,0,True
8.5,2,0.8,1.05,0.91571813935126,188.58708529104658,0.016,0.0139534230069246,0.1744130615675385,0.17436888372181766,31.773033582018066,39,29,0,False
8.5,2,0.8,1.05,0.921413604902647,189.5339190079078,0.016,0.013953290668352712,0.17637842186107355,0.1753904827713853,31.616386149462876,39,29,0,False
8.5,2,0.8,1.05,0.918808193586696,189.09937800652327,0.016,0.013953344227726603,0.17547937452582535,0.17492360365043763,31.687695070563375,39,29,0,False
8.5,2,0.8,1.05,0.9224602282130293,189.70684391634532,0.016,0.013953231484257736,0.1767411273819583,0.17557875152975203,31.58776306251756,39,29,0,False
8.5,2,0.8,1.05,0.9207098906495631,189.41122192387638,0.016,0.013953213455977886,0.17613902510528337,0.17526651842124924,31.635274208874968,39,29,0,False
8.5,2,0.8,1.05,0.9212116686596861,189.50058796736963,0.016,0.013953302113030419,0.17630844838849577,0.17535414833411964,31.62191890442187,39,29,0,False
8.5,2,0.8,1.05,0.9191847535916308,189.1594784954069,0.016,0.013953290238655656,0.17561103196616695,0.17499216160894993,31.677194446878197,39,29,0,False
8.5,2,0.8,1.05,0.921521043249996,189.55185231659743,0.016,0.013953288053489023,0.1764155198931172,0.17540973375678523,31.613455888055398,39,29,0,False
8.5,2,0.8,1.05,0.9210239318782635,189.46959216507645,0.016,0.013953312437977327,0.1762434091961718,0.17532037314100712,31.62706449000705,39,29,0,False
8.5,2,0.8,1.05,0.9199275095910936,189.280421669211,0.016,0.013953224642662533,0.1758692184951552,0.1751264390339195,31.656657341919995,39,29,0,False
8.5,2,0.8,1.05,0.9157176503386817,188.58700284037988,0.016,0.013953422991382993,0.17441289392268725,0.17436879651554724,31.773047050669327,39,29,0,False
8.5,2,0.8,1.05,0.923581433967445,189.89180135824944,0.016,0.013953157493041879,0.1771301590920941,0.17578058909749653,31.55716089125556,39,29,0,False
8.5,2,0.8,1.05,0.9140972480486521,188.5585412070554,0.016,0.013953422310506447,0.17385556083806547,0.1740785861359839,31.8179613694773,39,29,0,True
8.5,2,0.8,1.05,0.917358978109982,188.86123223779828,0.016,0.01395342423349414,0.17497757776365286,0.17466255086824128,31.727772187839587,39,29,0,False
8.5,2,0.8,1.05,0.9142994527659504,188.55875605391017,0.016,0.013953459625131798,0.17392370487187483,0.17411397103745638,31.812475114397884,39,29,0,True
8.5,2,0.8,1.05,0.9245732412080458,190.05485413733177,0.016,0.01395307745766911,0.17747491487543887,0.17595938935504832,31.530123718957977,39,29,0,False
8.5,2,0.8,1.05,0.9197675496038199,189.2538046214786,0.016,0.013953228818560991,0.17581398872943477,0.1750977507324439,31.661041819721806,39,29,0,False
8.5,2,0.8,1.05,0.9164508643334641,188.7092656004524,0.016,0.013953420745898209,0.1746652346454111,0.17450011054890002,31.752784995803747,39,29,0,False
8.5,2,0.8,1.05,0.9367503659084729,192.1085049466226,0.016,0.013951922126277539,0.18171897059983935,0.1781144552728262,31.203910758708787,39,29,0,False
8.5,2,0.8,1.05,0.9286783416073409,190.74496675015578,0.016,0.013952839878585817,0.17889889993783897,0.17668977816795847,31.419371524191742,39,29,0,False
8.5,2,0.8,1.05,0.9091998333711568,188.61896127022348,0.016,0.01395334357693511,0.17217505179865106,0.17320208308452303,31.954746556551317,39,29,0,True
8.5,2,0.8,1.05,0.9203254930468294,189.34927659142548,0.016,0.013953260534665848,0.17600488398123054,0.17519675322380135,31.645918603407623,39,29,0,False
8.5,2,0.8,1.05,0.9258225346835205,190.2614545700326,0.016,0.013952991890570693,0.17790867921322798,0.176184155082411,31.496231590200622,39,29,0,False
8.5,2,0.8,1.05,0.9232218311148012,189.83050100042962,0.016,0.01395314676401713,0.17700668931932648,0.17571665262095001,31.56684543774314,39,29,0,False
8.5,2,0.8,1.05,0.9175980327998363,188.89664633721597,0.016,0.013953342657841959,0.17506291737642188,0.1747071727328366,31.720911306948384,39,29,0,False
8.5,2,0.8,1.05,0.9191381347861728,189.15196614993405,0.016,0.01395329567502628,0.17559477838750753,0.17498370245089978,31.678489537757386,39,29,0,False
8.5,2,0.8,1.05,0.9138426756349995,188.55843974345453,0.016,0.013953377275561141,0.17376969760290037,0.17403398805203063,31.824880018724613,39,29,0,True
8.5,2,0.8,1.05,0.9216361507169738,189.57108651664834,0.016,0.013953285577845123,0.17645526049451635,0.17543035415170963,31.61031806276135,39,29,0,False
8.5,2,0.8,1.05,0.9237310129554893,189.91580882307977,0.016,0.013953135385444147,0.17718253664094036,0.17580779210563724,31.553043041967488,39,29,0,False
8.5,2,0.8,1.05,0.9254195788123202,190.19507335743822,0.016,0.01395302480845525,0.17776855748360157,0.17611154911398333,31.507168125080074,39,29,0,False
8.5,2,0.8,1.05,0.9228005765733907,189.75962372475507,0.016,0.013953149957609923,0.17686145987301255,0.175641381037086,31.57825804992329,39,29,0,False
8.5,2,0.8,1.05,0.9214553293236984,189.5408822128634,0.016,0.01395328963566804,0.17639282970808548,0.17539795951949466,31.615247992740397,39,29,0,False
8.5,2,0.8,1.05,0.9164107462409916,188.7029339309783,0.016,0.01395342732552534,0.17465118407496424,0.17449278054091824,31.753915039078215,39,29,0,False
8.5,2,0.8,1.05,0.9037675285661766,188.69235601187475,0.016,0.01395315265675884,0.17031685171024488,0.17223028733950196,32.10842814394677,39,29,0,True
8.5,2,0.8,1.05,0.926312175679057,190.344957483773,0.016,0.013953001067005973,0.17807706648376942,0.176271228559766,31.483130428053332,39,29,0,False
8.5,2,0.8,1.05,0.9150490675231777,188.54668404289714,0.016,0.013953417006730013,0.17418312966370147,0.17424920626961835,31.79153296970747,39,29,0,True
8.5,2,0.8,1.05,0.9139662127922972,188.55846469108255,0.016,0.013953398845265367,0.17381137469225788,0.17405563718540815,31.82152096819395,39,29,0,True
8.5,2,0.8,1.05,0.9255973009913786,190.22265118481073,0.016,0.013952980292274916,0.17783148182660785,0.17614424890574007,31.50224123046896,39,29,0,False
8.5,2,0.8,1.05,0.9392782402876816,192.53630753287047,0.016,0.013951587487573663,0.1826046725914567,0.17856063665145014,31.13731368072998,39,29,0,False
8.5,2,0.8,1.05,0.9275654958735766,190.5565368050899,0.016,0.013952935300392664,0.17851159850509218,0.176493676589268,31.449369884506847,39,29,0,False
8.5,2,0.8,1.05,0.9162911006194808,188.67869594792796,0.016,0.013953351247953145,0.17461287853911217,0.17447308455185367,31.756952086607317,39,29,0,False
8.5,2,0.8,1.05,0.9338819258787506,191.62276868046328,0.016,0.013952261108983312,0.18071595004435764,0.17760848556449524,31.279936680426964,39,29,0,False
8.5,2,0.8,1.05,0.9217789921152626,189.59330770257986,0.016,0.013953253148375967,0.17650567914203913,0.17545660367242724,31.606324962433252,39,29,0,False
8.5,2,0.8,1.05,0.9175764156903082,188.89296007350825,0.016,0.013953341412478563,0.17505552497676583,0.17470333329798945,31.721501472976286,39,29,0,False
8.5,2,0.8,1.05,0.920089796580661,189.30798515497113,0.016,0.013953230232366486,0.17592488047764496,0.17515531855314911,31.652245429075474,39,29,0,False
8.5,2,0.8,1.05,0.9193813255503722,189.1964248101346,0.016,0.013953361030393147,0.17567602950039912,0.17502570048711755,31.67206118957429,39,29,0,False
8.5,2,0.8,1.05,0.9219961185104858,189.62670810350915,0.016,0.01395319702324127,0.1765825886931916,0.17549666248899332,31.600234015730656,39,29,0,False
8.5,2,0.8,1.05,0.9221695694327425,189.65673417103454,0.016,0.013953211390055164,0.1766417813881867,0.17552730958118665,31.595576434344977,39,29,0,False
8.5,2,0.8,1.05,0.9155115207049481,188.55230314044456,0.016,0.013953417327869956,0.17434219586709676,0.1743320155056587,31.778729213110218,39,29,0,False
8.5,2,0.8,1.05,0.9159676165707975,188.62386601976607,0.016,0.013953336385127723,0.17450214212296775,0.1744155092235913,31.765834849596686,39,30,0,False
8.5,2,0.8,1.05,0.9222435738233118,189.66952068753645,0.016,0.013953217043337142,0.17666705499953667,0.17554039556080595,31.593588307195926,39,30,0,False
8.5,2,0.8,1.05,0.9217799396278008,189.59346553541,0.016,0.013953253118262308,0.17650600660168336,0.1754567735890252,31.606299119364262,39,30,0,False
8.5,2,0.8,1.05,0.925953031161352,190.2844537303904,0.016,0.013953007606077057,0.1779530512327553,0.17620706046309345,31.492783682279608,39,30,0,False
8.5,2,0.8,1.05,0.9188504714349015,189.10471088841598,0.016,0.013953312982355541,0.17549510140469574,0.1749318702340435,31.6864283874532,39,30,0,False
8.5,2,0.8,1.05,0.9236314378088509,189.89849927593215,0.016,0.013953126590264191,0.17714856254418454,0.17579022018251855,31.555702808625828,39,30,0,False
8.5,2,0.8,1.05,0.9120554643618397,188.58351516772598,0.016,0.013953406446963282,0.17315411004521492,0.17371298503612692,31.87480817930997,39,30,0,True
8.5,2,0.8,1.05,0.921069191560613,189.47706593880608,0.016,0.013953309986144743,0.1762590872548974,0.17532851506532945,31.62582386003609,39,30,0,False
8.5,2,0.8,1.05,0.9197213585195466,189.25148945197955,0.016,0.013953325566797604,0.17579442441942209,0.17508729161886982,31.662640743187147,39,30,0,False
8.5,2,0.8,1.05,0.9116008456782045,188.5876694944813,0.016,0.01395337949057854,0.17299883291779214,0.17363206461740865,31.887430503647884,39,30,0,True
8.5,2,0.8,1.05,0.9178646059954465,188.94208010421914,0.016,0.013953357413301599,0.17515410212716906,0.17475452971468772,31.71363461926306,39,30,0,False
8.5,2,0.8,1.05,0.9174410802882816,188.87524239717226,0.016,0.01395342919822626,0.17500564400330312,0.17467712869444288,31.725530282820987,39,30,0,False
8.5,2,0.8,1.05,0.9179434432373551,188.95550784832758,0.016,0.013953361553378804,0.17518107857928242,0.17476853924560073,31.711482903378958,39,30,0,False
8.5,2,0.8,1.05,0.9224504113215662,189.7051569198512,0.016,0.013953230908683577,0.1767377680234532,0.17557701185424013,31.58802720480344,39,30,0,False
8.5,2,0.8,1.05,0.9197005065359491,189.24802054396196,0.016,0.013953326115275194,0.17578722496697274,0.17508355165245143,31.663212542913744,39,30,0,False
8.5,2,0.8,1.05,0.9186647648297065,189.07428386229066,0.016,0.013953325366618434,0.17543070573931774,0.17489837561621402,31.691561659283803,39,30,0,False
8.5,2,0.8,1.05,0.9186230701337817,189.06730183613587,0.016,0.01395332544575304,0.1754163508515104,0.17489091696546905,31.692705077280817,39,30,0,False
8.5,2,0.8,1.05,0.9213218596042011,189.51875405636792,0.016,0.013953295505248273,0.1763466445942878,0.1753739837822785,31.618898150440444,39,30,0,False
8.5,2,0.8,1.05,0.9209529364223897,189.45787045105965,0.016,0.013953316298090884,0.1762188159366347,0.1753076008957364,31.62901095370097,39,30,0,False
8.5,2,0.8,1.05,0.9220057346275443,189.62837455565892,0.016,0.013953197855597087,0.1765858689380391,0.17549836081002665,31.599975861537416,39,30,0,False
8.5,2,0.8,1.05,0.9223139191269835,189.68165868608105,0.016,0.013953222103617288,0.17669109112591083,0.17555284125741147,31.591697795612948,39,30,0,False
8.5,2,0.8,1.05,0.9243177243942526,190.01330758801373,0.016,0.013953106646564116,0.17738576416291973,0.17591313651930507,31.537111332688934,39,30,0,False
8.5,2,0.8,1.05,0.9196039118857633,189.23195261324994,0.016,0.013953328655833297,0.17575387461053746,0.1750662262327219,31.665861802199213,39,30,0,False
8.5,2,0.8,1.05,0.9108823831542375,188.59515319627326,0.016,0.01395334680622683,0.17275310351776613,0.17350393265830627,31.907446971516553,39,30,0,True
8.5,2,0.8,1.05,0.9266417484932084,190.40060198749393,0.016,0.013952981863706629,0.17819139506489182,0.17632963520331416,31.474234185056787,39,30,0,False
8.5,2,0.8,1.05,0.9230087719166558,189.79478639149394,0.016,0.013953150844029216,0.176933141624376,0.17567852793096192,31.57262436582489,39,30,0,False
8.5,2,0.8,1.05,0.9299725101858594,190.96415558722964,0.016,0.013952722849767417,0.17934962251681838,0.17691784647793085,31.384587862800235,39,30,0,False
8.5,2,0.8,1.05,0.8861355309179066,188.94932071982308,0.016,0.013951395547853952,0.16434320366515417,0.16870211499910537,32.62042438461863,39,30,0,True
8.5,2,0.8,1.05,0.9215134093052494,189.55057771309026,0.016,0.013953288234505722,0.17641288408143166,0.17540836603144325,31.61366404827623,39,30,0,False
8.5,2,0.8,1.05,0.928930667159148,190.7857931943847,0.016,0.013952783728635412,0.178988052309386,0.17673500742748832,31.412464480237627,39,30,0,False
8.5,2,0.8,1.05,0.9235581006253065,189.88986735801754,0.016,0.013953193052010324,0.17712078038632445,0.17577561960260066,31.55791331682834,39,30,0,False
8.5,2,0.8,1.05,0.9241232037043505,189.98001718372876,0.016,0.013953099253285844,0.17731902591204873,0.1758785992415604,31.542331974282167,39,30,0,False
8.5,2,0.8,1.05,0.9198992217919711,189.2757139912734,0.016,0.013953225378156658,0.17585945149733143,0.1751213659150633,31.657432545621973,39,30,0,False
8.5,2,0.8,1.05,0.9163443143335813,188.68708771153965,0.016,0.013953342430936553,0.17463151880671066,0.174482809852679,31.755452375800846,39,30,0,False
8.5,2,0.8,1.05,0.9154970329251332,188.5498683987096,0.016,0.013953416996192632,0.17433722447411742,0.17432942874201907,31.779128944314106,39,30,0,False
8.5,2,0.8,1.05,0.912395986421681,188.5779119413558,0.016,0.013953391124867154,0.17327174653126923,0.17377438292943115,31.865240790603462,39,30,0,True
8.5,2,0.8,1.05,0.9183190239177336,189.0189346030651,0.016,0.013953371199608716,0.17530997864775208,0.17483550241412754,31.701203950425292,39,30,0,False
8.5,2,0.8,1.05,0.9176527887383273,188.90598234621308,0.016,0.013953345780058116,0.1750816435854342,0.1747168985555031,31.719416477670382,39,30,0,False
8.5,2,0.8,1.05,0.919974013967918,189.28816163198766,0.016,0.013953223437553659,0.175885275130319,0.17513477888387768,31.655383082026123,39,30,0,False
8.5,2,0.8,1.05,0.9212314369138189,189.50384817355004,0.016,0.01395330095308938,0.17631529976855081,0.17535770630050504,31.62137699730742,39,30,0,False
8.5,2,0.8,1.05,0.9230483889144353,189.80143441693036,0.016,0.013953150227839656,0.17694681191551953,0.17568561409074057,31.57155001449102,39,30,0,False
8.5,2,0.8,1.05,0.9128312879064218,188.57495376086456,0.016,0.013953428702538802,0.17342000343177244,0.17385157286062086,31.853224477781012,39,30,0,True
8.5,2,0.8,1.05,0.9170147169641913,188.79835826589118,0.016,0.013953329338869176,0.17486266657800173,0.17460308544453176,31.736922090487518,39,30,0,False
8.5,2,0.8,1.05,0.9247934135987204,190.0916496434367,0.016,0.013953069716236065,0.17755108179781554,0.17599884683365938,31.524166277803563,39,30,0,False
8.5,2,0.8,1.05,0.9214209559652218,189.5351456731453,0.016,0.013953290484834386,0.17638096030665906,0.17539180008009997,31.616185611926998,39,30,0,False
8.5,2,0.8,1.05,0.9124567523226033,188.57673182065864,0.016,0.013953385808303844,0.17329283609167995,0.17378539667895754,31.863525448564165,39,30,0,True
8.5,2,0.8,1.05,0.9183545163436556,189.02477442678054,0.016,0.013953369333427501,0.17532226518479854,0.17484189308085873,31.700223481093715,39,30,0,False
8.5,2,0.8,1.05,0.9353714977666392,191.87925541511902,0.016,0.013952164679049441,0.1812336692195887,0.17786950340272198,31.240649339068227,39,30,0,False
8.5,2,0.8,1.05,0.9168804601264352,188.777150628236,0.016,0.013953351365790654,0.17481565969072704,0.17457857146492214,31.740696281522823,39,30,0,False
8.5,2,0.8,1.05,0.9144642156709653,188.54667398653123,0.016,0.013953319779532092,0.17398560929523374,0.17414664160495033,31.807412154314715,39,30,0,True
8.5,2,0.8,1.05,0.9084089903316084,188.63105487684138,0.016,0.013953347883899871,0.17190320880099075,0.1730600112472509,31.977080061537485,39,30,0,True
8.5,2,0.8,1.05,0.9178607620477529,188.94142528190235,0.016,0.013953357208700097,0.17515278692071853,0.1747538466875574,31.713739535904963,39,30,0,False
8.5,2,0.8,1.05,0.9232007789544462,189.8268969529746,0.016,0.013953145844875258,0.17699947229400712,0.17571291591163993,31.567411710507923,39,30,0,False
8.5,2,0.8,1.05,0.9194797851003257,189.21130790373135,0.016,0.013953331912586159,0.17571101963634983,0.1750439617631211,31.669267249890822,39,30,0,False
8.5,2,0.8,1.05,0.919275029680595,189.17400055915576,0.016,0.013953279232679458,0.1756425251662838,0.1750085530231491,31.674685373117335,39,30,0,False
8.5,2,0.8,1.05,0.9202022691581757,189.32768889886742,0.016,0.013953244722341754,0.1759630561363963,0.17517509077425425,31.64922586913576,39,30,0,False
8.5,2,0.8,1.05,0.9211564800993083,189.49148241184918,0.016,0.013953305274896636,0.176289323918893,0.17534421689175064,31.623431686980442,39,30,0,False
8.5,2,0.8,1.05,0.9170266718929142,188.80024941581814,0.016,0.01395332742673655,0.17486685234139485,0.1746052682137619,31.736586093169482,39,30,0,False
8.5,3,0.8,1.05,0.7616584391309187,182.65164824291173,0.01475,0.012384703212156243,0.1287560109173046,0.1453978540278146,36.32849306587307,39,1,0,True
8.5,3,0.7198287845738189,0.8555533708068948,0.8786312477294781,281.8588450068973,0.01475,0.013153097592592849,0.20851756866677965,0.14864947743387028,35.793392421251106,39,1,0,False
8.5,3,0.7969326894915127,1.05,1.0647714069105285,214.0246939305606,0.01475,0.012480516061995225,0.23019539529465147,0.19989646020618373,28.26070783552551,39,1,0,False
8.5,3,0.6958434587968266,0.8013450139839,0.6607436236673492,316.47548427676315,0.01475,0.013089964134796952,0.14181175217020645,0.10010177776965756,45.28881579498381,39,1,0,False
8.5,3,0.6877277425965658,1.015527125397954,0.8577040002819902,260.30772088396253,0.01475,0.013455342049474099,0.1752322041661224,0.1388602733616085,37.48192125325294,39,1,0,False
8.5,3,0.7808835085922119,1.05,0.8872420059769556,189.18924348138674,0.01475,0.012611936831831077,0.17022724153051294,0.16698142755763415,32.87129703801595,39,1,0,False
8.5,3,0.8,0.8211703925784434,0.5,253.87598129277808,0.01475,0.012075741469141687,0.08159641008039288,0.08023395018530888,50.13976705293473,39,1,0,False
8.5,3,0.7972953399755904,1.05,0.9497341753518771,191.38033279131787,0.01475,0.012494586723917685,0.18942245699253363,0.18147069774095823,30.713070590286847,39,1,0,False
8.5,3,0.7890988281503089,0.9157449223859513,0.8814695437023616,211.70868331817366,0.01475,0.012550854203117627,0.18957419719053975,0.1662906440752125,32.9726113916713,39,1,0,False
8.5,3,0.6709212765994204,1.05,0.7306017707662683,274.7813316130534,0.01475,0.013510150546044809,0.12961109552945743,0.10864656209362382,43.325169797553585,39,1,0,False
8.5,3,0.7847803193311068,0.9134314210231006,1.142031616437854,279.17886437898443,0.01475,0.012582994457883972,0.2908442194275861,0.20476638246095122,27.671162755203706,39,1,0,False
8.5,3,0.7779401080583058,1.05,0.8981427090909042,192.66589575215593,0.01475,0.012640514448870347,0.174170446842413,0.16838595157305428,32.66725937688134,39,1,0,False
8.5,3,0.8,0.820402831876937,0.7472541419687424,201.62261397469982,0.01475,0.012318641632082551,0.15917402762184282,0.14205249183095392,36.904576160468714,39,1,0,False
8.5,3,0.7813199657562561,0.9838694285622169,0.8570125746835598,197.1008558286959,0.01475,0.012600153818339888,0.17023329980977706,0.16069459587938853,33.820442645940574,39,1,0,False
8.5,3,0.5548983707931427,0.9334949225252729,0.9658067317848243,565.7740844932198,0.01475,0.015147271864096735,0.24749815234530995,0.11663740873427071,41.63967597177264,39,1,0,False
8.5,3,0.8,0.7644322179546349,0.8774100369174999,243.32864431889863,0.01475,0.012430894375535675,0.21954932306229696,0.1657806489871402,33.04688594114415,39,1,0,False
8.5,3,0.707227961371027,0.8981779787470896,0.6304025512181864,283.3303899762688,0.01475,0.012989646583157164,0.11556716241787358,0.09557063260876443,46.438503652180536,39,1,0,False
8.5,3,0.7643499839698745,0.7999511336122813,0.9785026694111483,287.52410207602867,0.01475,0.012793365619307448,0.2556065879508807,0.17430469836819407,31.785228360890354,39,1,0,False
8.5,3,0.7445345262031955,1.05,0.7842948908314464,195.79555277909367,0.01475,0.012859951642519017,0.14042398470037248,0.1382584042030893,37.589490245596956,39,1,0,False
8.5,3,0.7865231963939849,0.7335737552847326,0.9618151793177738,287.5826658711673,0.01475,0.012581813236507223,0.2642977609693162,0.17538456992384,31.618152602389117,39,1,0,False
8.5,3,0.7880716963864405,0.5481440975848925,1.0126658782070863,394.9435223117227,0.01475,0.012480862328156319,0.362890200156875,0.17706216692517648,31.363407908263834,39,1,0,False
8.5,3,0.7820707866848496,0.4607549007233907,0.9838738573834026,453.06480102478207,0.01475,0.012434381832842631,0.40388266940061235,0.16899587250868667,32.57946672603835,39,1,0,False
8.5,3,0.7050818126927734,0.7295239572390269,1.0330493208171692,402.13916069290656,0.01475,0.01333747520882249,0.3091649058290929,0.16505314128707063,33.16041708686102,39,1,0,False
8.5,3,0.7354812948697285,0.681153678914812,0.8798565420306507,332.7576677738224,0.01475,0.012948445677168212,0.2525800532177779,0.1495069635271425,35.65358255265922,39,1,0,False
8.5,3,0.8,1.05,0.958850392382867,191.61276311258808,0.01475,0.012473805467833327,0.1922233350432307,0.18358359764260976,30.412929526220747,39,1,0,False
8.5,3,0.7236293959748662,0.9424956451088713,0.8804872065591726,252.5826805227604,0.01475,0.013124962650954157,0.19170815104377836,0.15124475821253908,35.37604901616628,39,1,0,False
8.5,3,0.8,0.7498703704762202,0.8753466444721482,247.26352324906017,0.01475,0.012424066998009332,0.22249707111070954,0.16517092895287208,33.13710934911259,39,1,0,False
8.5,3,0.7866873526608431,0.700241750139593,0.7445557124423415,241.97012806698046,0.01475,0.012365871941016422,0.1856057010413072,0.13799055571283633,37.63618148875199,39,1,0,False
8.5,3,0.7217830573094551,0.9898205507040959,0.8695576474709901,239.4174682084272,0.01475,0.013132911881404186,0.1798807203559154,0.14932297349175186,35.684033797475585,39,1,0,False
8.5,3,0.7640937035696082,0.9753863023684473,0.9888084318651433,237.32794676668797,0.01475,0.012794461210851227,0.22039314083281417,0.17924336065464108,31.038556261580286,39,1,0,False
8.5,3,0.8,0.8844488532101717,0.8002330527948162,196.5921822690419,0.01475,0.012394697288420048,0.16573370628916698,0.15316183827275592,35.04211037438157,39,1,0,False
8.5,3,0.8,0.8467071557596719,1.2864898677136778,333.038690173223,0.01475,0.012305846043499262,0.37010899634620614,0.22461601142776894,25.445099884106366,39,1,0,False
8.5,3,0.7076817536742951,0.8015836029025283,0.7168380604645118,293.7216467509205,0.01475,0.013064063805877962,0.16061615197210685,0.1144529685982881,42.080798516258604,39,1,0,False
8.5,3,0.8,1.0237839387634748,0.5,294.9685940315316,0.01475,0.01234315567380495,0.0607594023114823,0.07324821950375063,52.053884535411505,39,1,0,False
8.5,3,0.673761737728971,1.05,0.7577000485857469,266.6339070324541,0.01475,0.013508904878323706,0.13802184279300747,0.11517662354250725,41.932284063396736,39,1,0,False
8.5,3,0.7072784992950306,0.9865440487731265,1.09465011735908,309.42647555275636,0.01475,0.013292506988163675,0.26729946557141754,0.18099478889620482,30.787246666903876,39,1,0,False
8.5,3,0.8,0.5635868043960646,0.9900070558138648,363.1304786304327,0.01475,0.01239037934300653,0.3413880230969974,0.17746973886766282,31.300879001081107,39,1,0,False
8.5,3,0.8,0.6980346627007545,0.9232031542044651,277.61917375567646,0.01475,0.012437799073962398,0.25704050447855864,0.1720358603807225,32.139435073852695,39,1,0,False
8.5,3,0.7875968172301241,1.0032488384308964,0.7398689055186831,184.94891622575025,0.01475,0.012459062898731327,0.1291501575231536,0.13804287491428144,37.62655339017488,39,1,0,True
8.5,3,0.7336073899916754,0.8548275334739291,1.03075316821375,311.9721846839768,0.01475,0.0130827687900808,0.26741629207854545,0.17565037042554313,31.58115636277318,39,1,0,False
8.5,3,0.8,0.9188710920234207,0.8798202564207444,203.8874945501609,0.01475,0.012461912779751573,0.1871874026901935,0.1685198430294132,32.64661180618432,39,1,0,False
8.5,3,0.8,1.05,0.7854445780381116,182.1840788719102,0.01475,0.012401312935601082,0.13596384020440888,0.1507751415721449,35.446867197311725,39,1,0,True
8.5,3,0.8,0.9696004478736344,0.887458622099471,194.34236219064738,0.01475,0.012466278619028014,0.18092963976764534,0.1705877300243233,32.353067835775654,39,1,0,False
8.5,3,0.8,1.05,0.8507106512662034,181.80561536806584,0.01475,0.012440630311896048,0.15638073115700296,0.16409795969792923,33.29764704722297,39,1,0,True
8.5,3,0.7126545887478056,0.8890777604784035,1.0526614561022487,327.033936694619,0.01475,0.013278738466724857,0.2712065266453559,0.1743541301572483,31.780878559266363,39,1,0,False
8.5,3,0.7745917005372597,0.9938352516501247,0.8759057234143127,202.45993211415305,0.01475,0.012666740211738433,0.17574992096427786,0.16282500604556363,33.492251152936554,39,1,0,False
8.5,3,0.7361318070090103,1.05,0.6303756117829993,236.1339002541179,0.01475,0.01280871425728648,0.0952075281964036,0.0996420574530834,45.400031211528464,39,1,0,False
8.5,3,0.8,0.8330480130341213,0.8080034867126199,209.58855452779088,0.01475,0.012389413013138168,0.17810348916053126,0.15422750149292178,34.862690078199385,39,1,0,False
8.5,3,0.8,0.8837146400088216,0.8297558346536299,202.24772083330262,0.01475,0.01242114272367618,0.1760861790240613,0.1587431217920792,34.12580013112388,39,1,0,False
8.5,3,0.7069004023193997,0.899120600495518,0.9578879509620026,301.34740188642195,0.01475,0.013326483313840199,0.2315007390215288,0.15898723285171895,34.09254576489473,39,1,0,False
8.5,3,0.7297043811186782,0.9210062907701833,0.7407998510625751,232.90815850355156,0.01475,0.012933973643402171,0.146122295750322,0.12528282491467535,39.97858135433225,39,1,0,False
8.5,3,0.7491001445295804,0.9108099221792026,0.9102826014245704,247.58002016270174,0.01475,0.012909181858758128,0.20563446639471358,0.16190717149655603,33.63426759834393,39,1,0,False
8.5,3,0.7915673541057243,1.05,0.6818161095686164,193.03356742093519,0.01475,0.012392410442201804,0.10608553244051493,0.12454014836362505,40.11047955053337,39,1,0,False
8.5,3,0.5557849030191895,0.9251368488202693,0.8570147611277273,556.004941292315,0.01475,0.015053991324237686,0.20496811673230111,0.10022065899225692,45.265914968362516,39,1,0,False
8.5,3,0.6100460264844831,0.8881264997176731,0.8394700509547252,427.05026067917214,0.01475,0.014309553539961812,0.1992956908209382,0.11264744366553149,42.466192289656554,39,1,0,False
8.5,3,0.8,1.011857626425968,1.0214984493421468,212.2202103777075,0.01475,0.012483150995826874,0.2208531908339513,0.19317338328279002,29.121694757575696,39,1,0,False
8.5,3,0.7341164735371327,0.9140363519004302,0.9524856311027781,269.2231070749442,0.01475,0.01306396186557205,0.22273352286786585,0.16533806812654023,33.116338499062074,39,1,0,False
8.5,3,0.8,0.943556103476856,0.7229272400245531,182.11806398172007,0.01475,0.012332006467089577,0.13106634827656735,0.13699493874382293,37.819129636264556,39,1,0,True
8.5,3,0.8,1.05,0.5882759942675351,228.73566172021137,0.01475,0.012292812905244161,0.0802536718682709,0.10065638634205926,45.148919844618035,39,2,0,False
8.5,3,0.8,1.05,0.7939290974499588,182.06130367737313,0.01475,0.01240695091746011,0.13856742900149346,0.15255304097980082,35.14583374130134,39,2,0,True
8.5,3,0.8,1.05,0.8555916163503109,181.81803328922925,0.01475,0.012443064671940915,0.1579452962595685,0.16507856157195697,33.15084036304281,39,2,0,True
8.5,3,0.7328669480602507,1.05,0.5,340.689716104744,0.01475,0.012882375228139212,0.06130812412498854,0.06124511336489226,56.03327456394591,39,2,0,False
8.5,3,0.7327746070706348,1.05,0.7079240473728128,209.28986932889404,0.01475,0.012898639365251898,0.11788064695238254,0.11803490812604565,41.35150331244289,39,2,0,False
8.5,3,0.8,1.05,0.821920517648854,181.83537500548445,0.01475,0.012424704324293625,0.14725905504728123,0.15827206781072614,34.201005951366966,39,2,0,True
8.5,3,0.8,1.05,0.5,302.2318481408002,0.01475,0.012382141259945037,0.058563260760886825,0.0722196386996356,52.35715189204014,39,2,0,False
8.5,3,0.8,1.05,0.7300359453418794,183.64464340577254,0.01475,0.012361804873386673,0.11937103089422318,0.13820133216203795,37.59691496828441,39,2,0,True
8.5,3,0.8,1.05,0.8796884470198159,181.9494737507606,0.01475,0.012453920084800832,0.16574266914462352,0.1698887189508854,32.45143019056132,39,2,0,True
8.5,3,0.8,1.05,0.7840263839558874,182.207773600287,0.01475,0.012400367242173211,0.13552986457481625,0.15045494684434224,35.49791296191556,39,2,0,True
8.5,3,0.8,1.05,1.012020692073587,201.6913285482866,0.01475,0.012471700861493754,0.2107568826795303,0.1923373694804335,29.22914240155591,39,2,0,False
8.5,3,0.8,1.05,0.9257995717852716,185.54207418981116,0.01475,0.012468715150548603,0.1810034946309745,0.17800724663488146,31.219974706401025,39,2,0,False
8.5,3,0.8,0.8342378168522957,0.6764258320305451,192.33258961593816,0.01475,0.012237020212970856,0.13295409186791365,0.1266646077120164,39.727306210133754,39,2,0,False
8.5,3,0.8,1.05,0.898374735958607,182.12236538664186,0.01475,0.012460908966170263,0.1718734096516194,0.17331936185806332,31.93634476227425,39,2,0,True
8.5,3,0.6292323501359985,0.921202550774368,0.9098286986862834,375.66029569910063,0.01475,0.014141431593839751,0.21790181346635487,0.1311905543946066,38.95127751171539,39,2,0,False
8.5,3,0.8,0.7720360410649616,0.86363318907712,237.7798189469588,0.01475,0.012422145282731558,0.21228941820631447,0.16350780731868356,33.386921297591556,39,2,0,False
8.5,3,0.8,0.9447505197791658,1.0232183839996836,229.17293105099938,0.01475,0.012499227978119578,0.23445821619283913,0.1920911356539343,29.261009415740485,39,2,0,False
8.5,3,0.8,1.05,0.9537834153084869,190.66674921175522,0.01475,0.012473335364622423,0.19048818965794775,0.18274063532960155,30.532886832712443,39,2,0,False
8.5,3,0.7834023418956969,1.05,0.7936001923041003,185.0718034143947,0.01475,0.012538908880491693,0.13992349230864773,0.14890457329720266,35.748298283967145,39,2,0,True
8.5,3,0.8,1.05,0.7318640696465629,183.5696124396356,0.01475,0.012363082795374264,0.11990899311023247,0.13861908998359454,37.520088800341576,39,2,0,True
8.5,3,0.7941875127484096,0.5625520570307416,0.9303246872731176,346.37498754668457,0.01475,0.012406754605707985,0.3135919370366951,0.16815434353024497,32.69967101575888,39,2,0,False
8.5,3,0.8,1.05,0.8097589136564786,181.90346765444085,0.01475,0.012417193307289718,0.1434628329305279,0.1557999011176739,34.60280545800469,39,2,0,True
8.5,3,0.8,1.04046769218346,0.6849641552069012,188.64978787915516,0.01475,0.012327087129747097,0.10747105816656742,0.12734407069781736,39.60714740267181,39,2,0,False
8.5,3,0.8,1.05,0.8536855974740789,181.8124381009309,0.01475,0.012442121365514659,0.15733380437487418,0.16469559946976964,33.20794825287549,39,2,0,True
8.5,3,0.8,1.05,0.638691921438142,204.9271397775326,0.01475,0.012303554543031933,0.09359056871876038,0.11464231141482482,42.03691481279497,39,2,0,False
8.5,3,0.7768606556885979,1.05,0.8954393038609372,192.86169389935066,0.01475,0.012648576995683114,0.1733814796416642,0.16761624769848804,32.778780955612405,39,2,0,False
8.5,3,0.8,0.9388522498521632,0.8445558968336278,193.2030374338646,0.01475,0.012439587850713479,0.17145789146580473,0.1620563170306557,33.608251233319365,39,2,0,False
8.5,3,0.8,1.05,0.6447074802997131,202.5968238726218,0.01475,0.012306393456099615,0.09522437831523697,0.11627144009835483,41.70200295280032,39,2,0,False
8.5,3,0.7761530206927926,1.05,0.659778610391305,206.33903022774965,0.01475,0.012498300303876523,0.10090643288217044,0.11542706032294278,41.87575736748713,39,2,0,False
8.5,3,0.8,1.05,0.8732703984019593,181.90171835701412,0.01475,0.012451199205923425,0.16365493696206604,0.16861024529078616,32.6336158337435,39,2,0,True
8.5,3,0.8,0.9856449045972121,0.9481194169877708,203.12180910747585,0.01475,0.012487025770566651,0.19926868459350633,0.18090572706611427,30.793971651625228,39,2,0,False
8.5,3,0.8,1.0026038010775034,1.0510788453042281,220.74664764439507,0.01475,0.012479113271961901,0.23345471258843356,0.1975329409023977,28.55791448481649,39,2,0,False
8.5,3,0.8,0.9913026407379175,0.7651367094731999,182.20685169055184,0.01475,0.012381335759475415,0.1375296501197691,0.14622030290826304,36.19031815462325,39,2,0,True
8.5,3,0.8,1.05,0.5,302.2318481408002,0.01475,0.012382141259945037,0.058563260760886825,0.0722196386996356,52.35715189204014,39,2,0,False
8.5,3,0.8,1.05,0.8267378449978549,181.8101338170142,0.01475,0.01242745876853554,0.14877587682731475,0.1592536437473861,34.04483761785051,39,2,0,True
8.5,3,0.8,1.05,0.8171897345883723,181.85735321540602,0.01475,0.012421831179531264,0.14577842267797825,0.15731199626015158,34.355800968558576,39,2,0,True
8.5,3,0.8,1.05,0.8960182246715211,182.1013361119383,0.01475,0.012460147784539124,0.1710941684419406,0.17291292362770064,32.00025012325115,39,2,0,True
8.5,3,0.8,1.05,0.7461692303557685,183.07629527932698,0.01475,0.012373504659813126,0.1241318674375465,0.14187847427286904,36.93506114098503,39,2,0,True
8.5,3,0.7986994206283694,1.05,0.8680555617485799,182.11142687186327,0.01475,0.012459298719438275,0.16209324932210226,0.16727858282337815,32.82667618714673,39,2,0,True
8.5,3,0.8,1.05,0.8380316149385723,181.79090475783732,0.01475,0.012433872928573739,0.1523434889898617,0.1615448121651795,33.68713834210921,39,2,0,True
8.5,3,0.8,1.023150846241501,0.6630499787754915,194.70177553965502,0.01475,0.012305885656253021,0.10322955476595834,0.12161378408825058,40.65494498629175,39,2,0,False
8.5,3,0.8,1.05,0.6721428006504951,192.97643129071,0.01475,0.01232165456163319,0.10279746661243952,0.12374097984383454,40.25687124289448,39,2,0,False
8.5,3,0.8,1.05,0.8826496805277199,181.9754557594453,0.01475,0.012455144134215928,0.16670805470322106,0.1704784062816682,32.36839402963659,39,2,0,True
8.5,3,0.8,1.05,0.994940828944493,198.41694195278257,0.01475,0.012473878471842661,0.20473470372147068,0.18955340737648807,29.5954268444912,39,2,0,False
8.5,3,0.8,0.9591392201419928,0.7705012016992212,181.92893060420946,0.01475,0.012381162469337334,0.14381756033003176,0.14736055668591522,36.000633497872926,39,2,0,True
8.5,3,0.8,1.05,0.8276425617761565,181.80745161613282,0.01475,0.012427986171542216,0.14906065447444986,0.159437609548515,34.01580050694237,39,2,0,True
8.5,3,0.8,1.05,0.7737911870718313,182.38315907133236,0.01475,0.012393236368854957,0.13241819314999778,0.14814517627640053,35.87131417709978,39,2,0,True
8.5,3,0.8,1.0105985314288848,0.633208921289871,204.48312210449188,0.01475,0.012281083726479668,0.09630219633997203,0.11379490562401716,42.21429220679693,39,2,0,False
8.5,3,0.8,1.0110747921981749,0.5601422377478511,240.8018822809609,0.01475,0.012265322979960368,0.0767733107838409,0.09361860028979183,46.89687146665767,39,2,0,False
8.5,3,0.8,1.05,0.6125988593223602,216.21038654537836,0.01475,0.012294770964491174,0.08660414854403471,0.10746592148515402,43.57621181434549,39,2,0,False
8.5,3,0.8,1.05,0.9380342276120515,187.7804549697098,0.01475,0.012471153653664014,0.1851296919377421,0.18007494631010482,30.914339595313354,39,2,0,False
8.5,3,0.8,1.05,0.8655915275144638,181.85875141941014,0.01475,0.012447806211065693,0.1611663141316512,0.1670805890090258,32.85557399803773,39,2,0,True
8.5,3,0.7891818616956756,1.05,0.7548279754158889,184.74720804063784,0.01475,0.012464653130452976,0.1275836915145166,0.1415743250021377,36.989115733972774,39,2,0,True
8.5,3,0.8,0.9645050203808283,0.9521924841332606,208.69857078993138,0.01475,0.012490951794113489,0.204515383699014,0.18125692907975618,30.74349671096822,39,2,0,False
8.5,3,0.6870446966173556,1.0361086659117744,0.7958061198672859,248.8837541822547,0.01475,0.013410568168736156,0.15118373766962379,0.12684855143819976,39.700425811512055,39,2,0,False
8.5,3,0.8,1.05,1.1417859028777988,228.04633026492795,0.01475,0.012406056568203412,0.25867043710824306,0.21226222731346192,26.80525278587418,39,2,0,False
8.5,3,0.8,1.05,1.0586450548621391,210.96091121073982,0.01475,0.012458399095749034,0.22752248015776388,0.19965597358317588,28.290340463694516,39,2,0,False
8.5,3,0.8,1.05,0.9517673871914745,190.29858403827222,0.01475,0.01247314157696968,0.18979814133755107,0.18239848594354038,30.58108146157272,39,2,0,False
8.5,3,0.8,1.05,0.9196837197128471,184.4213255494996,0.01475,0.012467207097472129,0.17895515857631353,0.17697608465538117,31.37572370054035,39,3,0,False
8.5,3,0.8,1.05,0.8370668601251913,181.78935908937146,0.01475,0.012433314939319633,0.15203861360485144,0.16135090722038384,33.717185437569746,39,3,0,True
8.5,3,0.8,1.05,0.734012319096012,183.49493000217922,0.01475,0.01236472098502501,0.12053791129459904,0.1391057282653769,37.43100958754746,39,3,0,True
8.5,3,0.7586743711061454,1.0396361700626024,0.6009032978641695,238.94131371008817,0.01475,0.012603089147860576,0.08687362508163493,0.0966981137351418,46.14249520358616,39,3,0,False
8.5,3,0.7970623818176186,1.05,0.8191251688823971,182.37302413432946,0.01475,0.01244618482259868,0.14665503064586907,0.15708688578589486,34.39256786983586,39,3,0,True
8.5,3,0.8,1.05,0.8027491719608817,181.96406086485968,0.01475,0.012412727851893847,0.14128826957827917,0.15436075523775242,34.84044381260013,39,3,0,True
8.5,3,0.8,0.9909529505532609,0.7809492047846365,182.08851313104583,0.01475,0.012394430086328324,0.14253908013557823,0.14970349560825402,35.61829148469387,39,3,0,True
8.5,3,0.8,1.05,0.8287300622376803,181.80491507223832,0.01475,0.012428622221950621,0.14940300478713597,0.15965863946174624,33.981008952418236,39,3,0,True
8.5,3,0.8,1.05,0.8787425601939882,181.94255296937243,0.01475,0.012453535504803565,0.1654341406661677,0.16970001954816277,32.47813341734109,39,3,0,True
8.5,3,0.8,1.05,0.8308175765133741,181.802323023914,0.01475,0.012429851737156473,0.15006019003164264,0.1600825357535095,33.914575481566,39,3,0,True
8.5,3,0.8,1.05,0.8549229512501338,181.81626053613616,0.01475,0.012442738504989337,0.157730549500466,0.1649441003617866,33.170858681306605,39,3,0,True
8.5,3,0.8,1.05,0.8482303512647044,181.7985405768507,0.01475,0.01243933053922295,0.15558894974040438,0.16360090463100815,33.372791633535385,39,3,0,True
8.5,3,0.8,1.05,0.6865707637621492,188.51764555439874,0.01475,0.012330997807660489,0.1068529945042967,0.12768059232653575,39.54803093574643,39,3,0,False
8.5,3,0.8,1.05,0.8445131165000399,181.79327506672755,0.01475,0.01243738121729748,0.1544033683108489,0.1628530715332048,33.48644141051934,39,3,0,True
8.5,3,0.6810533184067509,1.05,0.7506973775209569,258.3537561513595,0.01475,0.013427686025677916,0.13516764773101095,0.11548448890780555,41.86853948446851,39,3,0,False
8.5,3,0.8,0.9727614202764541,0.8505861864275708,187.44610038941426,0.01475,0.012444946496573536,0.16791591207167436,0.16351360747978508,33.38604047800048,39,3,0,False
8.5,3,0.8,1.05,1.1824957072341364,236.58861513859253,0.01475,0.01236609196777874,0.27455364935545107,0.21828663202058096,26.1514803908036,39,3,0,False
8.5,3,0.8,1.05,0.7175470926091192,184.1773546217507,0.01475,0.012352762636858354,0.11572751291859533,0.13533455452708748,38.131384754338875,39,3,0,True
8.5,3,0.8,1.05,0.8245517873100098,181.81947912207974,0.01475,0.012426199816661421,0.14808756594241065,0.1588085684457386,34.1153895720531,39,3,0,True
8.5,3,0.8,1.05,0.7927331009451727,182.0816115840363,0.01475,0.012406219172042496,0.13819752742254196,0.15230647378021875,35.18809939694555,39,3,0,True
8.5,3,0.8,1.05,0.7933557432798835,182.07075222326745,0.01475,0.012406597668643384,0.13839015877197225,0.15243490368755955,35.16606581498822,39,3,0,True
8.5,3,0.8,1.05,0.7474828007406806,183.04007361051882,0.01475,0.012374508665806782,0.12452036797891157,0.14217706723245144,36.882797992335405,39,3,0,True
8.5,3,0.8,1.05,0.6204437534320775,212.60189874736966,0.01475,0.012296741955304955,0.08868712783403393,0.10967739252045847,43.097990760368944,39,3,0,False
8.5,3,0.8,1.05,0.8323723933425221,181.80168417502918,0.01475,0.012430766773953966,0.1505499931967663,0.16039815385697992,33.86535777677074,39,3,0,True
8.5,3,0.8,1.05,0.9664457438046112,193.03699092493204,0.01475,0.01247435845348995,0.19483138252257126,0.1848452604445429,30.235803242066886,39,3,0,False
8.5,3,0.8,1.05,0.8051146282311628,181.9447924094741,0.01475,0.012414281941306983,0.14201963592545283,0.1548452252493106,34.759912538931076,39,3,0,True
8.5,3,0.8,1.05,0.8209290739215012,181.8322422485984,0.01475,0.01242401775611628,0.14695170067754815,0.15807326070252353,34.23289239542881,39,3,0,True
8.5,3,0.8,1.05,0.8280571550130695,181.811293953371,0.01475,0.012428288819929053,0.14918887075388002,0.15952019636675427,34.00278859684876,39,3,0,True
8.5,3,0.8,1.05,0.5556251468403341,249.65591689760393,0.01475,0.012304133399221597,0.07197745746975956,0.0909003170394836,47.507361948405936,39,3,0,False
8.5,3,0.8,1.05,0.7922127340994288,182.0892351144323,0.01475,0.012405883233332452,0.13803727738557173,0.15219966163260304,35.206455089447694,39,3,0,True
8.5,3,0.8,1.0093579929446557,0.7968865959760147,182.06129707768963,0.01475,0.012408191022830561,0.14497927430568344,0.15307576834123046,35.056719991037895,39,3,0,True
8.5,3,0.8,1.05,0.5960081783137963,224.51793687577148,0.01475,0.012292689221315616,0.0822543373063851,0.10281404476080822,44.63360292216068,39,3,0,False
8.5,3,0.8,1.05,0.8215373829939862,181.83412123547043,0.01475,0.012424439159940423,0.14714026291257948,0.15819524135106294,34.213317740382685,39,3,0,True
8.5,3,0.8,1.05,0.6191970694889586,213.1683533017249,0.01475,0.01229643572371812,0.08835392748564942,0.10932436128385481,43.173357117907244,39,3,0,False
8.5,3,0.8,1.05,0.8691600710167117,181.87835327545926,0.01475,0.012449421104962178,0.16232077929808322,0.16779088825960464,32.751960032858946,39,3,0,True
8.5,3,0.8,1.05,0.7048865023179172,184.80897480478768,0.01475,0.012343704314603325,0.11207197052373523,0.13243983983391608,38.694132882414216,39,3,0,True
8.5,3,0.8,1.05,0.7562155903571428,182.7899126277672,0.01475,0.012380801727057383,0.127124537359987,0.14416381431761505,36.53863713427493,39,3,0,True
8.5,3,0.8,1.05,0.8095568758748863,181.90396724734848,0.01475,0.012417053349625494,0.14340047863157052,0.1557587462676065,34.60953525607711,39,3,0,True
8.5,3,0.8,1.05,0.88705098223586,182.0150398297521,0.01475,0.01245688198973364,0.16814723029178666,0.17135542508929189,32.245967590382435,39,3,0,True
8.5,3,0.8,1.05,0.7416708383009833,183.2222558775902,0.01475,0.012370252105929104,0.12279825335028538,0.14085148889332444,37.11649193072527,39,3,0,True
8.5,3,0.8,1.05,0.7613480317924665,182.66264765360813,0.01475,0.012384523514869718,0.1286613946918827,0.14532624534580937,36.340590360064084,39,3,0,True
8.5,3,0.8,1.05,0.9329407065581546,186.84587366791422,0.01475,0.012470180822392636,0.1834096361958981,0.17921473967261733,31.04042697748159,39,3,0,False
8.5,3,0.8,1.05,0.8368521700578182,181.79177269474937,0.01475,0.012433224070363407,0.15196949275711397,0.161306813000237,33.72402913992362,39,3,0,True
8.5,3,0.8,1.05,0.8467693460504693,181.79637997042087,0.01475,0.01243857290025599,0.1551224909774563,0.16330772325935164,33.417348004409654,39,3,0,True
8.5,3,0.8,1.0421022253582501,0.7570030047408373,182.7125696892827,0.01475,0.012380652020965905,0.1283460988550013,0.14435971049134794,36.50503952303331,39,3,0,True
8.5,3,0.8,1.05,0.8227389371850748,181.82951501824994,0.01475,0.012425162573617319,0.14751692399834423,0.1584391557482199,34.17427410033928,39,3,0,True
8.5,3,0.8,1.05,0.8710655009610834,181.89014503259497,0.01475,0.012450269422393502,0.16293812150290943,0.1681701699293468,32.697022612912164,39,3,0,True
8.5,3,0.8,1.05,0.811890337403704,181.88971236586687,0.01475,0.01241855062605874,0.14412532885547305,0.1562372820468012,34.53151945456061,39,3,0,True
8.5,3,0.8,1.05,1.0108993910131843,201.4773295562185,0.01475,0.012471902815143942,0.21035874690898224,0.192154024905471,29.252860839983608,39,3,0,False
8.5,3,0.8,1.05,0.6065597333400172,219.1174243115535,0.01475,0.012293620093184026,0.08501304578401897,0.10576840431435848,43.95342413550812,39,3,0,False
8.5,3,0.8,1.05,0.9030042783061422,182.17195124215556,0.01475,0.012462414063823288,0.1734045665007798,0.1741162890672358,31.81211581163207,39,3,0,True
8.5,3,0.8,1.05,0.8212409225755084,181.83774889851443,0.01475,0.012424290072446557,0.1470462529959094,0.15813423914104724,34.22310287505011,39,3,0,True
8.5,3,0.7946645117650724,1.05,0.9391476768075818,190.82983386155155,0.01475,0.012514212503053394,0.18612288316827735,0.17913134431186625,31.053080093335627,39,3,0,False
8.5,3,0.8,1.05,0.9211726450433391,184.6963801812492,0.01475,0.012467625159003239,0.1794514558600184,0.17722608934896383,31.337754432799606,39,3,0,False
8.5,3,0.8,1.05,0.7823018976005318,182.23528766039095,0.01475,0.01239918509930952,0.1350037189967223,0.15006634903977606,35.56012362952754,39,3,0,True
8.5,3,0.8,1.05,0.6740341903322693,192.37209394349287,0.01475,0.012322852946281188,0.1033258568224351,0.12425573074731311,40.162122744177594,39,3,0,False
8.5,3,0.8,1.05,0.8350046028607955,181.79284339058225,0.01475,0.012432187675512288,0.15138468978867162,0.1609344221133493,33.781989233095985,39,3,0,True
8.5,3,0.8,1.05,0.8659442879602316,181.8575706940369,0.01475,0.012447930514362602,0.16128183495174028,0.16715186430952375,32.84513352902394,39,3,0,True
8.5,3,0.8,1.05,0.770477001842759,182.4505623990566,0.01475,0.01239092157894748,0.13141464288095506,0.1473968417709832,35.99464520420799,39,4,0,True
8.5,3,0.8,1.05,0.8586357414628075,181.82951750650483,0.01475,0.012444558870695921,0.15892302159045754,0.16569007451129186,33.06024328068464,39,4,0,True
8.5,3,0.8,1.05,0.7935656681320261,182.07088395133704,0.01475,0.01240677131642444,0.1384534866119911,0.15247697379616337,35.15885701431061,39,4,0,True
8.5,3,0.8,1.038626044158695,0.8814482207994374,182.1526673025406,0.01475,0.012456501241713736,0.1679914321242722,0.17013712893326072,32.41637482012697,39,4,0,True
8.5,3,0.8,1.05,0.8789725076450627,181.94391986017018,0.01475,0.012453625564153989,0.16550928329957817,0.1697460007985602,32.471620603203036,39,4,0,True
8.5,3,0.8,1.05,0.8381773943913957,181.79090178770753,0.01475,0.012433953844627388,0.15238969619292617,0.16157420356683327,33.6825907515021,39,4,0,True
8.5,3,0.8,1.0409839016681341,0.9937283956998798,200.11914893030095,0.01475,0.012476997902390477,0.20581887471583893,0.18921333780078767,29.641089524738003,39,4,0,False
8.5,3,0.8,1.05,0.8790788363775263,181.94462837661757,0.01475,0.012453668053763472,0.16554399563000866,0.16976723655780554,32.46861404445139,39,4,0,True
8.5,3,0.8,1.05,0.8621631012459225,181.8427100641562,0.01475,0.012446221390941722,0.16005963579822644,0.16639847280882245,32.955984270222146,39,4,0,True
8.5,3,0.8,1.05,0.8554862095478346,181.81750389080608,0.01475,0.012443010337547064,0.15791155851074168,0.16505745129776356,33.1539808802883,39,4,0,True
8.5,3,0.8,1.05,0.7657050552900528,182.5554002425266,0.01475,0.01238756680080732,0.129973867253935,0.14631613621757633,36.17426291368984,39,4,0,True
8.5,3,0.8,1.05,0.7871629039080813,182.15818279783932,0.01475,0.012402477038026587,0.13648945022604336,0.1511625713820686,35.38538979688432,39,4,0,True
8.5,3,0.8,1.05,0.8110197769341135,181.89617861827597,0.01475,0.012418009944478633,0.14385416664390996,0.15605827526086033,34.56064258711614,39,4,0,True
8.5,3,0.8,1.05,0.8131722201296386,181.87943265482517,0.01475,0.012419329233965585,0.14452543064279338,0.15649781756998823,34.488694324645095,39,4,0,True
8.5,3,0.8,1.05,0.7507730547038184,182.9448268524212,0.01475,0.012376922386090254,0.12549832005715014,0.14292629147730815,36.75228892940552,39,4,0,True
8.5,3,0.8,1.05,0.8250821567707732,181.81537385205334,0.01475,0.012426485182624765,0.14825526886083126,0.1589171259343767,34.0981418936782,39,4,0,True
8.5,3,0.8,1.05,0.846463809500743,181.7926933520386,0.01475,0.012438372891814329,0.15502660107724944,0.16324757436513315,33.42651069858982,39,4,0,True
8.5,3,0.8,1.05,0.6242861929643011,210.90597640686272,0.01475,0.012297935802140994,0.08971279556462357,0.11074432130362209,42.868751988627146,39,4,0,False
8.5,3,0.8,1.05,0.8554280433745703,181.81695046164833,0.01475,0.012442977095190697,0.1578930720427764,0.1650458956391539,33.1557003523608,39,4,0,True
8.5,3,0.8,1.05,0.866034726191132,181.86387377458465,0.01475,0.012448044196302152,0.16130813558713245,0.16716778418518066,32.84280289656298,39,4,0,True
8.5,3,0.8,1.05,0.7486108746064344,183.00645717648067,0.01475,0.012375332019576957,0.12485554533724022,0.1424346396691501,36.83788893068288,39,4,0,True
8.5,3,0.8,1.05,0.8190993711125641,181.84455537371716,0.01475,0.01242295850495634,0.14637699137957716,0.15770052496512504,34.29291051694684,39,4,0,True
8.5,3,0.8,1.05,1.023269053528852,203.85023463700338,0.01475,0.012469498510817936,0.21475720251295038,0.19417266184425233,28.994756225116237,39,4,0,False
8.5,3,0.8,1.05,0.8293908056616237,181.8020680377963,0.01475,0.012428989156395813,0.14961181520052425,0.15979345597060815,33.95983905497042,39,4,0,True
8.5,3,0.8,1.05,1.0411439095491106,207.43313457173917,0.01475,0.01246467917630097,0.2211727291783104,0.19694927545479846,28.63277108160645,39,4,0,False
8.5,3,0.8,1.05,0.8138220469104377,181.8786801809657,0.01475,0.01241977511758843,0.14472644450254443,0.15662841652140733,34.46727600301895,39,4,0,True
8.5,3,0.8,1.05,0.8234096428389076,181.82347740502442,0.01475,0.012425519924183327,0.1477289950893133,0.15857657491354224,34.15233467144352,39,4,0,True
8.5,3,0.8,1.05,0.9282765230240317,185.99367017660424,0.01475,0.01246924023704332,0.18183720589845978,0.17842617243822848,31.15734018080973,39,4,0,False
8.5,3,0.8,1.05,0.9753885190446834,194.7089242487112,0.01475,0.012474575910133125,0.1979225847556148,0.18633455423078701,30.03053439804565,39,4,0,False
8.5,3,0.8,1.05,0.7857521469404299,182.1774412878688,0.01475,0.012401498075299913,0.13605869840780824,0.150845165129248,35.43573264786675,39,4,0,True
8.5,3,0.8,1.05,0.7748842243660852,182.36306054846816,0.01475,0.012394011283306394,0.1327491985831971,0.14839156038263487,35.830957735788026,39,4,0,True
8.5,3,0.8,1.05,0.8313591370434985,181.80263686138795,0.01475,0.012430178681111745,0.1502304505980476,0.16019224953011663,33.89744289709311,39,4,0,True
8.5,3,0.8,1.05,0.8614863225847893,181.8349053818764,0.01475,0.01244584277588697,0.15984390029427634,0.16626550425514147,32.97565003690956,39,4,0,True
8.5,3,0.8,1.05,1.0711213405868198,213.47722963445776,0.01475,0.01245295526598866,0.23209102658675573,0.20158762877401645,28.05309711685122,39,4,0,False
8.5,3,0.8,1.05,0.8773386168445282,181.93329036725328,0.01475,0.012452967656519412,0.16497617930019712,0.16941972191325583,32.51791768201323,39,4,0,True
8.5,3,0.8,1.05,0.806210385260635,181.9378110935793,0.01475,0.012415014470765736,0.1423582200533621,0.15506926216534528,34.72285597896644,39,4,0,True
8.5,3,0.8,1.05,0.7284149409939467,183.70660026084735,0.01475,0.012360599241864013,0.11889693397049733,0.13782934500395777,37.66502402896689,39,4,0,True
8.5,3,0.8,1.05,0.8779608307849918,181.93516782865018,0.01475,0.012453193157565453,0.16518022281438705,0.16954473965704378,32.50015560549392,39,4,0,True
8.5,3,0.8,1.05,0.7985331820712901,182.01266311735841,0.01475,0.012410050521186662,0.13998331986041793,0.1534945319670572,34.98580598678219,39,4,0,True
8.5,3,0.8,1.05,0.7821149937892313,182.23833435201433,0.01475,0.012399056692068715,0.13494673273992314,0.15002408815552973,35.56688399298583,39,4,0,True
8.5,3,0.8,1.05,0.9273964599690947,185.8326864278425,0.01475,0.012469048540030657,0.18154120814486555,0.17827753170796068,31.17952182736395,39,4,0,False
8.5,3,0.8,1.05,0.7718688944873968,182.42709476576889,0.01475,0.012391960987912612,0.1318335986877768,0.1477094196568632,35.94301675615353,39,4,0,True
8.5,3,0.8,1.05,0.8142323644163304,181.87437010628307,0.01475,0.012420008152746954,0.14485518894008906,0.15671219936501085,34.45355606523833,39,4,0,True
8.5,3,0.8,1.05,0.7582928171848817,182.73314701023378,0.01475,0.0123822633225801,0.12774740156779021,0.14463542327423826,36.457906194168984,39,4,0,True
8.5,3,0.8,1.05,0.7791329305487849,182.29024131929054,0.01475,0.012397019830796814,0.1340378769850059,0.1493494955830433,35.67531004281025,39,4,0,True
8.5,3,0.8,1.05,0.8471101590437728,181.79875908204292,0.01475,0.012438773922057118,0.15523032802232906,0.16337543490386872,33.40704203875741,39,4,0,True
8.5,3,0.8,1.05,0.8601743476314011,181.83554874056833,0.01475,0.012445296371863616,0.1594181873172284,0.16599943682804852,33.01468552322659,39,4,0,True
8.5,3,0.8,1.05,0.9373623515828599,187.65853247599824,0.01475,0.012471053408483214,0.1849014805040796,0.1799608615830734,30.930976082999045,39,4,0,False
8.5,3,0.8,1.05,0.9581927015716507,191.49200953152348,0.01475,0.012473783809481285,0.19199621743513073,0.18347332741758648,30.428554405181735,39,4,0,False
8.5,3,0.8,1.05,0.9287522263134601,186.0815424083123,0.01475,0.012469355819678285,0.1819966634028784,0.1785061670845077,31.145421612057337,39,4,0,False
8.5,3,0.8,1.05,0.8220519095255694,181.83109354233133,0.01475,0.012424736972000314,0.1473019846593008,0.15830002757436099,34.196528492666644,39,4,0,True
8.5,3,0.8,1.05,0.817622396660392,181.85316228759282,0.01475,0.012422072579272248,0.14591452186201753,0.15740041957268788,34.34145834285289,39,4,0,True
8.5,3,0.8,1.05,0.8515378316388912,181.80636931796604,0.01475,0.012441035949072143,0.15664601226802274,0.16426444199704246,33.27258878540129,39,4,0,True
8.5,3,0.8,1.05,0.8359463411498036,181.7907432948791,0.01475,0.012432699260945241,0.15168337589093478,0.16112472576947034,33.75233336557146,39,4,0,True
8.5,3,0.8,1.05,0.7820950667424601,182.238673390936,0.01475,0.012399043163321235,0.13494065179343215,0.15001957776396088,35.567605731350184,39,4,0,True
8.5,3,0.8,1.05,0.753430980486075,182.86652771126762,0.01475,0.012378807372000289,0.12629206141041063,0.14353094420982035,36.64747376199639,39,4,0,True
8.5,3,0.8,1.05,0.7233594810156845,183.91044461913995,0.01475,0.012356862876909916,0.11742169676073233,0.13666994915465783,37.8796555495388,39,4,0,True
8.5,3,0.8,1.05,0.8033902688389254,181.9597486821233,0.01475,0.012413163526987632,0.14148588988652278,0.15449167559110982,34.81862758635763,39,4,0,True
8.5,3,0.8,1.05,0.7378323618063056,183.35470636463273,0.01475,0.012367474071861648,0.12166388402356866,0.1399761844081245,37.27321198892261,39,5,0,True
8.5,3,0.8,1.05,0.853839005185513,181.81129126736988,0.01475,0.012442178321584963,0.15738376704035095,0.16472697555626986,33.203258576548926,39,5,0,True
8.5,3,0.8,1.05,0.8495147392457332,181.798688209919,0.01475,0.012439964620394315,0.1560004397286711,0.16385945400019378,33.33364239366187,39,5,0,True
8.5,3,0.8,1.05,1.0041882345273982,200.18811157239278,0.01475,0.012472857124741228,0.20798828318882226,0.19106072031533894,29.395466607222637,39,5,0,False
8.5,3,0.8,1.05,0.9026151495188034,182.17120935457402,0.01475,0.012462334735081765,0.17327377570480393,0.17404812868956013,31.822685859126803,39,5,0,True
8.5,3,0.8,1.05,0.8951114803621317,182.08634435845028,0.01475,0.012459760914191799,0.17079844719439252,0.17275886810362348,32.024570442435795,39,5,0,True
8.5,3,0.8,1.05,0.901115465196753,182.1532687567933,0.01475,0.01246183399801551,0.17277827910194837,0.17379046488437283,31.8627361888801,39,5,0,True
8.5,3,0.8,1.05,0.8703999696193144,181.88349145261415,0.01475,0.012449944123473194,0.16272366056575044,0.16803856899677816,32.71605394574004,39,5,0,True
8.5,3,0.8,1.05,0.8489306000067008,181.8013413133599,0.01475,0.012439711060081671,0.15581189802835355,0.16374088502786083,33.351579276337105,39,5,0,True
8.5,3,0.8,1.05,0.852356841445455,181.8088550360288,0.01475,0.012441455141286582,0.15690803188323996,0.16442873676076442,33.247913795151625,39,5,0,True
8.5,3,0.8,1.05,0.8900072720911247,182.04042585277938,0.01475,0.01245797177967919,0.16911776809323628,0.1718803475792572,32.164299073947284,39,5,0,True
8.5,3,0.8,1.05,0.8062344613598013,181.93459424829143,0.01475,0.012414992803650271,0.1423670351360834,0.1550752166499188,34.72187266394828,39,5,0,True
8.5,3,0.8,1.05,0.8803033043514019,181.9541873036443,0.01475,0.012454169962995842,0.16594325567764448,0.17001134449441216,32.434111559088116,39,5,0,True
8.5,3,0.8,1.05,0.8502966039569946,181.7995483054404,0.01475,0.012440355419299777,0.1562508150286589,0.16401666244670868,33.309903671725465,39,5,0,True
8.5,3,0.8,1.05,0.9162009146242548,183.7864117786208,0.01475,0.01246630430789634,0.17779107786607787,0.17638731301409832,31.46549170548751,39,5,0,False
8.5,3,0.8,1.05,0.8270453607876311,181.80963185591543,0.01475,0.012427643629725033,0.1488724512922933,0.15931602155086722,34.03498378942311,39,5,0,True
8.5,3,0.8,1.05,0.6988971128177102,185.13805693856452,0.01475,0.01233943151884617,0.11035775518138319,0.13105330067992157,38.967764101187676,39,5,0,True
8.5,3,0.8,1.05,0.9682282890801281,193.37034554595556,0.01475,0.012474434154590559,0.19544603013016237,0.1851419358598219,30.19458695710969,39,5,0,False
8.5,3,0.8,1.05,0.8756695216286257,181.91904926423774,0.01475,0.012452237776515178,0.1644341681181158,0.1690879006620158,32.56519958336327,39,5,0,True
8.5,3,0.8,1.05,0.8985709598803162,182.12451740822533,0.01475,0.012460975818190912,0.17193814852417366,0.17335308957910345,31.93105839137184,39,5,0,True
8.5,3,0.8,1.05,0.9771172830776704,195.03586025820866,0.01475,0.0124746288369994,0.19851948234019745,0.18662108712811024,29.991504826379643,39,5,0,False
8.5,3,0.8,1.05,0.8806738917262702,181.95688740786994,0.01475,0.012454317771635063,0.16606428147220223,0.17008532167150697,32.4236766775499,39,5,0,True
8.5,3,0.8,1.05,0.9479348144208004,189.59478916340873,0.01475,0.012472660372650183,0.18849171355145358,0.18174998264100803,30.673039800500405,39,5,0,False
8.5,3,0.8,1.05,0.8646407860175288,181.85550772223138,0.01475,0.012447388028196211,0.1608584055543585,0.1668908533318644,32.88341401371127,39,5,0,True
8.5,3,0.8,1.05,0.7623722136918281,182.6309240026243,0.01475,0.012385169873500204,0.12897188001602441,0.14556102649005265,36.300971469831474,39,5,0,True
8.5,3,0.8,1.05,0.819369244713379,181.841696943113,0.01475,0.01242310315012666,0.1464621670750023,0.15775582900796786,34.283985947698405,39,5,0,True
8.5,3,0.8,1.05,0.8822869438425358,181.97285839585533,0.01475,0.012455004143455664,0.16658935229910876,0.17040591407643033,32.378568480751944,39,5,0,True
8.5,3,0.8,1.05,0.8625070552984115,181.84318795068117,0.01475,0.012446369630761478,0.16017108153262302,0.16646726698603198,32.94581678462745,39,5,0,True
8.5,3,0.8,1.05,0.9809896537414449,195.76423139739987,0.01475,0.012474576198681774,0.19986483249081258,0.18726271890602153,29.90413150432196,39,5,0,False
8.5,3,0.8,1.05,0.8941620814900434,182.080504776928,0.01475,0.012459472924296475,0.17048381348878747,0.17259444507776958,32.050587083625864,39,5,0,True
8.5,3,0.8,1.05,0.8312098626707555,181.80341507907445,0.01475,0.012430099408888217,0.15018310311679722,0.16016170463061913,33.90221015378401,39,5,0,True
8.5,3,0.8,1.05,0.9662442530085915,192.999220373838,0.01475,0.012474347574296218,0.19476201943637486,0.18481176926039805,30.240466370764107,39,5,0,False
8.5,3,0.8,1.05,0.8540985002114392,181.80934836606124,0.01475,0.012442274314317743,0.1574683002831163,0.16478005682368968,33.19532911063932,39,5,0,True
8.5,3,0.8,1.05,0.5704579645400196,239.4745870479421,0.01475,0.012296635070096179,0.07570149961260624,0.09571057161752841,46.3977141719287,39,5,0,False
8.5,3,0.8,1.05,0.8124073477897927,181.8889371786906,0.01475,0.012418907327349057,0.1442851007225611,0.15634127452996782,34.514418968187485,39,5,0,True
8.5,3,0.8,1.05,0.9249405543481964,185.3828968314242,0.01475,0.012468485965230192,0.18071653454852116,0.17786308742805546,31.241613321021468,39,5,0,False
8.5,3,0.8,1.05,0.8466692535792675,181.79502297135002,0.01475,0.012438505595667747,0.15509114765080353,0.16328807025662295,33.420341007477795,39,5,0,True
8.5,3,0.8,1.05,0.865478216332267,181.85784080279365,0.01475,0.012447750192754337,0.16112986976924873,0.167058160920213,32.85886129190788,39,5,0,True
8.5,3,0.8,1.05,0.8025232038526438,181.9656155695195,0.01475,0.01241257414121964,0.14121863328747078,0.15431461222649034,34.84814252153102,39,5,0,True
8.5,3,0.8,1.05,0.8416752935064409,181.7882413470008,0.01475,0.01243582609708314,0.1535017364594678,0.16228108102551908,33.57375749666845,39,5,0,True
8.5,3,0.8,1.05,0.8168719426488653,181.86028242119798,0.01475,0.012421651318750547,0.14567856648693195,0.15724711525192547,34.366336107293215,39,5,0,True
8.5,3,0.8,1.05,0.7535846413257143,182.86523882815447,0.01475,0.012378954399803271,0.12633675278360398,0.14356485094641488,36.64162208813961,39,5,0,True
8.5,3,0.8,1.05,0.8914297467597496,182.05549661506555,0.01475,0.012458513744694675,0.16958418532976124,0.17212426586947027,32.12532545782019,39,5,0,True
8.5,3,0.8,1.05,0.8861699934094549,182.00697231586213,0.01475,0.012456541278506953,0.16785877196188395,0.17118019916282262,32.27037625135682,39,5,0,True
8.5,3,0.8,1.0313073924939784,0.8481142602959506,182.0049222584814,0.01475,0.012441157282862029,0.15820650296257235,0.16346102354043798,33.39402842682684,39,5,0,True
8.5,3,0.8,1.05,0.862657578727787,181.84338185520267,0.01475,0.012446434095371316,0.1602198721840877,0.16649738214705395,32.9413687782322,39,5,0,True
8.5,3,0.8,1.05,0.8521521399118304,181.80843976806113,0.01475,0.01244135328153233,0.1568424218865623,0.16438759353882496,33.25408796030653,39,5,0,True
8.5,3,0.8,1.05,0.8683210703934633,181.87463790051552,0.01475,0.012449059057809754,0.16204854107457428,0.1676234530125802,32.776298355190484,39,5,0,True
8.5,3,0.8,1.05,0.9037822613116265,182.18039477432185,0.01475,0.01246265633299321,0.1736624267563518,0.17425032102185586,31.79136050951624,39,5,0,True
8.5,3,0.8,1.05,0.9964601287933161,198.70521637665277,0.01475,0.012473699839775653,0.20526997181903045,0.18980207241342636,29.562166586302745,39,5,0,False
8.5,3,0.8,1.05,0.8516329250459371,181.80657004752058,0.01475,0.012441083735617312,0.1566764671920706,0.16428354538488224,33.26971694588368,39,5,0,True
8.5,3,0.8,1.05,0.8649721075745377,181.85742314933702,0.01475,0.012447544173725048,0.16096528961243653,0.16695668967465463,32.873745999639155,39,5,0,True
8.5,3,0.8,1.05,0.808106561983129,181.92121719509376,0.01475,0.012416209703803378,0.1429471369573866,0.1554588676985232,34.65868864839855,39,5,0,True
8.5,3,0.8,1.05,0.8272236118102331,181.81080156250343,0.01475,0.012427768549659319,0.14892776157285778,0.15935168051345774,34.02935449053519,39,5,0,True
8.5,3,0.8,1.05,0.8661200752946077,181.8637255006026,0.01475,0.012448075658269428,0.16133600874001988,0.16718497143660313,32.84028726598787,39,5,0,True
8.5,3,0.8,1.05,0.9229594592624326,185.02176092675052,0.01475,0.012468038654150207,0.18005109883566286,0.1775281875240415,31.292051822336266,39,5,0,False
8.5,3,0.8,1.05,0.7411311345279357,183.2418317770105,0.01475,0.012369878529062774,0.12263801826548443,0.14072789673883354,37.13850322196348,39,5,0,True
8.5,3,0.8,1.05,0.8086548846278107,181.9123103046198,0.01475,0.01241650078550516,0.14311951777768536,0.15557301313107574,34.63995484668905,39,5,0,True
8.5,3,0.8,1.05,0.8225197732822126,181.8261608445319,0.01475,0.012424979539607115,0.14745012741544222,0.15839608544744452,34.181158920482716,39,6,0,True
8.5,3,0.8,1.05,0.8261946229709975,181.81674933383803,0.01475,0.012427201517048398,0.14860268147644276,0.1591415112009076,34.062572240091086,39,6,0,True
8.5,3,0.8,1.05,0.8683463177210544,181.87465906621227,0.01475,0.012449068888206693,0.16205677594821422,0.16762852295667643,32.775560613668105,39,6,0,True
8.5,3,0.8,1.05,0.7285007454136456,183.7035592843088,0.01475,0.012360666352366462,0.11892191277385769,0.13784894192920732,37.66142686536993,39,6,0,True
8.5,3,0.8,1.05,0.8167846471267071,181.85714312855083,0.01475,0.01242155322100126,0.14565294825420708,0.1572306294793427,34.369014514833346,39,6,0,True
8.5,3,0.8,1.05,0.8441733685611519,181.79077232623334,0.01475,0.01243717403149169,0.1542962073428922,0.16278521265942653,33.49676553655159,39,6,0,True
8.5,3,0.8,1.05,0.7877512107108778,182.1540003011733,0.01475,0.012402928934294403,0.13666764085986877,0.15128523451827358,35.36465953275695,39,6,0,True
8.5,3,0.8,1.05,0.836418773437698,181.79480847572,0.01475,0.01243301714302169,0.1518308839682499,0.16121845650525127,33.737754875818595,39,6,0,True
8.5,3,0.8,1.05,0.8313619724138889,181.8026155986739,0.01475,0.012430180105647993,0.15023135306978427,0.160192831993773,33.897352008885186,39,6,0,True
8.5,3,0.8,1.05,0.817549252711299,181.8545543833082,0.01475,0.012422040262325972,0.14589119486431845,0.15738523726373352,34.343919728321104,39,6,0,True
8.5,3,0.8,1.05,0.8834678313863801,181.9782021095138,0.01475,0.012455418519707152,0.1669775549772553,0.17064310037959082,32.34531349980698,39,6,0,True
8.5,3,0.8,1.05,0.8861934501918756,182.0073347633279,0.01475,0.012456552236424225,0.16786637179171882,0.17118482257234122,32.26973338274524,39,6,0,True
8.5,3,0.8,1.05,0.8550600955613806,181.817714691572,0.01475,0.01244281910188871,0.1577740432013406,0.16497128664196567,33.166808389890356,39,6,0,True
8.5,3,0.8,1.05,0.8574769495895902,181.82123512856865,0.01475,0.012443948064901829,0.15855243798927923,0.16545857693725402,33.09445493615529,39,6,0,True
8.5,3,0.8,1.05,0.8441237260888824,181.7904537646042,0.01475,0.012437144287875204,0.154280529944921,0.16277528208594474,33.498277166782785,39,6,0,True
8.5,3,0.8,1.05,0.8313896338122216,181.80240659404743,0.01475,0.012430193981331066,0.15024015831729395,0.16019851501109286,33.89646526266118,39,6,0,True
8.5,3,0.8,1.05,0.7569594524628105,182.77250473051214,0.01475,0.012381363694798406,0.12734622102418078,0.14433160295346187,36.50985459204741,39,6,0,True
8.5,3,0.8,1.05,0.9630107401385393,192.39437060636158,0.01475,0.01247416560239875,0.19364916231419102,0.18427387278654977,30.315648064620692,39,6,0,False
8.5,3,0.8,1.05,0.8202314199260891,181.83656000995651,0.01475,0.012423611560320479,0.14673260646005026,0.15793121527604376,34.255728317773,39,6,0,True
8.5,3,0.8,1.05,0.8850440493025171,181.9941096649627,0.01475,0.012456067707539783,0.16749177982932428,0.17095664563264915,32.30150528071538,39,6,0,True
8.5,3,0.8,1.05,0.877234213119309,181.93379357322388,0.01475,0.01245293973099365,0.1649415313337914,0.16939844973575274,32.52094278233711,39,6,0,True
8.5,3,0.8,1.05,0.831882812122222,181.79816452933588,0.01475,0.012430434249372723,0.1503974355211535,0.16030003402776064,33.88063623971884,39,6,0,True
8.5,3,0.8,1.05,0.7064645346987476,184.71877687712805,0.01475,0.01234475084231942,0.11252764229697915,0.1328029949801843,38.62242582726465,39,6,0,True
8.5,3,0.8,1.05,0.8584568378258507,181.82890296314878,0.01475,0.012444473295960535,0.15886545027639545,0.16565408771506243,33.06555476631028,39,6,0,True
8.5,3,0.8,1.05,0.7132643529951602,184.37332409059997,0.01475,0.01234959850143435,0.11448909319134296,0.13435649503500002,38.3189094849567,39,6,0,True
8.5,3,0.8,1.05,0.859747935816744,181.833458242629,0.01475,0.01244508816786143,0.15928109074436325,0.16591382506943594,33.02727462633645,39,6,0,True
8.5,3,0.8,1.05,0.8120901799749066,181.88917468919388,0.01475,0.012418685763394883,0.14418718379700116,0.1562776279458192,34.52489407303346,39,6,0,True
8.5,3,0.8,1.05,0.7904932364044988,182.10879503261813,0.01475,0.01240469252443998,0.13751088516893628,0.15184884745606766,35.26694080435511,39,6,0,True
8.5,3,0.8,1.05,0.9754400083968762,194.71848397667603,0.01475,0.012474575035743425,0.19794048430165145,0.1863431620724922,30.02935974264677,39,6,0,False
8.5,3,0.8,1.05,0.9128056751558602,183.17862569432447,0.01475,0.012465381607523324,0.17665851095751164,0.1758033657361734,31.5537129758657,39,6,0,False
8.5,3,0.8,1.05,0.8785380847767623,181.94126010340136,0.01475,0.012453454271077191,0.165367381677843,0.16965916865695024,32.48392276719665,39,6,0,True
8.5,3,0.8,1.05,0.9040271578748936,182.1889967526239,0.01475,0.012462805492488863,0.17374040759229026,0.17429057276305684,31.785135104402023,39,6,0,True
8.5,3,0.8,1.05,0.8370154281982612,181.79105570468914,0.01475,0.012433307010926207,0.15202151981131692,0.16133995501665682,33.71888490944344,39,6,0,True
8.5,3,0.8,1.05,0.6761281040753531,191.7039296510213,0.01475,0.012324134191351435,0.10391350384974112,0.12482784496009706,40.05758328493217,39,6,0,False
8.5,3,0.8,1.05,0.8433745174399839,181.78849351610856,0.01475,0.012436728806848854,0.15404263921508768,0.16262443855210917,33.52126312093758,39,6,0,True
8.5,3,0.8,1.05,0.8805901883036157,181.95628958739866,0.01475,0.012454284604991641,0.1660369358746162,0.1700686071663915,32.42603349123845,39,6,0,True
8.5,3,0.8,1.05,0.9055141843788249,182.20497321814184,0.01475,0.012463254798417603,0.17423394879557658,0.17454694684656158,31.745567167465783,39,6,0,True
8.5,3,0.8,1.05,0.8232023628499084,181.82620706568596,0.01475,0.012425420415710401,0.14766303723146917,0.15853380346335155,34.159158853195386,39,6,0,True
8.5,3,0.8,1.05,0.8517969395086687,181.80692639211614,0.01475,0.012441166154214938,0.15672899643383664,0.1643164928377228,33.26476561186739,39,6,0,True
8.5,3,0.8,1.05,0.8714554433650457,181.89435771998626,0.01475,0.012450462750638686,0.16306368057135098,0.16824718363883123,32.685900354432995,39,6,0,True
8.5,3,0.8,1.05,0.792086429888521,182.08605722335264,0.01475,0.012405739739651847,0.13800057701678406,0.15217538685653262,35.21063063398151,39,6,0,True
8.5,3,0.8,1.05,0.8501030926215395,181.7991105599802,0.01475,0.012440256249138268,0.1561889391976267,0.1639778265228115,33.31576335639929,39,6,0,True
8.5,3,0.8,1.05,0.8657751041775336,181.85829978969048,0.01475,0.01244787299352902,0.16122634290063434,0.16711761999186764,32.850148456078664,39,6,0,True
8.5,3,0.8,1.05,0.8424901711135234,181.78716058179216,0.01475,0.012436246269280289,0.15376159515524326,0.16244612207025483,33.54849511012177,39,6,0,True
8.5,3,0.8,1.017647271980497,0.8227842442694637,182.02153032840886,0.01475,0.012426478989138168,0.15203255004309887,0.15831331054124578,34.19440196844501,39,6,0,True
8.5,3,0.8,1.05,0.860535544909482,181.83367554105993,0.01475,0.01244542515673899,0.15953602638264752,0.16607316567907296,33.00385502697829,39,6,0,True
8.5,3,0.8,1.05,0.8282054661057199,181.8101038044003,0.01475,0.01242836519677902,0.14923595217541916,0.1595506301321979,33.997997300170546,39,6,0,True
8.5,3,0.8,1.05,0.8176238399011034,181.85313599642944,0.01475,0.012422073230963898,0.14591498160599195,0.15740071874223416,34.34140984609697,39,6,0,True
8.5,3,0.8,1.05,0.8154906106449683,181.8634603161466,0.01475,0.012420744905063086,0.14524929867814876,0.1569684861263435,34.41168673879434,39,6,0,True
8.5,3,0.8,1.05,0.8993994470885406,182.13113148473974,0.01475,0.012461225175503547,0.17221295462493977,0.17349633613175292,31.90863483480557,39,6,0,True
8.5,3,0.8,1.05,0.8481800379740745,181.79881423687758,0.01475,0.012439308958001395,0.15557270481975954,0.16359068191361428,33.37434231148318,39,6,0,True
8.5,3,0.8,1.05,0.8571944063619176,181.81858069827817,0.01475,0.01244379009808844,0.15846245832986716,0.16540237902360164,33.102775724416816,39,6,0,True
8.5,3,0.8,1.05,0.8674296648433927,181.8674881555203,0.01475,0.012448631941307046,0.16176131798096957,0.16744689718852881,32.802019800217444,39,6,0,True
8.5,3,0.8,1.05,0.8454793974425111,181.7930343679052,0.01475,0.012437875816580122,0.15471191133872744,0.16304872831427933,33.45672602106328,39,6,0,True
8.5,3,0.8,1.05,0.87702955016405,181.92816252251538,0.01475,0.012452802874983668,0.1648770373995047,0.16935916814106894,32.526531150492595,39,6,0,True
8.5,3,0.8,1.05,0.8364729751533901,181.79193082715636,0.01475,0.012433012240568395,0.15184940676113212,0.16123037263042406,33.73590281169934,39,6,0,True
8.5,3,0.8,1.05,0.959500017541094,191.73593835141025,0.01475,0.012473884485521029,0.19244487807437302,0.18369087684938068,30.39775085926283,39,6,0,False
8.5,3,0.8,1.05,0.8640525558989336,181.85049482560817,0.01475,0.012447091064134143,0.16066970679796377,0.1667746890844347,32.9004929352363,39,6,0,True
8.5,3,0.8,1.05,0.8687262037816519,181.87900739917148,0.01475,0.01244926621951911,0.1621786579425163,0.16770336449862475,32.76467585941135,39,7,0,True
8.5,3,0.8,1.05,0.8386470115530202,181.7918123966722,0.01475,0.012434225047544387,0.15253815720458955,0.16166858313057772,33.6679999964233,39,7,0,True
8.5,3,0.8,1.05,0.8637278231597686,181.8497755273453,0.01475,0.012446949168494752,0.16056431819445577,0.16670967920317234,32.91006226869339,39,7,0,True
8.5,3,0.8,1.05,0.7451890803188274,183.1109260894959,0.01475,0.012372840853597758,0.12383947700279706,0.14165337070809064,36.97460556887432,39,7,0,True
8.5,3,0.8,1.05,0.8047402415414674,181.95092818923388,0.01475,0.012414076144039079,0.14190237402976885,0.15476745947372356,34.77280242765876,39,7,0,True
8.5,3,0.8,1.05,0.8176502981834752,181.85266797415818,0.01475,0.012422085347955669,0.14592340361752523,0.15740619860687785,34.34052157040022,39,7,0,True
8.5,3,0.8,1.0183883067443908,0.8215516124487234,182.01159572169803,0.01475,0.01242560180054986,0.1515350591955665,0.15807130491748478,34.23320651430285,39,7,0,True
8.5,3,0.8,1.05,0.8285189485556307,181.80651236341362,0.01475,0.012428512922633892,0.1493359960427486,0.159615338115142,33.987816658782876,39,7,0,True
8.5,3,0.8,1.05,0.8240857097834487,181.81939034237416,0.01475,0.012425902090462572,0.14794199034101504,0.15871446847795093,34.13036092617666,39,7,0,True
8.5,3,0.8,1.05,0.83147313093206,181.80175818189534,0.01475,0.012430235622014672,0.1502667471883476,0.1602156761283031,33.89378795017925,39,7,0,True
8.5,3,0.8,1.05,0.7860382630846106,182.1715947888612,0.01475,0.01240167380119526,0.1361468314707961,0.1509102026657269,35.425400120723566,39,7,0,True
8.5,3,0.8,1.05,0.8735136825744628,181.90390158751995,0.01475,0.012451311439518003,0.16373366996492827,0.1686585121324459,32.62668331867233,39,7,0,True
8.5,3,0.8,1.05,0.8418196856510609,181.7930097515904,0.01475,0.012435962116446334,0.15354537595111303,0.16230858230670173,33.569544083775,39,7,0,True
8.5,3,0.8,1.05,0.8526283373798618,181.80669812702013,0.01475,0.01244155638335103,0.15699640497908807,0.1644842718184038,33.23958523267889,39,7,0,True
8.5,3,0.8,1.05,0.8080294579216949,181.91937884484543,0.01475,0.012416130598193117,0.142924294466148,0.1554438631852853,34.66115343166368,39,7,0,True
8.5,3,0.8,1.05,0.8511873895653248,181.8025925470142,0.01475,0.012440821838845241,0.1565352949246479,0.16419512345673218,33.283015634268025,39,7,0,True
8.5,3,0.8,1.05,0.9634537016122713,192.47615621294463,0.01475,0.012474177198936771,0.19380226651047397,0.18434799798368529,30.30525527216587,39,7,0,False
8.5,3,0.8,1.05,0.7550364767650705,182.81936199884808,0.01475,0.012379926627373576,0.12677284749458662,0.14389687057823747,36.58446635932773,39,7,0,True
8.5,3,0.8,1.05,0.8450114071285627,181.79314885256727,0.01475,0.012437636926814162,0.15456244054144244,0.16295395498770485,33.47111008664489,39,7,0,True
8.5,3,0.8,1.05,0.8359942950054512,181.79304262172215,0.01475,0.012432754883862843,0.15169744669033794,0.16113358445780993,33.75095473269315,39,7,0,True
8.5,3,0.8,1.05,0.8139807754607988,181.87697942768804,0.01475,0.01241986496978313,0.1447762563662696,0.15666083563587,34.46196528176945,39,7,0,True
8.5,3,0.8,1.05,0.8124847640448623,181.88183019828344,0.01475,0.012418874529701432,0.14431220349831322,0.15635917728884147,34.51147416813169,39,7,0,True
8.5,3,0.8,1.05,0.8455726482286244,181.79470623206345,0.01475,0.012437944204265576,0.15474087966346906,0.16306701768641008,33.45395226356751,39,7,0,True
8.5,3,0.8,1.05,0.8404349595977989,181.7907381430314,0.01475,0.012435189617278141,0.1531062115265333,0.16202972187609568,33.61233956466802,39,7,0,True
8.5,3,0.8,1.05,0.9141707047940042,183.42382964173606,0.01475,0.012465781041043596,0.17711253540738703,0.17603802195505625,31.518254715622906,39,7,0,False
8.5,3,0.8,1.05,0.8501915631635913,181.7993118684846,0.01475,0.012440301629968365,0.15621722586594122,0.16399558082039506,33.313084158695474,39,7,0,True
8.5,3,0.8,1.05,0.8235530399695398,181.8275623223212,0.01475,0.012425662271055671,0.1477718605403533,0.1586041220071953,34.147941648488455,39,7,0,True
8.5,3,0.8,1.05,0.819384697562826,181.84093513820565,0.01475,0.012423104047432963,0.1464673202453797,0.1577591992817036,34.283442297094915,39,7,0,True
8.5,3,0.8,1.05,0.7328219756135689,183.5348338227601,0.01475,0.01236379892084759,0.12018974485119543,0.13883642946939,37.48022779827723,39,7,0,True
8.5,3,0.8,1.05,0.8615261402641685,181.83495929477328,0.01475,0.012445860111031739,0.15985679227415694,0.16627354949660292,32.9744708859997,39,7,0,True
8.5,3,0.8,1.05,0.8208023349906403,181.8331149554228,0.01475,0.01242394526765096,0.1469118459337962,0.1580474212595575,34.23704315286954,39,7,0,True
8.5,3,0.8,1.05,0.7277427545354858,183.73203806841062,0.01475,0.012360091481259255,0.11870076401937299,0.13767536392954097,37.69332363387746,39,7,0,True
8.5,3,0.8,1.05,0.8379955805743604,181.7907957015319,0.01475,0.012433851551385103,0.15233212080452513,0.16153758561123058,33.68825674746918,39,7,0,True
8.5,3,0.8,1.05,0.8837104349882723,181.97966196637955,0.01475,0.012455506970022675,0.16705715516502317,0.17069169927289182,32.33851194501662,39,7,0,True
8.5,3,0.8,1.05,0.8576496064043194,181.82273573651045,0.01475,0.01244404286327463,0.1586074950372987,0.16549296555587337,33.08936629680889,39,7,0,True
8.5,3,0.8,1.05,0.767610010294735,182.511422545061,0.01475,0.012388896633135556,0.13054884192959942,0.1467477572575909,36.10221054873545,39,7,0,True
8.5,3,0.8,1.05,0.8030185991631194,181.96179260560956,0.01475,0.012412905651212102,0.1413715076915394,0.1544159218597064,34.83124610561635,39,7,0,True
8.5,3,0.8,1.05,0.8336478010623656,181.79432147161188,0.01475,0.012431422331367096,0.15095560764914753,0.16065965403261132,33.82473731503054,39,7,0,True
8.5,3,0.8,1.05,0.8599826898730905,181.83378973557913,0.01475,0.01244519278767566,0.15935696970457106,0.16596124914023738,33.02029924132283,39,7,0,True
8.5,3,0.8,1.05,0.8286519856796069,181.80990432513994,0.01475,0.012428636107465389,0.14937615774077875,0.15964110453400382,33.98376525937911,39,7,0,True
8.5,3,0.8,1.05,0.8306632497342186,181.80193290675334,0.01475,0.012429754540430476,0.15001183039108687,0.16005138152723516,33.9194450594574,39,7,0,True
8.5,3,0.8,1.05,0.8852912735771352,181.99694085123735,0.01475,0.012456172417217368,0.16757232673007816,0.17100572081905097,32.294664222376994,39,7,0,True
8.5,3,0.8,1.05,0.8061638479829607,181.93204263131517,0.01475,0.012414908902940855,0.14234654575793293,0.1550617828575151,34.72409121678765,39,7,0,True
8.5,3,0.8,1.05,0.8206502599655577,181.8355967645778,0.01475,0.012423875850128737,0.14686336940056466,0.15801593055699,34.24210370286825,39,7,0,True
8.5,3,0.8,1.0261951628888717,0.8181773422849545,181.9773910601745,0.01475,0.01242329397702216,0.14935686445055876,0.1574263867212903,34.33724969601998,39,7,0,True
8.5,3,0.8,1.05,0.8473619654888476,181.79860487291435,0.01475,0.012438898382286118,0.15531095786512442,0.16342614252162965,33.39933023741997,39,7,0,True
8.5,3,0.8,1.05,0.8314918203052144,181.80160937820898,0.01475,0.012430244891648425,0.15027270070052928,0.1602195187425188,33.89318854731037,39,7,0,True
8.5,3,0.8,1.05,0.829243513163913,181.80259977619582,0.01475,0.012428906312656272,0.14956530299525422,0.15976343363719864,33.96455004338023,39,7,0,True
8.5,3,0.8,1.05,0.8101602018234503,181.90196635559053,0.01475,0.012417464309470298,0.1435869517594408,0.15588183147638557,34.58941930456458,39,7,0,True
8.5,3,0.8,1.05,0.7595697876635792,182.70432567670937,0.01475,0.012383222755405486,0.12812871524381478,0.14492371333040943,36.408813486000994,39,7,0,True
8.5,3,0.8,1.05,0.8418958920100705,181.7918347367457,0.01475,0.012435988242367359,0.15357018931732572,0.16232439080703748,33.56712279743837,39,7,0,True
8.5,3,0.8,1.05,0.8380396499133523,181.79173152910067,0.01475,0.012433887604816514,0.15234564007900922,0.1615461442671651,33.6869321934705,39,7,0,True
8.5,3,0.8,1.05,0.8895977798579026,182.03273334890756,0.01475,0.012457772107683722,0.1689853856685456,0.17181123412853974,32.17536725104672,39,7,0,True
8.5,3,0.8,1.05,0.8451572138653117,181.79114333788002,0.01475,0.01243768714352015,0.15460995738501515,0.16298417372979265,33.46652172165541,39,7,0,True
8.5,3,0.8,1.05,0.87173314101395,181.8971366710477,0.01475,0.012450597279583718,0.1631532499173971,0.1683021257111351,32.67797241990983,39,7,0,True
8.5,3,0.8,1.05,0.8025363161233701,181.9656705849469,0.01475,0.012412584854729083,0.14122260915075838,0.15431724111161504,34.84770377242814,39,7,0,True
8.5,3,0.8,1.05,0.7848611709862563,182.195340272205,0.01475,0.012400943919516773,0.1357845776033404,0.150642840318877,35.467932668619234,39,7,0,True
8.5,3,0.8,1.05,0.871866819020925,181.89663414338045,0.01475,0.012450639021883819,0.16319730818269967,0.16832923677696748,32.67406246554541,39,7,0,True
8.5,3,0.8,1.05,0.8527699504413843,181.80559306089242,0.01475,0.012441609265401998,0.15704250049141036,0.16451323535791085,33.23524400739735,39,8,0,True
8.5,3,0.8,1.05,0.8407985039024404,181.78790926963654,0.01475,0.012435351194724118,0.1532230967033879,0.16210411022488896,33.600907897177194,39,8,0,True
8.5,3,0.8,1.05,0.7743579645195154,182.3783995907702,0.01475,0.012393708316295812,0.13258741530709328,0.14827092805580877,35.8507000227968,39,8,0,True
8.5,3,0.8,1.05,0.9416378217143538,188.4401511169132,0.01475,0.012471744943501978,0.18635128044624363,0.1806845989045471,30.825876446658423,39,8,0,False
8.5,3,0.8,1.05,0.8334532129192824,181.79345456368185,0.01475,0.01243129836327744,0.1508946309538725,0.1606204378037166,33.83081992502909,39,8,0,True
8.5,3,0.8,1.05,0.8192850021278487,181.83911535823015,0.01475,0.012423015235291823,0.14643717513153703,0.15773974523413475,34.28658072981663,39,8,0,True
8.5,3,0.8,1.0325704595771572,0.8366854074050363,181.94521737736798,0.01475,0.012434470055045672,0.15435608484944036,0.16118378560571392,33.74314529499669,39,8,0,True
8.5,3,0.8,1.05,0.8129373556530991,181.88117540807414,0.01475,0.0124191855752556,0.1444521457646737,0.15645013493355012,34.49652403744605,39,8,0,True
8.5,3,0.8,1.05,0.8328015186440115,181.79567419950334,0.01475,0.01243094480952124,0.15068807767970838,0.16048734623631428,33.85148691862251,39,8,0,True
8.5,3,0.8,1.05,0.8313480072843935,181.80272003680187,0.01475,0.012430173085329947,0.15022690826263213,0.16018996327909318,33.89779965287347,39,8,0,True
8.5,3,0.8,1.05,0.7993720991992819,182.00191811632976,0.01475,0.012410578534283408,0.14024295279320242,0.15366704398052786,34.956714676657796,39,8,0,True
8.5,3,0.8,1.05,0.8464764184370178,181.79240247504882,0.01475,0.012438375680770096,0.1550307732537343,0.16325021175026533,33.42610878224139,39,8,0,True
8.5,3,0.8,1.05,0.8252759757059123,181.815795235924,0.01475,0.01242661275209452,0.1483156830627255,0.15895614628301388,34.09194855527321,39,8,0,True
8.5,3,0.8,1.05,0.8238785775087012,181.82432271718238,0.01475,0.012425830668666012,0.147875006556191,0.15867095315035853,34.137290748497584,39,8,0,True
8.5,3,0.8,1.05,0.8503041798852639,181.7995605722425,0.01475,0.012440359237123942,0.15625324008451227,0.1640181846664598,33.30967405589741,39,8,0,True
8.5,3,0.8,1.05,0.8558761942411786,181.8182556849245,0.01475,0.012443196114606,0.15803699711493496,0.1651359909805266,33.14230115019853,39,8,0,True
8.5,3,0.8,1.05,0.9728831931161209,194.23918094548185,0.01475,0.012474533885311648,0.19705575549773421,0.1859177177227857,30.087577794269198,39,8,0,False
8.5,3,0.8,1.05,0.6864661981998297,188.5492074409745,0.01475,0.012330932763062503,0.10682328134403074,0.12765181017989724,39.55307690394895,39,8,0,False
8.5,3,0.8,1.05,0.8351019483684226,181.79325535313865,0.01475,0.012432248565265905,0.15141525166922676,0.16095387068321124,33.778954975337015,39,8,0,True
8.5,3,0.8,1.05,0.7854971356919287,182.18295852884654,0.01475,0.012401344781579738,0.13598004104150427,0.15078710097014347,35.44496478875007,39,8,0,True
8.5,3,0.8,1.05,0.7946062548621357,182.05533110012573,0.01475,0.012407429247402683,0.13877468578870222,0.15269092736320022,35.122262586260575,39,8,0,True
8.5,3,0.8,1.05,0.8253600096625741,181.81461244366366,0.01475,0.012426651152284359,0.14834251700263218,0.15897353494669927,34.08918967497508,39,8,0,True
8.5,3,0.8,1.05,0.8977491595562093,182.11769921196264,0.01475,0.012460721327361025,0.17166589274912386,0.1732111278702375,31.9533262696952,39,8,0,True
8.5,3,0.8,1.05,0.8137096594467363,181.87994383692796,0.01475,0.012419712139284519,0.14469115362930568,0.15660544435820622,34.47104062887213,39,8,0,True
8.5,3,0.8,1.05,0.7224491324894812,183.95441765781663,0.01475,0.012356260690131474,0.11715455947140947,0.13645951640351556,37.918998809135665,39,8,0,True
8.5,3,0.8,1.05,0.802914279161732,181.96925643918814,0.01475,0.012412917823935136,0.14133634942123152,0.15439236026133452,34.83517356416256,39,8,0,True
8.5,3,0.8,1.05,0.8271004023158314,181.81197164010013,0.01475,0.012427706632249857,0.14888860391407813,0.1593263501713933,34.03335298209345,39,8,0,True
8.5,3,0.8,1.05,0.8425414820581237,181.79660720713008,0.01475,0.01243639015311011,0.15377337208485975,0.1624531788520559,33.547416187573305,39,8,0,True
8.5,3,0.8,1.05,0.6696266097221831,193.7964432359783,0.01475,0.01232013019791239,0.10209456454757808,0.12305539102339882,40.384094999188996,39,8,0,False
8.5,3,0.8,1.05,0.8087773135922184,181.913998010978,0.01475,0.012416610770002123,0.1431563670657215,0.15559726325806755,34.635978683665236,39,8,0,True
8.5,3,0.8,1.05,0.7996081411843704,182.000316926239,0.01475,0.012410743814156747,0.1403154227851014,0.1537151297807448,34.9486184330107,39,8,0,True
8.5,3,0.8,1.05,0.7651423144886979,182.5725374839331,0.01475,0.0123872203136849,0.12980259382625534,0.1461873406055317,36.19584526689348,39,8,0,True
8.5,3,0.8,1.05,0.8069316504401484,181.92671899665856,0.01475,0.01241541282515909,0.14258422563989767,0.1552190090589446,34.69815175369398,39,8,0,True
8.5,3,0.8,1.05,0.8886351672470143,182.02283512031278,0.01475,0.012457400130467807,0.16867003641699013,0.17164617987148123,32.20184494331879,39,8,0,True
8.5,3,0.8,1.05,0.8081622748962148,181.9199741992138,0.01475,0.012416235203082332,0.14296479883448301,0.15547057758995536,34.65676542779492,39,8,0,True
8.5,3,0.8,1.05,0.7716353460956105,182.42641871427196,0.01475,0.012391731032517487,0.1317651611776308,0.147658616703715,35.951403663431165,39,8,0,True
8.5,3,0.8,1.05,0.794350745315505,182.05861882755016,0.01475,0.012407261776866404,0.1386960123051364,0.15263855140478963,35.13121059532375,39,8,0,True
8.5,3,0.8,1.05,0.8291811976783923,181.8028654726716,0.01475,0.012428871727799946,0.14954560798055866,0.15975071871537808,33.96654579673945,39,8,0,True
8.5,3,0.8,1.05,0.856461445680661,181.81744252808045,0.01475,0.012443449239355815,0.15822629749697759,0.16525457884117106,33.12468859201467,39,8,0,True
8.5,3,0.8,1.05,0.8029273494846618,181.96831479490248,0.01475,0.012412916222306487,0.14134075698133658,0.1543953143107742,34.83468108551191,39,8,0,True
8.5,3,0.8,1.05,0.8316970520613005,181.79988302705823,0.01475,0.012430345408409383,0.15033812885663653,0.16026175031383952,33.8866029608166,39,8,0,True
8.5,3,0.8,1.05,0.8310144598277727,181.80291078669705,0.01475,0.012429976644850625,0.15012185378472598,0.16012225369735314,33.908370314974356,39,8,0,True
8.5,3,0.8,1.05,0.8111395885063062,181.89266144409322,0.01475,0.012418052272613786,0.14389265750040353,0.15608379603450243,34.55648613802245,39,8,0,True
8.5,3,0.8,1.05,0.8164191942174064,181.86128288689187,0.01475,0.0124213549747376,0.1455378178305617,0.1571557786686965,34.38118306106618,39,8,0,True
8.5,3,0.8,1.05,0.8068752617522631,181.92829612732186,0.01475,0.012415390527249789,0.14256623146603825,0.1552070599673678,34.70012114212516,39,8,0,True
8.5,3,0.8,1.05,0.7908477727421678,182.10475384194754,0.01475,0.012404939378921634,0.13761933652894912,0.15192114644655777,35.25445041698637,39,8,0,True
8.5,3,0.8,1.05,0.8203633468415504,181.8402137658902,0.01475,0.012423743699581331,0.14677196348283447,0.15795654956145128,34.251652183060386,39,8,0,True
8.5,3,0.8,1.05,0.8295875201963122,181.80155595123944,0.01475,0.01242910204189715,0.14967385212710618,0.15983348751925608,33.9535604352228,39,8,0,True
8.5,3,0.8,1.05,0.8183679702319324,181.84749672209722,0.01475,0.012422505131642425,0.14614848917909493,0.15755232442370573,34.316859657622075,39,8,0,True
8.5,3,0.8,1.05,0.7892795006311547,182.13020450423113,0.01475,0.012403934622810078,0.13713668337265655,0.15159901544087814,35.310201984080294,39,8,0,True
8.5,3,0.8,1.05,0.8036270120039882,181.95666994207608,0.01475,0.012413305518745102,0.14155956427143787,0.15454053352740266,34.81049628452317,39,8,0,True
8.5,3,0.8,1.05,0.8113190546401734,181.892001954057,0.01475,0.012418172264408825,0.14394823923704936,0.15612046429729745,34.55051671358182,39,8,0,True
8.5,3,0.8,1.05,0.8112820298082744,181.89066998571954,0.01475,0.012418129454314489,0.14393743581353047,0.15611339750664163,34.551666919464665,39,8,0,True
8.5,3,0.8,1.05,0.7965773713816359,182.02944945181363,0.01475,0.012408701695909716,0.13938262852328745,0.15309548385977378,35.053371877188354,39,8,0,True
8.5,3,0.8,1.05,0.8591943632176798,181.83198962103242,0.01475,0.012444831720088872,0.15910257500842578,0.16580226536573955,33.04370042941731,39,8,0,True
8.5,3,0.8,1.05,0.8016604237012412,181.9745725923479,0.01475,0.01241202155849135,0.1409515734080963,0.15413748870563967,34.87774100259253,39,8,0,True
8.5,3,0.8,1.05,0.7062756963789417,184.73141743602991,0.01475,0.012344648507755967,0.11247240250801187,0.1327590914689941,38.63110665451784,39,8,0,True
8.5,3,0.8,1.05,0.8383108252712304,181.79081904160313,0.01475,0.01243402681198814,0.15243203395141147,0.16160113553416944,33.67842527489163,39,8,0,True
8.5,3,0.8,1.05,0.8343305018665486,181.79437378699225,0.01475,0.012431818612921924,0.15117105551555132,0.16079825746060597,33.8032552611732,39,9,0,True
8.5,3,0.8,1.05,0.8059826763895772,181.93740805355273,0.01475,0.01241484002949248,0.14228865410065072,0.1550233144361714,34.730446467452495,39,9,0,True
8.5,3,0.8,1.05,0.7413352491816392,183.23795669177187,0.01475,0.012370062763422564,0.12269724561228441,0.14077345937805852,37.13038422419671,39,9,0,True
8.5,3,0.8,1.05,0.9416385295336642,188.44028472276736,0.01475,0.012471745116045528,0.18635151776920203,0.18068471698283758,30.825859384387183,39,9,0,False
8.5,3,0.8,1.05,0.8396549539020699,181.78879631677108,0.01475,0.012434741339884228,0.15285942171776565,0.1618729677370841,33.63646615610784,39,9,0,True
8.5,3,0.8,1.05,0.8287417107832473,181.80522637906645,0.01475,0.012428633173388432,0.14940651506548963,0.15966089073758832,33.98065512286233,39,9,0,True
8.5,3,0.8,1.05,0.8345898717916491,181.79384719933645,0.01475,0.012431961692619871,0.15125320636554868,0.1608506202999271,33.795072659793696,39,9,0,True
8.5,3,0.8,1.05,0.8084724396696479,181.9136979412728,0.01475,0.012416384742790845,0.14306285782609843,0.1555355604975409,34.64609838368797,39,9,0,True
8.5,3,0.8,1.05,0.822057165916371,181.83120446935698,0.01475,0.012424741755231967,0.14730357160934737,0.15830104979054863,34.19636482815671,39,9,0,True
8.5,3,0.8,1.05,0.8282651818702877,181.80961160248933,0.01475,0.01242839575191725,0.14925491719669406,0.15956288924165185,33.99606786326349,39,9,0,True
8.5,3,0.8,1.05,0.8187572538532333,181.84536404657902,0.01475,0.012422739848338535,0.14627034690485674,0.15763138765641296,34.30407697893418,39,9,0,True
8.5,3,0.8,1.05,0.7867874510986831,182.16034217016428,0.01475,0.012402181312201105,0.1363760127388946,0.15107912388480924,35.39860481596832,39,9,0,True
8.5,3,0.8,1.05,0.8185529279490822,181.84986895572916,0.01475,0.012422658479424021,0.14620482446704935,0.1575887376069911,34.31097076266813,39,9,0,True
8.5,3,0.8,1.05,0.8227702456243057,181.83057120210967,0.01475,0.012425195811079112,0.14752619977106368,0.15844511150506957,34.17332238779322,39,9,0,True
8.5,3,0.8,1.05,0.8392040265032527,181.79354429383224,0.01475,0.012434553086875242,0.15271402574738657,0.16178033144878395,33.65074799241942,39,9,0,True
8.5,3,0.8,1.05,0.8369839581954106,181.79226895831226,0.01475,0.012433304310752137,0.15201097708369302,0.16133319272858312,33.71993435028908,39,9,0,True
8.5,3,0.8,1.05,0.8793485404916981,181.94678769627308,0.01475,0.012453780015573878,0.16563187095969234,0.1698209729709254,32.4610096752413,39,9,0,True
8.5,3,0.8,1.05,0.8504093758544465,181.7996385017534,0.01475,0.01244041107269252,0.15628696053457747,0.16403935479894677,33.30648117468664,39,9,0,True
8.5,3,0.8,1.05,0.8309799821972151,181.80280101821003,0.01475,0.012429954703400628,0.15011105773604033,0.16011530045802322,33.90945638512218,39,9,0,True
8.5,3,0.8,1.05,0.8258194015596844,181.81530003958562,0.01475,0.012426948565874462,0.1484859179514889,0.1590661510024792,34.07450624841399,39,9,0,True
8.5,3,0.8,1.05,0.8409395989894116,181.7917037957436,0.01475,0.01243547414460973,0.15326611981776547,0.1621312745232353,33.59673624560393,39,9,0,True
8.5,3,0.8,1.05,0.8299610044828056,181.80113888692716,0.01475,0.012429322591260433,0.14979141019060588,0.1599093125605372,33.94167721222404,39,9,0,True
8.5,3,0.8,1.05,0.7826098148150191,182.23083712321773,0.01475,0.012399403153057967,0.13509738848425343,0.15013569032907148,35.549024527029445,39,9,0,True
8.5,3,0.8,1.05,0.8335859980088444,181.79404870463264,0.01475,0.012431383013735049,0.1509362383470592,0.16064719722330187,33.82666907402509,39,9,0,True
8.5,3,0.8,1.05,0.6706032689263595,193.48178228282268,0.01475,0.012320763347215538,0.10236600813706931,0.12332012461513805,40.33482836532671,39,9,0,False
8.5,3,0.8,1.05,0.8174372894497105,181.85217086845793,0.01475,0.012421935122129494,0.145857561827246,0.15736352857661895,34.34744008110705,39,9,0,True
8.5,3,0.8,1.05,0.8272346360951638,181.81070924945186,0.01475,0.012427774238127838,0.14893125970424342,0.15935394279861145,34.02899744708207,39,9,0,True
8.5,3,0.8,1.05,0.8303634754275625,181.80137722566204,0.01475,0.012429567826061126,0.14991781957862899,0.15999080290762924,33.92891969734456,39,9,0,True
8.5,3,0.8,1.05,0.8848759636884378,181.9936067558575,0.01475,0.012456013936136465,0.16743628307373834,0.17092275807144774,32.30623166277105,39,9,0,True
8.5,3,0.8,1.05,0.8159068680345732,181.86503176620357,0.01475,0.012421050394139144,0.14537743390158972,0.1570515700300586,34.39814537182217,39,9,0,True
8.5,3,0.8,1.05,0.8044479945194675,181.9524876318347,0.01475,0.012413875193798501,0.1418123147408108,0.15470785257548697,34.78269192616723,39,9,0,True
8.5,3,0.8,1.05,0.8874914300923795,182.01437907646712,0.01475,0.012456992512984438,0.16829400097155245,0.17144406073031443,32.233539900981505,39,9,0,True
8.5,3,0.8,1.05,0.816128057223226,181.85632314785906,0.01475,0.012421094736428362,0.14544990678759345,0.15709895139764798,34.390429944006605,39,9,0,True
8.5,3,0.8,1.05,0.7654571700481232,182.5642997563867,0.01475,0.012387430892562215,0.12989785521304442,0.146258928752916,36.18384453400678,39,9,0,True
8.5,3,0.8,1.05,0.8368863741893535,181.789871436019,0.01475,0.012433219842706704,0.1519812284039351,0.16131436493506718,33.72285674317613,39,9,0,True
8.5,3,0.8,1.05,0.8811974434579777,181.96256262144863,0.01475,0.012454548262254554,0.16623436295690955,0.17018917033150396,32.40904479800432,39,9,0,True
8.5,3,0.8,1.05,0.8800181464190251,181.95203021227164,0.01475,0.01245405470464996,0.1658501986882656,0.16995445847285895,32.44214231774451,39,9,0,True
8.5,3,0.8,1.05,0.8267505665013991,181.81015066906986,0.01475,0.01242746689099311,0.14877985376952016,0.1592562110354617,34.04443189818303,39,9,0,True
8.5,3,0.8,1.05,0.7836729384225077,182.21059003770435,0.01475,0.012400091840037484,0.13542314006384845,0.15037629936870375,35.51048405489612,39,9,0,True
8.5,3,0.8,1.05,0.805093108409952,181.94562095490124,0.01475,0.0124142759870741,0.14201268185911592,0.15484059502319644,34.760679619313116,39,9,0,True
8.5,3,0.8,1.05,0.8107054345834177,181.89881187765363,0.01475,0.012417817271552917,0.14375618394752,0.15599356326569497,34.57118849934362,39,9,0,True
8.5,3,0.8,1.05,0.8020524185168134,181.97460516379584,0.01475,0.012412323595084152,0.1410710573357495,0.15421658120162346,34.864515031250264,39,9,0,True
8.5,3,0.8,1.05,0.8314863501407955,181.80165307206815,0.01475,0.012430242180483688,0.1502709580972476,0.1602183939999941,33.89336399077437,39,9,0,True
8.5,3,0.8,1.05,0.8355099346108765,181.79363729705844,0.01475,0.012432486547174649,0.15154401203064968,0.16103585883964527,33.76617240562665,39,9,0,True
8.5,3,0.8,1.05,0.8025063566193628,181.97276956774294,0.01475,0.01241264918521097,0.14121031732849418,0.1543088222903472,34.84910889295522,39,9,0,True
8.5,3,0.8,1.05,0.8354869183821683,181.7936071280529,0.01475,0.012432473040753572,0.15153675074682987,0.16103123599033894,33.76689276584468,39,9,0,True
8.5,3,0.8,1.05,0.8195286860598098,181.84810491279114,0.01475,0.012423288182911961,0.146508772490619,0.1577857540974345,34.279159688155964,39,9,0,True
8.5,3,0.8,1.05,0.8159145203143222,181.86496195059348,0.01475,0.012421054784606126,0.1453798350961667,0.15705313093117756,34.39789111895724,39,9,0,True
8.5,3,0.8,1.05,0.8258286889009715,181.81529579746655,0.01475,0.01242695434204784,0.14848882620858703,0.15906802988899071,34.07420855988208,39,9,0,True
8.5,3,0.8,1.05,0.8104027413880415,181.9007225458396,0.01475,0.012417623507553594,0.14366214851533032,0.1559314753291783,34.581315648303416,39,9,0,True
8.5,3,0.8,1.05,0.8079563116273987,181.92108038909643,0.01475,0.012416097915027421,0.14290107833441298,0.1554284671175632,34.66368306957664,39,9,0,True
8.5,3,0.8,1.05,0.8318232636619921,181.79873249266035,0.01475,0.012430406002824199,0.15037841443168154,0.1602877551237434,33.882549637283994,39,9,0,True
8.5,3,0.8,1.05,0.782325105165506,182.23492643145374,0.01475,0.012399201237836803,0.13501078854972026,0.15007159087756822,35.55928536926716,39,9,0,True
8.5,3,0.8,1.05,0.8222647062066135,181.82843364518706,0.01475,0.012424842323635723,0.14736954701865188,0.15834385567081524,34.18951334372892,39,9,0,True
8.5,3,0.8,1.05,0.8302617158994544,181.80125771365098,0.01475,0.012429505180452034,0.14988588152947455,0.15997021785957263,33.93214101174542,39,9,0,True
8.5,3,0.8,1.05,0.8330396324197787,181.80031201096023,0.01475,0.012431141538855236,0.15076095088887587,0.16053407011545331,33.844227236409296,39,9,0,True
8.5,3,0.8,1.05,0.7878293332577879,182.15333111313672,0.01475,0.012402987392124294,0.13669136124095288,0.15130114988292537,35.361902295197076,39,9,0,True
8.5,3,0.8,1.05,0.8141568359072704,181.87536821887582,0.01475,0.01241996785504186,0.14483139298716674,0.15669670657736787,34.4560918949744,39,9,0,True
8.5,3,0.8,1.05,0.801815441227589,181.9736655307955,0.01475,0.012412129797924979,0.14099922557961458,0.15416907048810594,34.87245808315172,39,10,0,True
8.5,3,0.8,1.05,0.8168453655030072,181.85932416146844,0.01475,0.012421621426817324,0.14567076794068334,0.15724209693354274,34.36715135778704,39,10,0,True
8.5,3,0.8,1.05,0.8907165886949644,182.0469599767002,0.01475,0.012458231247872034,0.16935078345730872,0.17200226858710144,32.14480110900613,39,10,0,True
8.5,3,0.8,1.05,0.7316579826013508,183.58021609818792,0.01475,0.012362965665999478,0.11984746898154958,0.13857134524801926,37.5288621080854,39,10,0,True
8.5,3,0.8,1.05,0.841334854411455,181.7921841191984,0.01475,0.01243569254331834,0.15339155648911806,0.1622109313116248,33.584511999274746,39,10,0,True
8.5,3,0.8,1.05,0.8400478300781068,181.79665409873263,0.01475,0.01243505255026633,0.15298039651264086,0.1619495102745374,33.62467888876617,39,10,0,True
8.5,3,0.8,1.05,0.8158968662585031,181.86512472342764,0.01475,0.012421044676147658,0.14537429471422947,0.1570495293179545,34.39847778869265,39,10,0,True
8.5,3,0.8,1.05,0.8212188507617398,181.8378368150754,0.01475,0.012424276706008949,0.14703933923498397,0.1581297600530477,34.22382167182845,39,10,0,True
8.5,3,0.8,1.05,0.8199662846333632,181.84023601080634,0.01475,0.01242348151739014,0.14664844792930998,0.1578765568059259,34.264527381148234,39,10,0,True
8.5,3,0.8,1.05,0.8213265910258222,181.8303446463213,0.01475,0.012424254857622604,0.1470763534797489,0.15815403397921993,34.21992676109301,39,10,0,True
8.5,3,0.8,1.05,0.8451974632067284,181.79175768685258,0.01475,0.012437715420946691,0.15462250899652305,0.16299210453087398,33.46531782654842,39,10,0,True
8.5,3,0.8,1.05,0.8265495831540666,181.8098501864637,0.01475,0.012427338032746277,0.14871704534788582,0.15921566523671943,34.050841181424055,39,10,0,True
8.5,3,0.8,1.05,0.8283894157374391,181.81040577383249,0.01475,0.012428481683650806,0.14929352362614984,0.15958776660282786,33.99215345028004,39,10,0,True
8.5,3,0.8,1.05,0.828146337191446,181.8105832341708,0.01475,0.012428334823250044,0.1492171784564459,0.15953849469779685,33.99990758802148,39,10,0,True
8.5,3,0.8,1.05,0.8294002136891588,181.80203851693776,0.01475,0.012428994498359202,0.1496147842369663,0.15979537214365339,33.95953844147322,39,10,0,True
8.5,3,0.8,1.05,0.8125484124269877,181.88162295688804,0.01475,0.012418916927559252,0.1443319318083588,0.1563720058024781,34.509364476495044,39,10,0,True
8.5,3,0.8,1.05,0.7899763143448175,182.11820518976688,0.01475,0.012404374413002737,0.13735132280149417,0.15174232222418355,35.285367802676106,39,10,0,True
8.5,3,0.8,1.05,0.8816449821085167,181.9674061346171,0.01475,0.012454743957314739,0.16637982050067474,0.17027796433131565,32.39654935096,39,10,0,True
8.5,3,0.8,1.05,0.8202633972735088,181.835660030684,0.01475,0.012423621587989143,0.146742968880968,0.15793796363886525,34.254642407769005,39,10,0,True
8.5,3,0.8,1.05,0.8418823888725046,181.79203131326,0.01475,0.012435983471931577,0.15356579804844916,0.16232159368878873,33.567551176831735,39,10,0,True
8.5,3,0.8,1.05,0.857141313615249,181.81805462233842,0.01475,0.012443760025232068,0.15844556648489086,0.16539182946860564,33.104338397301454,39,10,0,True
8.5,3,0.8,1.05,0.8314719526748823,181.8017675176423,0.01475,0.012430235036987477,0.15026637187920572,0.16021543389095053,33.893825737412826,39,10,0,True
8.5,3,0.8,1.05,0.7829820359572698,182.22364710135034,0.01475,0.012399643806226568,0.13521143474555308,0.15021994439925732,35.5355148466806,39,10,0,True
8.5,3,0.8,1.05,0.8385099244064033,181.7939343655836,0.01475,0.012434175504921702,0.15249366899437236,0.16164019821406125,33.67238626089231,39,10,0,True
8.5,3,0.8,1.05,0.7924159665239398,182.08238424554182,0.01475,0.012405967093784394,0.13810153377079956,0.15224264062638346,35.199065762689735,39,10,0,True
8.5,3,0.8,1.05,0.8520312540341829,181.80746081742396,0.01475,0.012441283945210671,0.1568040436282275,0.16436355863696855,33.25769631476715,39,10,0,True
8.5,3,0.8,1.05,0.8190346885166017,181.84228135712667,0.01475,0.012422887311183276,0.14635794198853533,0.15768827686338738,34.2948879484929,39,10,0,True
8.5,3,0.8,1.05,0.8164779649441327,181.86015112817236,0.01475,0.012421381169718384,0.14555654277372707,0.15716797226128382,34.37919987975804,39,10,0,True
8.5,3,0.8,1.05,0.9029210098778565,182.17122157468992,0.01475,0.012462390105815449,0.1733768858048306,0.17410189035065218,31.814347855077948,39,10,0,True
8.5,3,0.8,1.05,0.8642469372040749,181.85113057275257,0.01475,0.012447177313798503,0.16073261523988722,0.16681347232160335,32.894787988294524,39,10,0,True
8.5,3,0.8,1.05,0.8485696857317734,181.79721558158533,0.01475,0.01243948213418298,0.1556982794394248,0.16366967511228175,33.362365356798975,39,10,0,True
8.5,3,0.8,1.05,0.7837153681794766,182.2100765602082,0.01475,0.012400122793049492,0.1354360243357387,0.1503858018975463,35.5089644670354,39,10,0,True
8.5,3,0.8,1.05,0.8286255520992046,181.8092189386605,0.01475,0.01242861150051333,0.14936818300418636,0.1596359888573463,33.98456951355037,39,10,0,True
8.5,3,0.8,1.05,0.7714178326690557,182.4307516857441,0.01475,0.012391577206974296,0.1316993853592975,0.1476095853995895,35.959503545932094,39,10,0,True
8.5,3,0.8,1.05,0.8487068101623515,181.79657281556825,0.01475,0.012439541885250694,0.1557425235318231,0.16369750737272198,33.358148422760834,39,10,0,True
8.5,3,0.8,1.05,0.9323979881518876,186.74923535184945,0.01475,0.012470116076797483,0.18322459067899277,0.17912188210398786,31.05412766632078,39,10,0,False
8.5,3,0.8,1.05,0.8318348880162038,181.79862291849483,0.01475,0.012430411534439105,0.1503821267976722,0.16029015158037369,33.88217617728859,39,10,0,True
8.5,3,0.8,1.05,0.8245928348742828,181.82012444784033,0.01475,0.01242623383836518,0.1481000936178526,0.1588166383704839,34.114106538257595,39,10,0,True
8.5,3,0.8,1.05,0.8061908538593343,181.93841062471253,0.01475,0.012415007320041875,0.14235196870691838,0.15506510761467945,34.72354210384213,39,10,0,True
8.5,3,0.8,1.05,0.8246189853104428,181.8205647685962,0.01475,0.012426255867725297,0.14810806138005353,0.15882176959964298,34.113290799891445,39,10,0,True
8.5,3,0.8,1.05,0.8365272455699139,181.79423515278302,0.01475,0.012433071337471794,0.15186548035366162,0.16124050359169514,33.7343284408259,39,10,0,True
8.5,3,0.8,1.05,0.8276302997985936,181.80754647782376,0.01475,0.012427979777546483,0.14905676555418726,0.15943509532018565,34.01619686325825,39,10,0,True
8.5,3,0.8,1.05,0.8312231282041155,181.80331655066487,0.01475,0.012430106096719948,0.15018732431547957,0.16016442916555784,33.901784845672246,39,10,0,True
8.5,3,0.8,1.05,0.843535778238837,181.78905691685483,0.01475,0.012436820255762263,0.15409375915740656,0.16265685102945693,33.51632012435607,39,10,0,True
8.5,3,0.8,1.05,0.8105716665414217,181.90012992354136,0.01475,0.01241773753629048,0.14371440908774524,0.15596596264516052,34.57568935679373,39,10,0,True
8.5,3,0.8,1.05,0.857242906236504,181.81905374502747,0.01475,0.012443817462066447,0.15847789339597837,0.16541201889371077,33.101347988975,39,10,0,True
8.5,3,0.8,1.05,0.8247428880859551,181.82167462795607,0.01475,0.012426348152233686,0.14814627080892387,0.1588464180964784,34.10937309560134,39,10,0,True
8.5,3,0.8,1.05,0.8101271547063191,181.9021157270934,0.01475,0.0124174423445763,0.14357671657530902,0.15587507476774823,34.590522672009314,39,10,0,True
8.5,3,0.8,1.05,0.8284741231615493,181.80540407237152,0.01475,0.012428471824959665,0.14932244930245678,0.15960664511236017,33.989183827811914,39,10,0,True
8.5,3,0.8,1.05,0.8343941703269895,181.79241521874016,0.01475,0.012431831189265916,0.15119208808764384,0.16081174314296157,33.80114733492699,39,10,0,True
8.5,3,0.8,1.05,0.8592523025957455,181.83218912168792,0.01475,0.012444859211771228,0.15912123196426062,0.16581392384522173,33.04198274274231,39,10,0,True
8.5,3,0.8,1.05,0.8398436701966299,181.7924016299731,0.01475,0.012434888853092869,0.1529176072128933,0.16190979198501995,33.63079384872858,39,10,0,True
8.5,3,0.8,1.05,0.8456492414406439,181.79503150688834,0.01475,0.012437987396836544,0.1547651851505715,0.16308241090013367,33.45161825757724,39,10,0,True
8.5,3,0.8,1.05,0.8460833549399731,181.7970586351617,0.01475,0.012438233775663372,0.15490288461638788,0.16316955185068455,33.438407105603396,39,10,0,True
8.5,3,0.8,1.05,0.797090610081932,182.0253987852039,0.01475,0.012409062203064317,0.13953997395110257,0.15320002965986132,35.035633438363895,39,10,0,True
8.5,3,0.8,1.05,0.8410563297586942,181.79154597004023,0.01475,0.012435535038479509,0.15330330412448723,0.1621549026558553,33.59310887952326,39,10,0,True
8.5,3,0.8,1.05,0.9181152324742058,184.13339276429298,0.01475,0.012466784525988019,0.17843159772914835,0.17671203152625792,31.41597261910415,39,10,0,False
8.5,3,0.8,1.05,0.8068595112645861,181.9287504665596,0.01475,0.012415384465526208,0.1425611993637684,0.15520371779213746,34.70067204107699,39,10,0,True
8.5,3,0.8,1.05,0.839756067041311,181.7906815931546,0.01475,0.012434819828065723,0.15289061810727883,0.16189271370290667,33.63342419283121,39,11,0,True
8.5,3,0.8,1.05,0.8327699782641284,181.79616371563026,0.01475,0.012430932351064692,0.15067790374265885,0.1604807731656727,33.85250856967512,39,11,0,True
8.5,3,0.8,1.05,0.8716742501778414,181.89194827760767,0.01475,0.012450511779911619,0.1631365959504957,0.16829213210161623,32.67941404199117,39,11,0,True
8.5,3,0.8,1.05,0.7551756979802933,182.819289303222,0.01475,0.01238007180694214,0.12681298786147144,0.1439272626031848,36.579247583321376,39,11,0,True
8.5,3,0.8,1.05,0.805032811265051,181.94806994982892,0.01475,0.01241426085775776,0.14199314126462217,0.15482757921983414,34.76283618752848,39,11,0,True
8.5,3,0.8,1.05,0.8475040303104302,181.7961423735085,0.01475,0.012438939074725116,0.15535761505307755,0.1634555884795342,33.394854377865094,39,11,0,True
8.5,3,0.8,1.05,0.8077221970397849,181.91986156354056,0.01475,0.012415911081632902,0.1428297771631457,0.15538144240345877,34.67141277775723,39,11,0,True
8.5,3,0.8,1.05,0.8387252991345325,181.78983145513175,0.01475,0.012434243779858002,0.15256393392959167,0.16168506161199483,33.66545437684301,39,11,0,True
8.5,3,0.8,1.05,0.8199679153895045,181.84025085359713,0.01475,0.012423482780123772,0.14664894822337116,0.15787688021712426,34.264475298091675,39,11,0,True
8.5,3,0.8,1.05,0.8175300479656872,181.85492937924622,0.01475,0.012422031890466464,0.14588506623161837,0.15738124801123873,34.344566559461484,39,11,0,True
8.5,3,0.8,1.05,0.8340516526247992,181.79470044663492,0.01475,0.01243166138203732,0.15108287259841427,0.16074155393381087,33.81204459941642,39,11,0,True
8.5,3,0.8,1.05,0.8618841953794919,181.84230696405032,0.01475,0.012446100488315456,0.15996930190821793,0.1663427034804557,32.96423347662593,39,11,0,True
8.5,3,0.8,1.05,0.8342623562260016,181.79634463579197,0.01475,0.012431803576501572,0.1511486052176382,0.16078378623431921,33.80550495258351,39,11,0,True
8.5,3,0.8,1.05,0.8360091498134589,181.7937036268364,0.01475,0.012432771478596281,0.151701829977829,0.16113634644895017,33.75052493168952,39,11,0,True
8.5,3,0.8,1.05,0.8268948961623428,181.81059810057394,0.01475,0.012427562138638057,0.14882485750230923,0.1592852509146863,34.0398435860182,39,11,0,True
8.5,3,0.8,1.05,0.8145344057968276,181.87181415672907,0.01475,0.012420186645690385,0.1449497162249458,0.15677368018197582,34.443498392211495,39,11,0,True
8.5,3,0.8,1.05,0.8229177512813163,181.82632168265883,0.01475,0.012425238572868027,0.14757418192861438,0.15847632798763847,34.168335354769305,39,11,0,True
8.5,3,0.8,1.05,0.8178048678770604,181.851030066564,0.01475,0.012422169550545904,0.1459721064991772,0.15743784195946017,34.33539355928758,39,11,0,True
8.5,3,0.8,1.05,0.8287747497547918,181.805252184056,0.01475,0.012428653654882361,0.14941687386263564,0.15966757252210861,33.979605020617996,39,11,0,True
8.5,3,0.8,1.05,0.8308199606922296,181.80232955688692,0.01475,0.012429853243886785,0.15006093695640726,0.1600830168981069,33.914500292056374,39,11,0,True
8.5,3,0.8,1.05,0.8553782240901908,181.81651541892228,0.01475,0.012442949089431487,0.1578772199126306,0.16503598461275276,33.15717531240651,39,11,0,True
8.5,3,0.8,1.05,0.8194710854368105,181.84835451200917,0.01475,0.012423252959689813,0.1464907541913613,0.15777407112164366,34.28104365861608,39,11,0,True
8.5,3,0.8,1.05,0.8185217371334692,181.84948177068082,0.01475,0.012422632791827506,0.14619531757890697,0.15758259235089708,34.31196439194552,39,11,0,True
8.5,3,0.8,1.05,0.8312381865051167,181.80320420076015,0.01475,0.012430113680874962,0.150192116298505,0.16016752211030544,33.9013020466156,39,11,0,True
8.5,3,0.8,1.05,0.8603237937651683,181.8337699571152,0.01475,0.012445336382110822,0.15946735076750268,0.16603023671056963,33.010159870133194,39,11,0,True
8.5,3,0.8,1.05,0.8485819478839202,181.79654515425224,0.01475,0.012439479904148886,0.15570253508012963,0.16367237956052003,33.361955530791505,39,11,0,True
8.5,3,0.8,1.05,0.8231053473857963,181.82620507288354,0.01475,0.012425357978546277,0.1476327652174118,0.15851422476125512,34.16228396672281,39,11,0,True
8.5,3,0.8,1.05,0.8357952965174298,181.79637916260785,0.01475,0.012432682985430663,0.15163292656781663,0.16109235868627708,33.75737189314093,39,11,0,True
8.5,3,0.8,1.05,0.8390423163863984,181.79772560763513,0.01475,0.012434515890377473,0.15266071273288093,0.16174625219613734,33.65600649562308,39,11,0,True
8.5,3,0.8,1.05,0.8748720360320736,181.91801003289135,0.01475,0.012451954851142992,0.16417254021938565,0.16892735898233383,32.58814773594017,39,11,0,True
8.5,3,0.8,1.05,0.8552809901147511,181.81576295744102,0.01475,0.012442895583069477,0.15784623511014356,0.16501660723352407,33.1600596106909,39,11,0,True
8.5,3,0.8,1.05,0.7714223360590912,182.43075751832902,0.01475,0.012391581561963938,0.1317007074554122,0.14761056725560137,35.95934129252024,39,11,0,True
8.5,3,0.8,1.05,0.8347963621959895,181.79469809041225,0.01475,0.012432091013182876,0.15131802199879693,0.16089187461121046,33.78863004142292,39,11,0,True
8.5,3,0.8,1.05,0.8865375541207299,182.0061466469605,0.01475,0.012456632071435833,0.16798129627687294,0.17125506263073237,32.25997135214047,39,11,0,True
8.5,3,0.8,1.05,0.809979376877225,181.90272656988586,0.01475,0.012417343341358238,0.143530977896428,0.1558448817216237,34.59545444354679,39,11,0,True
8.5,3,0.8,1.05,0.7772002056687226,182.31908870409345,0.01475,0.012395612423748457,0.13345261896393745,0.14891482991695432,35.74568917323027,39,11,0,True
8.5,3,0.8,1.05,0.8184483185972725,181.84862873761014,0.01475,0.012422573023408077,0.14617291415690276,0.15756810795622556,34.31430671396842,39,11,0,True
8.5,3,0.8,1.05,0.8194171328461437,181.83940094699884,0.01475,0.012423106724999041,0.1464781071624964,0.15776625154395713,34.28230479565944,39,11,0,True
8.5,3,0.8,1.05,0.8605437987119315,181.8336772312667,0.01475,0.012445428671823851,0.15953870027685413,0.1660748367342459,33.00360967554568,39,11,0,True
8.5,3,0.8,1.05,0.8432156281879162,181.7871298618965,0.01475,0.012436628549258272,0.15399266867298755,0.1625927885932036,33.526091890746045,39,11,0,True
8.5,3,0.8,1.05,0.8362746497145127,181.7946853564511,0.01475,0.012432934101944779,0.15178534455923604,0.1611894723921226,33.74226097539039,39,11,0,True
8.5,3,0.8,1.05,0.8380862589764495,181.79525667051513,0.01475,0.012433957039575918,0.1523587264803298,0.16155431405346155,33.6856679638997,39,11,0,True
8.5,3,0.8,1.05,0.8278281474132945,181.80602242220718,0.01475,0.012428082917183393,0.14911951669546888,0.15947566265217322,34.0098032645996,39,11,0,True
8.5,3,0.8,1.05,0.8407576022753096,181.78824798363354,0.01475,0.012435333306535864,0.15320993404392116,0.16209573291949997,33.60219471523155,39,11,0,True
8.5,3,0.8,1.05,0.8181301219850746,181.84561846517215,0.01475,0.012422322079286405,0.14607552112801708,0.1575051061921133,34.324500402900654,39,11,0,True
8.5,3,0.8,1.05,0.7941487932735247,182.06307223612498,0.01475,0.012407151911385557,0.13863303862782578,0.15259655232100727,35.138390632064414,39,11,0,True
8.5,3,0.8,1.05,0.8273164107538259,181.81003326981184,0.01475,0.01242781651913039,0.14895720493687953,0.15937072118811035,34.02634975278916,39,11,0,True
8.5,3,0.8,1.05,0.8435330420369386,181.7894599186783,0.01475,0.012436823803088564,0.15409269213936277,0.16265615604345857,33.51642608935206,39,11,0,True
8.5,3,0.8,1.05,0.8283718062561561,181.80998846815808,0.01475,0.012428465750978203,0.14928819415553674,0.1595843456789593,33.992691648898195,39,11,0,True
8.5,3,0.8,1.05,0.8321311869771753,181.79749545782576,0.01475,0.012430572820588438,0.15047598168689577,0.16035066263698167,33.872750223338585,39,11,0,True
8.5,3,0.8,1.05,0.8503826530928917,181.79963631243544,0.01475,0.01244039812879345,0.15627838561349774,0.16403397065371622,33.30729312702387,39,11,0,True
8.5,3,0.8,1.05,0.8391269851335189,181.7915332694686,0.01475,0.01243448594101075,0.15269054433517484,0.16176549096551418,33.65303761578734,39,11,0,True
8.5,3,0.8,1.05,0.8758862985904924,181.92680837133292,0.01475,0.012452406621294211,0.1645014694149977,0.16912882827892112,32.55935685786612,39,11,0,True
8.5,3,0.8,1.05,0.8526237825548323,181.80673388454315,0.01475,0.012441554683159314,0.15699492237536058,0.16448334020251149,33.23972489627613,39,11,0,True
8.5,3,0.8,1.05,0.8042013872634416,181.9487472354918,0.01475,0.012413643047221217,0.14173859509685163,0.15465925668947675,34.79076067073101,39,11,0,True
8.5,3,0.8,1.05,0.8307951477724241,181.80226229919325,0.01475,0.012429837570269255,0.15005316321289947,0.16007800924869714,33.915282872189046,39,11,0,True
8.5,3,0.8,1.05,0.7783023382459109,182.30082113914875,0.01475,0.012396395511706551,0.13378695646599884,0.14916325586493145,35.705415308803346,39,11,0,True
8.5,3,0.8,1.05,0.8320358414776751,181.79852307804595,0.01475,0.012430529182717401,0.1504454629483411,0.16033095847984263,33.87581874448613,39,11,0,True
8.5,3,0.8,1.05,0.8606926011647387,181.83407660817247,0.01475,0.012445498331907154,0.15958689426600167,0.16610495311784515,32.9991887740833,39,12,0,True
8.5,3,0.8,1.05,0.8546299225996477,181.8148419057874,0.01475,0.012442586811276515,0.157636802993418,0.16488541861320088,33.17960619408878,39,12,0,True
8.5,3,0.8,1.05,0.8344899011130287,181.79314532503741,0.01475,0.012431895424594396,0.1512219699102803,0.160830750045636,33.79817704862122,39,12,0,True
8.5,3,0.8,1.05,0.922364849059919,184.91254780445755,0.01475,0.012467887869794043,0.179852141908154,0.1774280408314713,31.307180865952553,39,12,0,False
8.5,3,0.8,1.05,0.8593367288280632,181.83246069083287,0.01475,0.012444898999562571,0.1591484293356723,0.16583091945074735,33.039479185419154,39,12,0,True
8.5,3,0.8,1.05,0.8453360723919996,181.79087290726903,0.01475,0.012437775649408275,0.15466719405282667,0.16302047536069675,33.46101217379911,39,12,0,True
8.5,3,0.8,1.05,0.8299708036509,181.80113680829427,0.01475,0.012429328476176218,0.14979449102750592,0.1599112991504292,33.94136603959976,39,12,0,True
8.5,3,0.8,1.05,0.8504040125372858,181.7996390897113,0.01475,0.012440408487859732,0.15628523900678332,0.1640382738200987,33.3066441863157,39,12,0,True
8.5,3,0.8,1.05,0.8349180661548025,181.7915851247615,0.01475,0.012432122486273818,0.15135794790493337,0.16091744268934843,33.78463892102684,39,12,0,True
8.5,3,0.8,1.05,0.8617722675642631,181.84214594948227,0.01475,0.012446051851460757,0.15993305657844636,0.16632032470487695,32.9675453658806,39,12,0,True
8.5,3,0.8,1.05,0.8442430302367756,181.79414675913705,0.01475,0.01243725192562799,0.1543167907590178,0.16279811865040691,33.49480128706013,39,12,0,True
8.5,3,0.8,1.05,0.8399972439264862,181.79557451685687,0.01475,0.01243501169183104,0.15296485004533586,0.16193967765288075,33.62619239925208,39,12,0,True
8.5,3,0.8,1.05,0.8456597261268286,181.79507902735628,0.01475,0.012437993342725575,0.1547685108771624,0.1630845169726043,33.45129896003536,39,12,0,True
8.5,3,0.8,1.05,0.8472238590275168,181.7976626885432,0.01475,0.012438817475585003,0.15526723316990257,0.1633986909012367,33.4035045341852,39,12,0,True
8.5,3,0.8,1.05,0.8547918123509513,181.81568019583332,0.01475,0.012442671353926536,0.157688564910956,0.16491781806790815,33.174775670042244,39,12,0,True
8.5,3,0.8,1.05,0.8761167973025082,181.92621629814357,0.01475,0.012452476453647606,0.16457760711898473,0.16917557635119002,32.55268696519333,39,12,0,True
8.5,3,0.8,1.05,0.8735234583603155,181.90387704665045,0.01475,0.012451314547718325,0.16373689115822398,0.16866049215201695,32.62639902247388,39,12,0,True
8.5,3,0.8,1.05,0.8318537491061134,181.79844379750475,0.01475,0.012430420491625549,0.15038815102324585,0.16029404045043621,33.881570167604785,39,12,0,True
8.5,3,0.8,1.05,0.8540419257370406,181.80977267138272,0.01475,0.012442253428705644,0.15744986826671767,0.16476848323864704,33.19705754110774,39,12,0,True
8.5,3,0.8,1.05,0.8388943912980071,181.79477567983253,0.01475,0.012434398058795796,0.15261519974695104,0.16171744329167595,33.660453649331494,39,12,0,True
8.5,3,0.8,1.05,0.8426757390691072,181.7911091374887,0.01475,0.012436393231800862,0.1538187758398183,0.16248224446511428,33.542973370314535,39,12,0,True
8.5,3,0.8,1.05,0.8411227614132446,181.7915689598226,0.01475,0.012435571047591503,0.15332441312944664,0.16216831045267835,33.591051038402505,39,12,0,True
8.5,3,0.8,1.05,0.8985140611258834,182.1256668792718,0.01475,0.01246097846211513,0.17191842654263684,0.17334273565309002,31.932680959566767,39,12,0,True
8.5,3,0.8,1.05,0.851304397092841,181.80422246012537,0.01475,0.012440897968507404,0.1565720765671739,0.1642181361875782,33.27955301456728,39,12,0,True
8.5,3,0.8,1.05,0.8933184947268741,182.07426842371174,0.01475,0.01245919972642376,0.17020503269862464,0.17244874294708284,32.07369316941409,39,12,0,True
8.5,3,0.8,1.05,0.8400433598709667,181.79655816226654,0.01475,0.012435048933660944,0.15297902292699783,0.16194864156110744,33.624812599588005,39,12,0,True
8.5,3,0.8,1.05,0.8609603484574971,181.83428891203118,0.01475,0.012445614105489588,0.15967360222565752,0.16615912911320535,32.9912404263127,39,12,0,True
8.5,3,0.8,1.05,0.8574443786422263,181.8209416666143,0.01475,0.012443930033628437,0.15854205787977318,0.16545209369968275,33.09541454659059,39,12,0,True
8.5,3,0.8,1.05,0.8124120024026962,181.88893895477577,0.01475,0.012418910639382818,0.1442865355798973,0.15634220691573675,34.51426558316235,39,12,0,True
8.5,3,0.8,1.05,0.8171640245790697,181.85720229614242,0.01475,0.012421811872293905,0.14577052055912545,0.15730687808898855,34.35663169450391,39,12,0,True
8.5,3,0.8,1.05,0.8557146091646277,181.8181658080475,0.01475,0.012443121988787519,0.15798490759542844,0.16510336817085156,33.14715106563355,39,12,0,True
8.5,3,0.8,1.05,0.8368997007800114,181.78916925377203,0.01475,0.012433218658782478,0.1519857815514085,0.16131729323539046,33.722402172605,39,12,0,True
8.5,3,0.8,1.05,0.8478954940318134,181.79975444845832,0.01475,0.012439179118774329,0.15548114486177045,0.16353308706603054,33.383082781700544,39,12,0,True
8.5,3,0.8,1.05,0.915880102802867,183.72967760883458,0.01475,0.012466236755585197,0.17768317333559094,0.17633204111571774,31.473869368695816,39,12,0,False
8.5,3,0.8,1.05,0.8383742654582093,181.79279230489698,0.01475,0.012434086324877029,0.15245120223003464,0.16161324023530713,33.67655357272608,39,12,0,True
8.5,3,0.8,1.05,0.7686900930869658,182.4940071505391,0.01475,0.012389732643386246,0.13087237796462559,0.1469901879097189,36.06192494979892,39,12,0,True
8.5,3,0.8,1.05,0.8199859016349957,181.84041559823197,0.01475,0.01242349671905762,0.1466544657385584,0.15788044691211991,34.26390092279871,39,12,0,True
8.5,3,0.8,1.05,0.8316211720507045,181.80054147389785,0.01475,0.012430308522376534,0.15031392700548926,0.16024612845700822,33.889038594708055,39,12,0,True
8.5,3,0.8,1.05,0.8532493791355258,181.80882210684578,0.01475,0.012441873622042849,0.15719516922940924,0.1646088360785229,33.220926574937934,39,12,0,True
8.5,3,0.8,1.05,0.8525139496266528,181.8076004781404,0.01475,0.012441513702558495,0.15695917153423497,0.16446087485953675,33.24309331778485,39,12,0,True
8.5,3,0.8,1.05,0.8498301060006842,181.79972692213997,0.01475,0.012440131239286053,0.15610106739992533,0.1639226127945936,33.32409936949278,39,12,0,True
8.5,3,0.8,1.05,0.8446711479691555,181.7896284622839,0.01475,0.012437417897223486,0.15445555684961237,0.16288633300854055,33.48138437182625,39,12,0,True
8.5,3,0.8,1.05,0.8591201692369459,181.83171853931023,0.01475,0.01244479629410234,0.1590786932605517,0.16578734225863354,33.04589948683148,39,12,0,True
8.5,3,0.8,1.05,0.8412474901058979,181.79183233013143,0.01475,0.01243564131373326,0.15336394476597778,0.1621934089741736,33.587199885638555,39,12,0,True
8.5,3,0.8,1.05,0.8221033351357238,181.8321747789828,0.01475,0.012424783712060197,0.14731751269940235,0.15831002985705708,34.19492715050118,39,12,0,True
8.5,3,0.8,1.05,0.873487503274453,181.90204647478174,0.01475,0.012451279277677361,0.16372602342239737,0.16865390285085355,32.62734515898334,39,12,0,True
8.5,3,0.8,1.05,0.8486068356496977,181.79518075501497,0.01475,0.01243947532977781,0.15571117450375752,0.16367787000005923,33.361123567232355,39,12,0,True
8.5,3,0.8,1.05,0.8601533279858141,181.83478394018903,0.01475,0.012445277945831473,0.15941175860511675,0.16599545369439017,33.01527092684519,39,12,0,True
8.5,3,0.8,1.05,0.8416607442844103,181.7887417071076,0.01475,0.01243582450323354,0.15349686698389264,0.16227796649757045,33.5742347644658,39,12,0,True
8.5,3,0.8,1.05,0.8414909234954732,181.78618207287695,0.01475,0.012435702030994252,0.15344408223676526,0.1622445572900249,33.5793556143452,39,12,0,True
8.5,3,0.8,1.05,0.8268498878218832,181.81322795365267,0.01475,0.012427566612793902,0.14880952806522688,0.1592752405786601,34.041425018414095,39,12,0,True
8.5,3,0.8,1.05,0.8428748682157214,181.78878209570453,0.01475,0.012436469601738602,0.1538833165734645,0.16252331403401024,33.53669862611521,39,12,0,True
8.5,3,0.8,1.05,0.8401939381573298,181.79094861852863,0.01475,0.012435061490810506,0.15302954329204538,0.16198099437408145,33.61983396246073,39,12,0,True
8.5,3,0.8,1.05,0.8306885649022511,181.80199235194488,0.01475,0.012429770437674022,0.1500197647373386,0.16005649333407337,33.91864591535244,39,12,0,True
8.5,3,0.8,1.05,0.8357320837093369,181.7940410181369,0.01475,0.012432618138776698,0.15161405204133266,0.1610804419930763,33.75922749876511,39,12,0,True
8.5,3,0.8,1.05,0.8580115678551588,181.825582045191,0.01475,0.012444237343093934,0.15872309734318948,0.16556517592406236,33.078688446208055,39,12,0,True
8.5,3,0.8,1.05,0.8747500365033261,181.91447226964374,0.01475,0.012451869226209241,0.16413425237108878,0.16890402034965288,32.5914877435742,39,12,0,True
8.5,3,0.8,1.05,0.8567371078755011,181.8206417953549,0.01475,0.012443612079016408,0.1583137203077755,0.16530916999878487,33.11658996173179,39,12,0,True
8.5,3,0.8,1.05,0.8382789270650447,181.7901126692374,0.01475,0.01243400041658602,0.15242226027193853,0.16159495027448084,33.679381794757596,39,13,0,True
8.5,3,0.8,1.05,0.8459470615519867,181.7973597067679,0.01475,0.012438168125774647,0.15485919053600905,0.16314189326661507,33.44260368184299,39,13,0,True
8.5,3,0.8,1.05,0.821636371677624,181.82908799558896,0.01475,0.01242444170554673,0.14717342718739615,0.1582169171549137,34.20984277955214,39,13,0,True
8.5,3,0.8,1.05,0.9790163269419507,195.38785198635617,0.01475,0.012474562386639038,0.19918131820955245,0.186938911411645,29.948377488994552,39,13,0,False
8.5,3,0.8,1.05,0.8602434113506965,181.83119755742192,0.01475,0.012445271965206513,0.15944274106322923,0.16601498757978972,33.01240031020211,39,13,0,True
8.5,3,0.8,1.05,0.8395007015515952,181.79118164447306,0.01475,0.012434686475535731,0.1528093115330074,0.16184101010488752,33.64139109370286,39,13,0,True
8.5,3,0.8,1.05,0.8642971347972225,181.85131479059476,0.01475,0.01244719819211915,0.1607487001678975,0.16682337307208922,32.89333206847678,39,13,0,True
8.5,3,0.8,1.05,0.8445586042671662,181.79350335652802,0.01475,0.012437407584445292,0.1544177700932702,0.1628621953620626,33.4850540109701,39,13,0,True
8.5,3,0.8,1.05,0.8457020962365425,181.79656564012654,0.01475,0.012438033363486232,0.1547813220682289,0.16309257135157637,33.45007793361418,39,13,0,True
8.5,3,0.8,1.05,0.8474550105184918,181.7971612985444,0.01475,0.012438927138980468,0.15534143256725166,0.1634453683375044,33.39640766623551,39,13,0,True
8.5,3,0.8,1.05,0.8452805578802256,181.792204474625,0.01475,0.012437763612897942,0.15464882167465047,0.16300876747080384,33.46278880614844,39,13,0,True
8.5,3,0.8,1.05,0.8334981896214876,181.79365693664815,0.01475,0.01243132706140813,0.15090872296695454,0.16062950108528667,33.82941388553509,39,13,0,True
8.5,3,0.8,1.05,0.8467395815697573,181.794919361026,0.01475,0.012438539826796964,0.1551136847009415,0.16330224978730162,33.41818149382798,39,13,0,True
8.5,3,0.8,1.05,0.8503846751924444,181.7996369213752,0.01475,0.012440399113878854,0.15627903424858375,0.16403437791035663,33.30723170894023,39,13,0,True
8.5,3,0.8,1.05,0.8526438080406309,181.80657677852818,0.01475,0.012441562158498126,0.15700144070820604,0.16448743607402963,33.23911087475374,39,13,0,True
8.5,3,0.8,1.05,0.8702243947825715,181.88293212356947,0.01475,0.012449872678179083,0.16266649545078615,0.16800342596394066,32.72114159957467,39,13,0,True
8.5,3,0.8,1.05,0.854714513367337,181.81529738485798,0.01475,0.012442631221483176,0.1576638400247219,0.16490234145952398,33.17708286360228,39,13,0,True
8.5,3,0.8,1.05,0.8470915567897989,181.79770142456687,0.01475,0.0124387514994343,0.1552248930700167,0.16337206441161015,33.40755482034101,39,13,0,True
8.5,3,0.8,1.05,0.8408438745303618,181.78751584354083,0.01475,0.012435370807189755,0.1532377067267531,0.16211340928994572,33.599479658717215,39,13,0,True
8.5,3,0.8,1.05,0.8470585391792932,181.79596122705362,0.01475,0.01243871339003601,0.15521517985814198,0.16336603397093932,33.40847233991851,39,13,0,True
8.5,3,0.8,1.05,0.8347394171087364,181.79188383122138,0.01475,0.012432023520835677,0.15130137130768592,0.16088138947899738,33.79026714653392,39,13,0,True
8.5,3,0.8,1.05,0.8522728435115308,181.8095343659234,0.01475,0.012441423880134741,0.1568806894235222,0.16441155241719121,33.2504921589445,39,13,0,True
8.5,3,0.8,1.05,0.8310708294378044,181.80309485466958,0.01475,0.012430012552739102,0.15013950291699385,0.1601336202008931,33.90659512870163,39,13,0,True
8.5,3,0.8,1.05,0.8413411993161914,181.7922149577798,0.01475,0.012435696327516644,0.1533935593600356,0.16221220206655998,33.58431709286891,39,13,0,True
8.5,3,0.8,1.05,0.8180271426275378,181.85022845824997,0.01475,0.01242230954783333,0.1460414452763731,0.1574828257847019,34.328107498440765,39,13,0,True
8.5,3,0.8,1.05,0.8438536481934221,181.78931684797223,0.01475,0.012436989572866626,0.15419496153907966,0.16272104937974732,33.50653598407804,39,13,0,True
8.5,3,0.8,1.05,0.8682456693397007,181.87459625814748,0.01475,0.012449029967469733,0.16202394012159274,0.16760830584312184,32.77850275073549,39,13,0,True
8.5,3,0.8,1.05,0.8176095791550115,181.85339722576634,0.01475,0.012422066801400625,0.1459104375800403,0.15739776168179986,34.341889207970574,39,13,0,True
8.5,3,0.8,1.05,0.8379818846871102,181.7908134068115,0.01475,0.012433844154953829,0.15232777181550924,0.161534818403365,33.68868503848139,39,13,0,True
8.5,3,0.8,1.05,0.8422776483497489,181.78602162266267,0.01475,0.012436119500370102,0.153694487147164,0.1624035691966241,33.55500323978587,39,13,0,True
8.5,3,0.8,1.05,0.8533876861700247,181.8077805006412,0.01475,0.012441925235024643,0.157240197942459,0.16463711970434025,33.216694197372505,39,13,0,True
8.5,3,0.8,1.05,0.8777044291871496,181.93255243997012,0.01475,0.012453077709194401,0.16509707889626604,0.16949389127128336,32.50737654201379,39,13,0,True
8.5,3,0.8,1.05,0.8405214914057691,181.79227182935952,0.01475,0.012435255412193673,0.153132967876482,0.1620466550636306,33.609736347652884,39,13,0,True
8.5,3,0.8,1.05,0.8076855020245297,181.92087652235648,0.01475,0.012415896607399706,0.1428180617192426,0.15537366583379897,34.67269154179352,39,13,0,True
8.5,3,0.8,1.05,0.8566196877733877,181.81930637818567,0.01475,0.01244354310848091,0.15827646565519476,0.16528590591071038,33.120040494622046,39,13,0,True
8.5,3,0.8,1.05,0.9253195369738026,185.45164492958406,0.01475,0.01246856415589349,0.18084417743650638,0.17792730926196504,31.231968082226377,39,13,0,False
8.5,3,0.8,1.05,0.833045185885679,181.80034847397712,0.01475,0.0124311452381498,0.15076268464709916,0.16053518489807006,33.84405408370474,39,13,0,True
8.5,3,0.8,1.05,0.8553981115594889,181.81668490117653,0.01475,0.012442960219105915,0.15788354994045248,0.1650399424774323,33.1565862795275,39,13,0,True
8.5,3,0.8,1.05,0.8470015731903304,181.796339942447,0.01475,0.012438689414766436,0.15519677520973393,0.1633544429719659,33.41023609450506,39,13,0,True
8.5,3,0.8,1.05,0.8492218582306064,181.80017483435216,0.01475,0.01243983967113542,0.15590581635521827,0.1637999447510245,33.34264130749591,39,13,0,True
8.5,3,0.8,1.05,0.8445576627295365,181.7934781266117,0.01475,0.012437406785416062,0.1544174819267281,0.16286201372733206,33.485081629305924,39,13,0,True
8.5,3,0.8,1.05,0.8424137662618287,181.79046782664204,0.01475,0.012436246649447648,0.15373567384405415,0.16242951972428663,33.55103386970085,39,13,0,True
8.5,3,0.8,1.05,0.8324451877401159,181.80075702886714,0.01475,0.012430798191639357,0.15057336880533373,0.16041325003313853,33.86300890702944,39,13,0,True
8.5,3,0.8,1.05,0.8421098228794964,181.79383194748203,0.01475,0.012436126829949365,0.15363730362102962,0.16236691697186315,33.56061187450767,39,13,0,True
8.5,3,0.8,1.05,0.8350996271750712,181.79315432302963,0.01475,0.012432245987897134,0.15141456625906496,0.1609534385027651,33.77902239305913,39,13,0,True
8.5,3,0.8,1.05,0.880411563655115,181.9549896132664,0.01475,0.01245421339169242,0.16597859950931027,0.17003294911727604,32.43106309567985,39,13,0,True
8.5,3,0.8,1.05,0.8458730604759639,181.7932656482959,0.01475,0.012438079817469829,0.15483753819566748,0.16312835290876698,33.444655103361164,39,13,0,True
8.5,3,0.8,1.05,0.8595178716100872,181.8329655354055,0.01475,0.012444983257490189,0.15920682906495676,0.16586741471275293,33.03410508285695,39,13,0,True
8.5,3,0.8,1.05,0.8480411522197658,181.79920147685033,0.01475,0.012439244756784776,0.1555280461062047,0.16356259393261935,33.37860404642382,39,13,0,True
8.5,3,0.8,1.05,0.8461707917546222,181.79626552158004,0.01475,0.012438268419890819,0.15493121077024294,0.16318740787656064,33.435683432126,39,13,0,True
8.5,3,0.8,1.05,0.8228227972615313,181.8253416943071,0.01475,0.012425165245279698,0.14754501547926785,0.15845750318765972,34.17134248192403,39,13,0,True
8.5,3,0.8,1.05,0.8443648799419275,181.79101647355452,0.01475,0.01243727648322953,0.15435717313801514,0.16282387272604432,33.49088260856119,39,13,0,True
8.5,3,0.8,1.05,0.8247065984368123,181.82108948532715,0.01475,0.01242631792624671,0.1481352003671325,0.1588392880046036,34.110506237806945,39,13,0,True
8.5,3,0.8,1.05,0.826874743886362,181.81288606554796,0.01475,0.012427577842358685,0.14881747459430472,0.15928038617614726,34.04061209029729,39,13,0,True
8.5,3,0.8,1.05,0.8544356879169418,181.8095556594238,0.01475,0.012442432243697931,0.1575768261449054,0.16484807133175308,33.18517695695901,39,13,0,True
8.5,3,0.8,1.05,0.8504701449767736,181.79959439118716,0.01475,0.012440439885431734,0.15630648533749464,0.16405161628629172,33.30463230557632,39,13,0,True
8.5,3,0.8,1.05,0.8498903491287271,181.79916858615826,0.01475,0.012440153636171193,0.15612066324012788,0.16393494522657642,33.32223692434466,39,13,0,True
8.5,3,0.8,1.05,0.8403177020450114,181.78924391581793,0.01475,0.012435107601190024,0.15306967700028618,0.1620065728289129,33.615899329599564,39,13,0,True
8.5,3,0.8,1.05,0.8282683353217178,181.80958536378915,0.01475,0.01242839736183434,0.14925591884528333,0.15956353671503912,33.99596596762814,39,14,0,True
8.5,3,0.8,1.05,0.8348523270411746,181.7970760819077,0.01475,0.012432152529742021,0.151334570493741,0.1609023132064579,33.78700043306824,39,14,0,True
8.5,3,0.8,1.05,0.8345710155592072,181.79436956972532,0.01475,0.012431957280065457,0.1512470032524689,0.16084664574789576,33.79569354906197,39,14,0,True
8.5,3,0.8,1.05,0.8795920602590642,181.94871655127935,0.01475,0.012453880488832756,0.16571124442919064,0.16986950562846037,32.454146172761554,39,14,0,True
8.5,3,0.8,1.05,0.8091268620329665,181.91158437185825,0.01475,0.012416835317504371,0.1432648593564869,0.15566895540663866,34.62423152693529,39,14,0,True
8.5,3,0.8,1.05,0.8447213295250314,181.7910301490914,0.01475,0.012437461147496044,0.15447088995628902,0.16289599436197297,33.479915888958345,39,14,0,True
8.5,3,0.8,1.05,0.8416435727295125,181.78933392231497,0.01475,0.012435822641084886,0.15349111913994815,0.16227429006727984,33.574798163290126,39,14,0,True
8.5,3,0.8,1.05,0.8344393617158796,181.79262067358113,0.01475,0.01243185980073546,0.1512062600714005,0.1608207637034192,33.79973755981527,39,14,0,True
8.5,3,0.8,1.05,0.8362025623106774,181.79788986760263,0.01475,0.012432932848167306,0.15176101262970218,0.16117384288215067,33.744691594073515,39,14,0,True
8.5,3,0.8,1.05,0.8318321765428565,181.7986485332845,0.01475,0.012430410244905182,0.15038126082819653,0.16028959256678552,33.88226329200044,39,14,0,True
8.5,3,0.8,1.05,0.8431222797450554,181.78739621728792,0.01475,0.01243658277058887,0.1539627984873897,0.16257382045782787,33.52898679640136,39,14,0,True
8.5,3,0.8,1.05,0.8397833539718296,181.79120940437457,0.01475,0.012434841235428042,0.15289902840316,0.16189803604629502,33.632604397397905,39,14,0,True
8.5,3,0.8,1.05,0.8363704563800011,181.79610218679431,0.01475,0.012433005804088635,0.1518149800398792,0.16120827626601633,33.73933737562635,39,14,0,True
8.5,3,0.8,1.05,0.8364045600268086,181.79856630735551,0.01475,0.012433055503955896,0.15182459462041348,0.16121428919576178,33.738402650282836,39,14,0,True
8.5,3,0.8,1.05,0.8472763200180422,181.79686819677957,0.01475,0.012438833978124748,0.1552844032866102,0.16340952306455456,33.40185721175694,39,14,0,True
8.5,3,0.8,1.05,0.8203560327724716,181.84038731765168,0.01475,0.012423741012691199,0.1467696079577308,0.157955016934775,34.251898733126176,39,14,0,True
8.5,3,0.8,1.05,0.8387859585141632,181.78797762909892,0.01475,0.012434254344389488,0.15258406215339315,0.16169794233848062,33.663464935938734,39,14,0,True
8.5,3,0.8,1.05,0.845678487688212,181.795288625236,0.01475,0.01243800552026138,0.15477440159136924,0.16308824172018535,33.4507342801506,39,14,0,True
8.5,3,0.8,1.05,0.8370048133751767,181.79145011579348,0.01475,0.012433305917817283,0.15201797078051568,0.16133767922820727,33.719238078835325,39,14,0,True
8.5,3,0.8,1.05,0.846034039630911,181.7933450946213,0.01475,0.012438162791491802,0.15488893212513846,0.16316092390621853,33.439721081777606,39,14,0,True
8.5,3,0.8,1.05,0.8344223133296094,181.7924280904367,0.01475,0.012431847587777246,0.15120096827837387,0.16081740048062135,33.80026315977624,39,14,0,True
8.5,3,0.8,1.05,0.8432041177305829,181.78721521228724,0.01475,0.012436623556329681,0.15398895998114043,0.16259043122382233,33.526451631264486,39,14,0,True
8.5,3,0.8,1.05,0.8264350404312693,181.8110812800195,0.01475,0.012427281786392953,0.1486806008955981,0.15919207699720042,34.05457152245866,39,14,0,True
8.5,3,0.8,1.05,0.837488719082577,181.79127608661565,0.01475,0.012433574928620392,0.15217129657176162,0.16143525140929205,33.704106004223505,39,14,0,True
8.5,3,0.8,1.05,0.8376769586222376,181.7918656068435,0.01475,0.012433687324998608,0.1522306473508422,0.16147298616849323,33.6982592019372,39,14,0,True
8.5,3,0.8,1.05,0.8436880440154313,181.79021884868524,0.01475,0.012436914262905472,0.15414173174945142,0.1626872376839784,33.511688008555815,39,14,0,True
8.5,3,0.8,1.05,0.8666727831969251,181.8620515949374,0.01475,0.012448272204846901,0.16151718276810234,0.16729672807972443,32.82394361443868,39,14,0,True
8.5,3,0.8,1.05,0.8096419904419286,181.90377807661832,0.01475,0.012417112602660867,0.14342673600061853,0.15577607613452,34.606700942538765,39,14,0,True
8.5,3,0.8,1.05,0.8574500052809693,181.82099259884438,0.01475,0.012443933151916142,0.15854385090675888,0.16545321358947673,33.09524878131962,39,14,0,True
8.5,3,0.8,1.05,0.8548344602350886,181.81587826671347,0.01475,0.012442693318698534,0.15770221357586237,0.16492636185631554,33.173502195811324,39,14,0,True
8.5,3,0.8,1.05,0.8463456770555892,181.7940403344268,0.01475,0.012438329682252383,0.15498818542640122,0.16322334909943365,33.43020309651771,39,14,0,True
8.5,3,0.8,1.05,0.8507142973095895,181.80559309882,0.01475,0.012440631792221721,0.15638191253911896,0.16409870239411428,33.29753513687078,39,14,0,True
8.5,3,0.8,1.05,0.8380083471485168,181.79080891008223,0.01475,0.01243385881190767,0.1523361605425564,0.16154015473299582,33.6878591292456,39,14,0,True
8.5,3,0.8,1.05,0.8165989423846155,181.8591072053044,0.01475,0.012421450866063144,0.14559450306458854,0.15719263916871298,34.37518904750504,39,14,0,True
8.5,3,0.8,1.05,0.8320832623287187,181.79801823155324,0.01475,0.012430550970208457,0.15046063834063306,0.16034075617666152,33.874292851020535,39,14,0,True
8.5,3,0.8,1.05,0.860793502372358,181.83414686160125,0.01475,0.012445541894141673,0.15961957298281712,0.1661253723791667,32.9961923360344,39,14,0,True
8.5,3,0.8,1.05,0.855466622682379,181.81731188855048,0.01475,0.012442999075960673,0.15790533606071158,0.1650535620195226,33.15455957242605,39,14,0,True
8.5,3,0.8,1.05,0.8299906684183475,181.80113388760734,0.01475,0.01242934042023694,0.14980073595461874,0.15991532593119265,33.9407353241072,39,14,0,True
8.5,3,0.8,1.05,0.8432316712233984,181.78701721467525,0.01475,0.012436635584996988,0.15399783479360288,0.16259607205536883,33.52559084495731,39,14,0,True
8.5,3,0.8,1.05,0.8429619007526216,181.79259095592224,0.01475,0.012436562538763792,0.15390919809609255,0.16253957158994173,33.53421569208837,39,14,0,True
8.5,3,0.8,1.05,0.8387617171272319,181.78874849628977,0.01475,0.012434250491576308,0.1525760033422065,0.16169278398205042,33.66426160785847,39,14,0,True
8.5,3,0.8,1.05,0.8432124459887007,181.78715307974494,0.01475,0.01243662716430938,0.15399164354054823,0.16259213700237454,33.52619132402161,39,14,0,True
8.5,3,0.8,1.05,0.8292468373342458,181.80258629847535,0.01475,0.01242890816549843,0.14956635331997503,0.15976411167758092,33.96444362678124,39,14,0,True
8.5,3,0.8,1.05,0.8429073285669568,181.79219482576534,0.01475,0.012436528892987964,0.15389200777267195,0.1625286787621478,33.535879238925325,39,14,0,True
8.5,3,0.8,1.05,0.843200313794868,181.7872442497531,0.01475,0.012436621916383051,0.15398773395369492,0.16258965188026603,33.52657056354346,39,14,0,True
8.5,3,0.8,1.05,0.8276655755668119,181.8072738247241,0.01475,0.012427998172732099,0.1490679533844976,0.15944232832403132,34.015056650607335,39,14,0,True
8.5,3,0.8,1.05,0.8403453057445247,181.7892063889302,0.01475,0.012435122106233145,0.15307846426811642,0.1620121582367474,33.61504032762537,39,14,0,True
8.5,3,0.8,1.05,0.8240946992818416,181.81919435285937,0.01475,0.012425905407066621,0.147944889372818,0.15871635097538592,34.130061231167275,39,14,0,True
8.5,3,0.8,1.05,0.8443570996963611,181.79131182122788,0.01475,0.01243727609766326,0.15435454825172557,0.16282219463082856,33.49113790264779,39,14,0,True
8.5,3,0.8,1.05,0.8415738913339442,181.7917566233875,0.01475,0.012435815306823122,0.15346778637716937,0.1622593648804519,33.57708567510202,39,14,0,True
8.5,3,0.8,1.05,0.8330159617336602,181.80015681212723,0.01475,0.012431125771921283,0.15075356104986337,0.16052931850985822,33.844965304782285,39,14,0,True
8.5,3,0.8,1.05,0.844058810361446,181.7900970193238,0.01475,0.012437106108659012,0.15426000115703956,0.1627622754318373,33.50025733951615,39,14,0,True
8.5,3,0.8,1.05,0.8563750057102111,181.81639356416488,0.01475,0.01244339752035655,0.15819891151828228,0.16523747837912767,33.12722664739257,39,14,0,True
8.5,3,0.8,1.05,0.8486642657867528,181.7989330062297,0.01475,0.012439550062195763,0.15572773907351808,0.1636881108450554,33.35957193931492,39,14,0,True
8.5,3,0.8,1.05,0.838028949051445,181.79088916259624,0.01475,0.012433871254349365,0.152342651537345,0.16154428014652678,33.68722067536672,39,14,0,True
8.5,3,0.8,1.05,0.8351664096644082,181.79600826704709,0.01475,0.012432319472969026,0.151434311334743,0.1609658908466976,33.77708005518874,39,14,0,True
8.5,3,0.8,1.05,0.8250487613489682,181.82146843234872,0.01475,0.012426539235551811,0.1482419878436328,0.15890828474912128,34.09954563111979,39,14,0,True
8.5,3,0.8,1.05,0.8356791205205771,181.7912840728389,0.01475,0.012432553939180429,0.15159861883834308,0.16107073451468812,33.76073931766743,39,14,0,True
8.5,3,0.8,1.05,0.8593819380908949,181.83259678811666,0.01475,0.012444920173056142,0.15916299878410262,0.16584002404542286,33.03813825076089,39,15,0,True
8.5,3,0.8,1.05,0.869315267141451,181.87815859171718,0.01475,0.012449476676124812,0.16237160630699843,0.16782218291541484,32.74741691155321,39,15,0,True
8.5,3,0.8,1.05,0.8593774928865536,181.83258369454438,0.01475,0.01244491809526318,0.159161566069637,0.16583912872271642,33.038270107811435,39,15,0,True
8.5,3,0.8,1.05,0.7928746974488933,182.07624910292955,0.01475,0.012406269950546491,0.13824257908495677,0.15233662298542677,35.182923327433784,39,15,0,True
8.5,3,0.8,1.05,0.890502383241643,182.04634501887014,0.01475,0.012458170004749325,0.16927967945303965,0.17196500936857234,32.15075604929266,39,15,0,True
8.5,3,0.8,1.05,0.8479620245297889,181.79529598240833,0.01475,0.012439157126192,0.15550461895808215,0.16354804286441452,33.38081247807536,39,15,0,True
8.5,3,0.8,1.05,0.8543556640940764,181.8092002528422,0.01475,0.012442391035929758,0.15755121804815267,0.16483203736349886,33.187569441485486,39,15,0,True
8.5,3,0.8,1.05,0.8680426091276169,181.87275117912418,0.01475,0.012448930033643892,0.16195857841548889,0.16756814090939892,32.78435012681746,39,15,0,True
8.5,3,0.8,1.05,0.8471179366042473,181.79920781336452,0.01475,0.012438783376979363,0.1552325972073909,0.16337684181345352,33.4068280004792,39,15,0,True
8.5,3,0.8,1.05,0.8692323167796339,181.87562991057467,0.01475,0.012449414304051866,0.16234576845522655,0.16780639776385864,32.749708250116875,39,15,0,True
8.5,3,0.8,1.05,0.8483037002836223,181.79582308853338,0.01475,0.012439333314594651,0.155613766052059,0.16361662389598744,33.37040759882631,39,15,0,True
8.5,3,0.8,1.05,0.8680777086131641,181.87309440280404,0.01475,0.012448947651559744,0.16196986565452562,0.16757507629428625,32.78334022716144,39,15,0,True
8.5,3,0.8,1.05,0.8632620896216144,181.84679158002572,0.01475,0.012446724226032196,0.16041456841026852,0.16661741198864966,32.92365781411332,39,15,0,True
8.5,3,0.8,1.05,0.8713910484321767,181.89450884160215,0.01475,0.012450441406828447,0.1630425140054237,0.16823416119957843,32.68778026782156,39,15,0,True
8.5,3,0.8,1.05,0.8466256052093025,181.79598091350869,0.01475,0.012438495380858007,0.15507672613085569,0.16327895671331827,33.42172919716965,39,15,0,True
8.5,3,0.8,1.05,0.8151663688267732,181.86724127943342,0.01475,0.012420567888443493,0.145147244105411,0.15690209494330518,34.42251869151388,39,15,0,True
8.5,3,0.8,1.05,0.8614397698726566,181.8348432900944,0.01475,0.012445822508494908,0.1598288278431236,0.1662560907721049,32.97702881239779,39,15,0,True
8.5,3,0.8,1.05,0.8545678902092614,181.81448250523226,0.01475,0.012442553903783387,0.1576169900692727,0.1648730181866305,33.18145555240832,39,15,0,True
8.5,3,0.8,1.05,0.8433437658126637,181.7942301966265,0.01475,0.012436783560733192,0.15403006600758778,0.16261620470193558,33.52251914679956,39,15,0,True
8.5,3,0.8,1.05,0.8607301361932643,181.83410195298066,0.01475,0.012445514538517896,0.15959905110801098,0.16611254949332854,32.99807394596912,39,15,0,True
8.5,3,0.8,1.05,0.8737270263257113,181.90558107847664,0.01475,0.012451406519944915,0.1638028342431215,0.16870091843563298,32.62059609741144,39,15,0,True
8.5,3,0.8,1.05,0.8426393354166597,181.79456110397572,0.01475,0.012436416637959361,0.15380551697219783,0.1624736748571154,33.544283096647455,39,15,0,True
8.5,3,0.8,1.05,0.8459495667837661,181.79750456633002,0.01475,0.01243817119215553,0.15485992053370118,0.16314234945790043,33.44253457334462,39,15,0,True
8.5,3,0.8,1.05,0.8592991748343868,181.8323426943026,0.01475,0.012444881341159697,0.15913632988252677,0.16582335846753596,33.040592896285226,39,15,0,True
8.5,3,0.8,1.05,0.8749328707542801,181.91644948114077,0.01475,0.012451956110791832,0.16419331950201657,0.1689401893809668,32.58631199494167,39,15,0,True
8.5,3,0.8,1.05,0.8639295021227924,181.8520806201694,0.01475,0.01244705934374184,0.16062873481643353,0.16674932083195088,32.904226126662344,39,15,0,True
8.5,3,0.8,1.05,0.8149035417844993,181.86729809053622,0.01475,0.012420386893253883,0.1450659184270062,0.15684930372001846,34.43113889842973,39,15,0,True
8.5,3,0.8,1.05,0.8918137189569201,182.05906675570415,0.01475,0.012458651701573713,0.1697104346635386,0.17219028170018766,32.114801046683425,39,15,0,True
8.5,3,0.8,1.05,0.8560446262108972,181.81537859043024,0.01475,0.012443236479945724,0.15809277614367764,0.16517105834335225,33.13709012604048,39,15,0,True
8.5,3,0.8,1.05,0.8576186389820475,181.82247339881758,0.01475,0.012444025957384123,0.15859761604969197,0.16548679502624133,33.09027920949014,39,15,0,True
8.5,3,0.8,1.05,0.8590498336705642,181.83144536177366,0.01475,0.01244476248053309,0.15905606313599494,0.16577320154446137,33.04798364643424,39,15,0,True
8.5,3,0.8,1.05,0.8279548083125046,181.81209564877904,0.01475,0.012428235795984724,0.14915639432877623,0.15949920303662005,34.00609480481938,39,15,0,True
8.5,3,0.8,1.05,0.8618988146840091,181.84232809560126,0.01475,0.012446106836821427,0.15997403628667314,0.1663456265148462,32.96380096151795,39,15,0,True
8.5,3,0.8,1.05,0.8335914116153796,181.79407270015378,0.01475,0.012431386459905354,0.1509379348939623,0.16064828831803094,33.826499857911784,39,15,0,True
8.5,3,0.8,1.05,0.8370524348077011,181.78984720421073,0.01475,0.01243331286405619,0.15203381287546996,0.16134783081344575,33.717662783481956,39,15,0,True
8.5,3,0.8,1.05,0.8173834959824741,181.85680047241135,0.01475,0.012421955729159556,0.14583875698809395,0.1573511432125293,34.34944900664361,39,15,0,True
8.5,3,0.8,1.05,0.8633762889192823,181.84579338198128,0.01475,0.012446758476174057,0.16045218764376284,0.16664067719983272,32.92022814404352,39,15,0,True
8.5,3,0.8,1.05,0.841280722696908,181.79195007300862,0.01475,0.012435660607685967,0.1533744554709588,0.1622000798411205,33.58617651572651,39,15,0,True
8.5,3,0.8,1.05,0.8566135979633893,181.8192360084385,0.01475,0.012443539515510662,0.15827453416443696,0.1652846997869934,33.12021941574037,39,15,0,True
8.5,3,0.8,1.05,0.8404695445223184,181.79135324577217,0.01475,0.012435215945551048,0.15311690418971052,0.1620364888853823,33.61129917031974,39,15,0,True
8.5,3,0.8,1.05,0.8521327900870523,181.80797674948528,0.01475,0.01244133840068458,0.1568364291688517,0.1643838546748872,33.254649199888014,39,15,0,True
8.5,3,0.8,1.05,0.8619117729120749,181.84234683802038,0.01475,0.012446112463104333,0.15997823278560225,0.16634821744215156,32.963417601454594,39,15,0,True
8.5,3,0.8,1.05,0.8353425219540472,181.79596791701536,0.01475,0.012432419727467944,0.15148998717520668,0.16100135223637224,33.77155051816071,39,15,0,True
8.5,3,0.8,1.05,0.8544547776981485,181.81376872102845,0.01475,0.012442493118450264,0.15758089428943595,0.16485042850278195,33.1848252777564,39,15,0,True
8.5,3,0.8,1.05,0.8578611624855879,181.82444979697547,0.01475,0.01244415725150578,0.1586750316233653,0.16553515106405517,33.08312704106685,39,15,0,True
8.5,3,0.8,1.05,0.8412845967982469,181.79196508803236,0.01475,0.012435662872390172,0.1533756801622874,0.16220085705651008,33.58605728995699,39,15,0,True
8.5,3,0.8,1.05,0.8518534220120352,181.80812174581362,0.01475,0.012441207764519999,0.15674656079456414,0.16432746024688855,33.26311791088157,39,15,0,True
8.5,3,0.8,1.05,0.8320590040745596,181.79827801369487,0.01475,0.01243053984526751,0.15045287451203843,0.1603357435722963,33.87507348896232,39,15,0,True
8.5,3,0.8,1.05,0.8463929789039927,181.7939954522046,0.01475,0.0124383531052708,0.15500332646337245,0.1632328756595826,33.428750922538285,39,15,0,True
8.5,3,0.8,1.05,0.8480164798020922,181.7994393396068,0.01475,0.012439235429786668,0.15552003083808014,0.16355754501977726,33.379370277050505,39,15,0,True
8.5,3,0.8,1.05,0.8857577882370368,182.00089031061495,0.01475,0.012456351755588175,0.16772509520722595,0.17109885296657623,32.28169327315842,39,15,0,True
8.5,3,0.8,1.05,0.8532581865680638,181.80875561657143,0.01475,0.012441876910127395,0.1571980365583792,0.16461063717723096,33.22065701048643,39,15,0,True
8.5,3,0.8,1.05,0.8621163882514614,181.8426429143104,0.01475,0.012446201177299785,0.16004450417146632,0.1663891314941986,32.95736558432023,39,15,0,True
8.5,3,0.8,1.05,0.8514895161869463,181.80455302427498,0.01475,0.012440990453420765,0.1566313821624301,0.16425534259553504,33.27395696643171,39,15,0,True
8.5,3,0.8,1.05,0.8527374733794268,181.80584539085118,0.01475,0.012441597134363,0.15703192904775387,0.16450659313642688,33.236239435952264,39,15,0,True
8.5,3,0.8,1.05,0.8388543815706017,181.79430865712362,0.01475,0.012434370250242053,0.15260273202954083,0.16170953611049946,33.661674560688986,39,15,0,True
8.5,3,0.8,1.05,0.8755519094878681,181.91883725357664,0.01475,0.012452195541717807,0.16439559995350908,0.16906424066849887,32.568578623608275,39,15,0,True
8.5,3,0.8,1.05,0.839991838580794,181.79546000362484,0.01475,0.012435007335479687,0.1529631884762222,0.16193862671377063,33.626354179437634,39,15,0,True
8.5,3,0.8,1.05,0.8638116855804002,181.85067383611283,0.01475,0.012446994230233072,0.16059112949513957,0.16672618171312464,32.90763235921965,39,16,0,True
8.5,3,0.8,1.05,0.8555269915366941,181.81792267446173,0.01475,0.012443034013391469,0.15792450528307883,0.16506554254662825,33.15277706466439,39,16,0,True
8.5,3,0.8,1.05,0.8579003089618084,181.82475132740143,0.01475,0.012444178194425741,0.15868753777070177,0.16554296306843608,33.081972019650564,39,16,0,True
8.5,3,0.8,1.05,0.8415836209061806,181.7914163669509,0.01475,0.012435816308183103,0.15347104514845233,0.1622614495170413,33.576766145440054,39,16,0,True
8.5,3,0.8,1.05,0.8865230196321532,182.00590628587466,0.01475,0.01245662511537208,0.16797659396877043,0.1712522032260248,32.26036858651945,39,16,0,True
8.5,3,0.8,1.05,0.8471295500668246,181.79295593315962,0.01475,0.012438711938836436,0.15523935784812765,0.16338137256644444,33.406138747797804,39,16,0,True
8.5,3,0.8,1.05,0.8576723089509978,181.82292616365038,0.01475,0.012444055230174444,0.15861473855619895,0.16549748997386837,33.088696968569806,39,16,0,True
8.5,3,0.8,1.05,0.8741996482761334,181.9116815456923,0.01475,0.012451645706397597,0.16395488404209926,0.16879401386210516,32.607244329865324,39,16,0,True
8.5,3,0.8,1.05,0.8536272645553223,181.80598424269883,0.01475,0.01244201446672627,0.15731820818023629,0.1646861152156599,33.209366213332615,39,16,0,True
8.5,3,0.8,1.05,0.8604047418244637,181.83665674546245,0.01475,0.012445406518851699,0.1594921414953719,0.16604559802720173,33.00790339698396,39,16,0,True
8.5,3,0.8,1.05,0.8506814010922038,181.80578470044532,0.01475,0.012440618318007189,0.15637125832073337,0.16409200480944455,33.29854437675068,39,16,0,True
8.5,3,0.8,1.05,0.8490661010951168,181.8000099846712,0.01475,0.012439761205920129,0.15585597355547692,0.16376863774604772,33.347378367841976,39,16,0,True
8.5,3,0.8,1.05,0.8487761725205716,181.79961303394506,0.01475,0.012439613661914742,0.15576326050677425,0.16371040147785984,33.35619533384525,39,16,0,True
8.5,3,0.8,1.05,0.8624811760292153,181.8431534144818,0.01475,0.012446358518688803,0.16016269429052787,0.16646208995019554,32.94658160925349,39,16,0,True
8.5,3,0.8,1.05,0.8490458313322811,181.79910561816695,0.01475,0.012439740069017513,0.1558499194563066,0.16376487467072137,33.34794789104553,39,16,0,True
8.5,3,0.8,1.05,0.850983806432229,181.80327690069618,0.01475,0.012440732714857803,0.15646957949864312,0.1641538423417158,33.28922965590165,39,16,0,True
8.5,3,0.8,1.05,0.8517921867726898,181.8069158516017,0.01475,0.012441163765380344,0.15672747424138822,0.164315538129973,33.26490905475268,39,16,0,True
8.5,3,0.8,1.05,0.852547281400791,181.80733658345932,0.01475,0.012441526135529192,0.15697002110931024,0.16446769274339057,33.24207094845134,39,16,0,True
8.5,3,0.8,1.05,0.8630023560701799,181.84505214577052,0.01475,0.012446594848812336,0.16033088954376754,0.16656582711458057,32.93126599068597,39,16,0,True
8.5,3,0.8,1.05,0.8433349174210837,181.79450298649718,0.01475,0.012436782289079346,0.15402711455353085,0.16261431965036416,33.52280671980954,39,16,0,True
8.5,3,0.8,1.05,0.836827628914634,181.79322985574632,0.01475,0.012433228253789761,0.15196102899387234,0.1613013627680737,33.724875332919936,39,16,0,True
8.5,3,0.8,1.05,0.8603770058676894,181.83567021353107,0.01475,0.012445382523264395,0.15948364570413243,0.1660403336341059,33.008676649790175,39,16,0,True
8.5,3,0.8,1.05,0.8674372895931026,181.8675521021483,0.01475,0.01244863566196003,0.16176377360818697,0.16744840695643598,32.80179960023556,39,16,0,True
8.5,3,0.8,1.05,0.8511722141913769,181.80221779539548,0.01475,0.012440809939631136,0.15653060503695349,0.16419219665346277,33.283456092444865,39,16,0,True
8.5,3,0.8,1.05,0.8555111523492096,181.8177569261013,0.01475,0.012443024780836219,0.15791947840239862,0.16506240109647635,33.15324443428508,39,16,0,True
8.5,3,0.8,1.05,0.8620868514561102,181.84260030932475,0.01475,0.012446188387785877,0.16003493681882336,0.16638322511577364,32.95823905666312,39,16,0,True
8.5,3,0.8,1.05,0.8729696816896328,181.90486260774404,0.01475,0.01245113258304104,0.16355467257679832,0.16854849024891877,32.64249192606709,39,16,0,True
8.5,3,0.8,1.05,0.9287247856466972,186.0759391863544,0.01475,0.012469340769976366,0.18198784648579092,0.1785017771212696,31.14607533712963,39,16,0,False
8.5,3,0.8,1.05,0.8418281879832872,181.79287096924628,0.01475,0.01243596493805411,0.1535481479775342,0.16231034871332506,33.56927350926195,39,16,0,True
8.5,3,0.8,1.05,0.8463165241138778,181.7962025846245,0.01475,0.012438341622044094,0.15497781588229895,0.16321672957117017,33.43121224800441,39,16,0,True
8.5,3,0.8,1.05,0.8466090423476231,181.7963454157885,0.01475,0.01243849150701255,0.15507125276708375,0.16327549772560276,33.422256119963905,39,16,0,True
8.5,3,0.8,1.05,0.8634861939276891,181.8458614486542,0.01475,0.012446802457848998,0.16048772366152567,0.16666259171616463,32.916998543650486,39,16,0,True
8.5,3,0.8,1.05,0.8528392765160485,181.80505648442193,0.01475,0.012441635165213707,0.157065066648524,0.16452741364802806,33.23311948671751,39,16,0,True
8.5,3,0.8,1.05,0.8625216526677778,181.84320730224883,0.01475,0.01244637589528622,0.1601758125690717,0.16647018720311518,32.945385391945806,39,16,0,True
8.5,3,0.8,1.05,0.8574541142417835,181.82102973134093,0.01475,0.01244393542822551,0.1585451603358484,0.16545403143447435,33.095127726033574,39,16,0,True
8.5,3,0.8,1.05,0.8376919206282311,181.79284624218135,0.01475,0.012433707781426202,0.1522349188721202,0.16147566080890197,33.69784489317053,39,16,0,True
8.5,3,0.8,1.05,0.8492992055663291,181.79869839897927,0.01475,0.012439859318745403,0.1559313330526882,0.1638160415185107,33.34020647324128,39,16,0,True
8.5,3,0.8,1.05,0.8573544092356767,181.8201140099967,0.01475,0.012443879983545415,0.15851339544474333,0.16543419192429534,33.0980646840653,39,16,0,True
8.5,3,0.8,1.05,0.8615188612624088,181.83494938688952,0.01475,0.012445856942067299,0.15985443550201955,0.1662720838599788,32.97468643442097,39,16,0,True
8.5,3,0.8,1.05,0.8498923242814551,181.79915657338415,0.01475,0.012440154448234129,0.15612130268316549,0.16393534737051157,33.32217619765364,39,16,0,True
8.5,3,0.8,1.05,0.856341079080218,181.81597661821516,0.01475,0.012443377148147817,0.15818816639616498,0.1652307689566892,33.128222617142384,39,16,0,True
8.5,3,0.8,1.05,0.8581577772899909,181.82661447477471,0.01475,0.012444314230210375,0.15876986275005453,0.16559438971675508,33.07437142337275,39,16,0,True
8.5,3,0.8,1.05,0.8686880580314706,181.8792534528894,0.01475,0.012449255072978152,0.16216608784315412,0.16769561532625915,32.76580238794177,39,16,0,True
8.5,3,0.8,1.05,0.8496630094582243,181.8019498833911,0.01475,0.012440077317916487,0.15604638847923186,0.16388816929262445,33.32930264439689,39,16,0,True
8.5,3,0.8,1.05,0.8555071149467265,181.81771531080346,0.01475,0.01244302243506785,0.15791819675062624,0.16506160012021323,33.15336360270764,39,16,0,True
8.5,3,0.8,1.05,0.8652502427564795,181.8601655860913,0.01475,0.012447688635919267,0.1610544535410445,0.1670115485326059,32.865696365400105,39,16,0,True
8.5,3,0.8,1.05,0.8565687910835437,181.81871489687254,0.01475,0.012443513031473945,0.15826032487612657,0.1652758268175699,33.12153575370345,39,16,0,True
8.5,3,0.8,1.05,0.8790820142011312,181.94465395478323,0.01475,0.012453669377093524,0.16554503083501101,0.169767869626128,32.468524427125566,39,16,0,True
8.5,3,0.8,1.05,0.8447550173153137,181.7919810777329,0.01475,0.012437490296914459,0.1544811789084587,0.1629024768140514,33.47893069065684,39,16,0,True
8.5,3,0.8,1.05,0.8520715824962335,181.80428948737804,0.01475,0.012441263836277536,0.1568185674714708,0.1643728152347281,33.25630648818204,39,16,0,True
8.5,3,0.8,1.05,0.8611354698461757,181.83446989169514,0.01475,0.012445690118617295,0.15973030478783273,0.16619455183487078,32.986046462418514,39,16,0,True
8.5,3,0.8,1.05,0.8512100235691296,181.80309477653097,0.01475,0.012440838882805847,0.15654231784355324,0.16419950885512974,33.282355702258506,39,16,0,True
8.5,3,0.8,1.05,0.8456454982065912,181.7950164562532,0.01475,0.012437985297547806,0.15476399688012843,0.1630816583189281,33.45173235710987,39,16,0,True
8.5,3,0.8,1.05,0.8482758405107972,181.79640965386338,0.01475,0.012439326756044368,0.15560455754410338,0.16361080997341285,33.37128929910605,39,16,0,True
8.5,3,0.8,1.05,0.855247352609654,181.81553063149573,0.01475,0.012442877406099569,0.15783550292090134,0.16500989400130334,33.161059037974574,39,16,0,True
8.5,3,0.8,1.05,0.8431446316991418,181.78743426167537,0.01475,0.012436594994103259,0.1539699012476873,0.16257832640200087,33.52829903559872,39,16,0,True
8.5,3,0.8,1.05,0.8385791794673828,181.7930675558535,0.01475,0.012434203080460343,0.1525160448076069,0.16165446612076537,33.670181260672116,39,16,0,True
8.5,3,0.8,1.05,0.8470110673567562,181.79391127461298,0.01475,0.012438664173615544,0.15520099472137308,0.16335720500873113,33.40981578201445,39,16,0,True
8.5,3,0.8,1.05,0.8605268864042306,181.8336738911379,0.01475,0.012445421470409364,0.15953322134403333,0.16607141265252268,33.00411241953062,39,17,0,True
8.5,3,0.8,1.05,0.8441048217767632,181.79033793520813,0.01475,0.012437133025054803,0.15427455738202625,0.16277149856322462,33.498853146502654,39,17,0,True
8.5,3,0.8,1.05,0.8333598310837432,181.79303142574355,0.01475,0.012431238704968641,0.15086537619657936,0.1606016221414792,33.83373945441032,39,17,0,True
8.5,3,0.8,1.05,0.8864585033004478,182.00484713700376,0.01475,0.012456594320102743,0.1679557177884317,0.17123950809129235,32.262132393284,39,17,0,True
8.5,3,0.8,1.05,0.8091938976529028,181.91157778100262,0.01475,0.01241688391226128,0.14328546501227882,0.15568255196640918,34.62200497232064,39,17,0,True
8.5,3,0.8,1.05,0.8579258062464034,181.82494513816954,0.01475,0.012444191798413448,0.1586956849411317,0.1655480522690147,33.08121963399464,39,17,0,True
8.5,3,0.8,1.05,0.8478538064312073,181.79818144975383,0.01475,0.012439138907042199,0.15546856726843505,0.16352525088787453,33.384272500985986,39,17,0,True
8.5,3,0.8,1.05,0.8324957609536349,181.8000920751544,0.01475,0.012430819743268267,0.15058961973659452,0.16042374563113618,33.86137613932286,39,17,0,True
8.5,3,0.8,1.05,0.845503890513894,181.79417279460216,0.01475,0.012437902427260084,0.15471918035982385,0.16305328554367804,33.456034810858135,39,17,0,True
8.5,3,0.8,1.05,0.8454705111905203,181.7925552569134,0.01475,0.012437865344492108,0.1547093062119858,0.1630470982319892,33.45697327123723,39,17,0,True
8.5,3,0.8,1.05,0.8485022899084892,181.80087828367598,0.01475,0.012439494100977623,0.1556749013821253,0.1636548190850006,33.36461686853105,39,17,0,True
8.5,3,0.8,1.05,0.8440178546439864,181.78997680835798,0.01475,0.012437083303854152,0.15424699929146082,0.162754032775823,33.501512403991484,39,17,0,True
8.5,3,0.8,1.05,0.8407574562683419,181.78824916428036,0.01475,0.012435333242310942,0.15320988707174926,0.1620957030252747,33.60219930747105,39,17,0,True
8.5,3,0.8,1.05,0.8385028885183128,181.79382132659924,0.01475,0.012434170218137947,0.15249149213390403,0.16163881877237835,33.672599465887274,39,17,0,True
8.5,3,0.8,1.05,0.8529349431213321,181.8112133254384,0.01475,0.01244175614435131,0.15709280995883904,0.16454453406431963,33.23055463782825,39,17,0,True
8.5,3,0.8,1.05,0.8733035343754411,181.90230799695115,0.01475,0.012451218090920537,0.16366550588383022,0.16861671030262723,32.63268702125432,39,17,0,True
8.5,3,0.8,1.05,0.8433001348708237,181.79561518139644,0.01475,0.012436777778405605,0.15401549356419209,0.1626068957247816,33.52393934292679,39,17,0,True
8.5,3,0.8,1.05,0.8503171528120751,181.79957969658764,0.01475,0.012440365750683352,0.15625739368528915,0.1640207919754363,33.309280772975505,39,17,0,True
8.5,3,0.8,1.05,0.8498063484750442,181.80006860528425,0.01475,0.012440123892554845,0.15609327943655366,0.16391770594517288,33.324840487104204,39,17,0,True
8.5,3,0.8,1.05,0.8361213128884015,181.79050570497773,0.01475,0.012432795618195243,0.1517388299140085,0.1611600420123502,33.74683825852983,39,17,0,True
8.5,3,0.8,1.05,0.831567395810485,181.80099362212226,0.01475,0.012430282181735886,0.15029678316809036,0.1602350627214151,33.890764185144036,39,17,0,True
8.5,3,0.8,1.05,0.8458281798652785,181.79095455725397,0.01475,0.012438028368524956,0.15482432343581914,0.1631200803635479,33.44590861021087,39,17,0,True
8.5,3,0.8,1.05,0.8481125839930009,181.79896546787666,0.01475,0.012439277335468606,0.15555103218792116,0.16357705283366175,33.37641002651337,39,17,0,True
8.5,3,0.8,1.05,0.8450159441023728,181.7929747796483,0.01475,0.012437637111433293,0.15456397316968143,0.16295493460051505,33.470961314943374,39,17,0,True
8.5,3,0.8,1.05,0.8307251759365458,181.80208154126436,0.01475,0.012429793461482102,0.15003123831161866,0.16006388509239855,33.91749043709196,39,17,0,True
8.5,3,0.8,1.05,0.8429325233254242,181.78869188686514,0.01475,0.012436498885978847,0.15390172460760607,0.16253500161343473,33.534913587047825,39,17,0,True
8.5,3,0.8,1.05,0.8877301981057346,182.01594463555818,0.01475,0.012457075789610658,0.16837257876771874,0.1714903186244114,32.22690642147696,39,17,0,True
8.5,3,0.8,1.05,0.8528934777699066,181.81153342219295,0.01475,0.01244174067602822,0.15707931250594534,0.16453605414752365,33.23182496125648,39,17,0,True
8.5,3,0.8,1.05,0.8503278306203699,181.79959358366477,0.01475,0.012440371088232451,0.15626081339681905,0.16402293867784196,33.3089569775169,39,17,0,True
8.5,3,0.8,1.05,0.8424106502580373,181.79059618003515,0.01475,0.01243624658358746,0.153734619901754,0.16242884494482984,33.551137065975034,39,17,0,True
8.5,3,0.8,1.05,0.8531258909480477,181.8097570461163,0.01475,0.012441827505336999,0.15715496808819876,0.16458358305116402,33.22470678549771,39,17,0,True
8.5,3,0.8,1.05,0.8570723108312567,181.82422777736045,0.01475,0.012443805731563258,0.15842020744494076,0.16537567072234957,33.106732360718176,39,17,0,True
8.5,3,0.8,1.05,0.846036405349078,181.79584812289852,0.01475,0.012438194930834392,0.15488847129886796,0.16316051953050992,33.439782325623284,39,17,0,True
8.5,3,0.8,1.05,0.8608894469643931,181.83422457101383,0.01475,0.012445583389768143,0.15965064332706685,0.1661447852075559,32.99334432538475,39,17,0,True
8.5,3,0.8,1.05,0.8597243696766899,181.83341548237374,0.01475,0.012445077531119278,0.15927347928799893,0.16590906810279257,33.02797454417571,39,17,0,True
8.5,3,0.8,1.05,0.8774120935041704,181.93296445645692,0.01475,0.012452987621443633,0.16500055119279067,0.16943468311038049,32.5157905539494,39,17,0,True
8.5,3,0.8,1.05,0.845410570089226,181.79606687449234,0.01475,0.012437878035665255,0.15468846039187895,0.16303372538419206,33.45900186088462,39,17,0,True
8.5,3,0.8,1.05,0.8587963496820179,181.83033007502644,0.01475,0.012444638762506986,0.1589745839212107,0.16572229054896745,33.055490458023876,39,17,0,True
8.5,3,0.8,1.05,0.8410541276170819,181.7915465877179,0.01475,0.012435533861297308,0.15330260373209162,0.16215445771904236,33.59317717516506,39,17,0,True
8.5,3,0.8,1.05,0.8555566431372008,181.8179852725771,0.01475,0.012443048229877875,0.15793403870951636,0.16507151175131768,33.15188904862672,39,17,0,True
8.5,3,0.8,1.05,0.8552446096628494,181.81551229377902,0.01475,0.012442875931092293,0.1578346274870618,0.16500934636455256,33.16114057086189,39,17,0,True
8.5,3,0.8,1.05,0.8482782296480679,181.79634762142757,0.01475,0.01243932717365203,0.15560535294485886,0.16361131267360807,33.37121306029318,39,17,0,True
8.5,3,0.8,1.05,0.8542960445573647,181.80893152619566,0.01475,0.012442360262229411,0.1575321426916813,0.1648200935311957,33.189351950472926,39,17,0,True
8.5,3,0.8,1.05,0.8535559996674712,181.80651723973665,0.01475,0.012441987940504889,0.15729500171380945,0.16467154063756578,33.211545557100685,39,17,0,True
8.5,3,0.8,1.05,0.8493945404480987,181.80121538379277,0.01475,0.012439937104609597,0.1559606648516847,0.16383435471232927,33.33743700975808,39,17,0,True
8.5,3,0.8,1.05,0.8504061755225821,181.79963891542099,0.01475,0.01244040953110027,0.15628593325401322,0.16403870974813797,33.30657844807893,39,17,0,True
8.5,3,0.8,1.05,0.8566599070455908,181.81976838031105,0.01475,0.01244356679837129,0.1582892235479047,0.16529387264836606,33.11885874854917,39,17,0,True
8.5,3,0.8,1.05,0.8693624338430269,181.88251344506037,0.01475,0.012449548175774618,0.16238480969337132,0.16783010395326195,32.74626728735716,39,17,0,True
8.5,3,0.8,1.05,0.8446245485744351,181.79528978086503,0.01475,0.012437463773835492,0.15443794420139184,0.16287491023773967,33.48312082553321,39,17,0,True
8.5,3,0.8,1.05,0.8525537258522108,181.80728565391914,0.01475,0.012441528539745303,0.15697211879187498,0.1644690109132329,33.24187329414918,39,17,0,True
8.5,3,0.8,1.05,0.8309352698770092,181.80266289373753,0.01475,0.012429926290415805,0.15009705545225832,0.1601062818851066,33.91086520446542,39,17,0,True
8.5,3,0.8,1.05,0.8473312983311614,181.79803422286562,0.01475,0.012438875958816074,0.15530142424537616,0.16342017352082214,33.400237754542886,39,17,0,True
8.5,3,0.8,1.05,0.8471059743616789,181.79851923773148,0.01475,0.01243876885442681,0.15522910632657982,0.16337467736424008,33.40715728768171,39,17,0,True
8.5,3,0.8,1.05,0.850413237099954,181.79963775409786,0.01475,0.012440412929492602,0.15628820008934277,0.16404013315110377,33.30636380061337,39,17,0,True
8.5,3,0.8,1.05,0.8454067067002697,181.7958544021771,0.01475,0.012437873431544007,0.15468733005319818,0.16303301830443595,33.45910913113007,39,17,0,True
8.5,3,0.8,1.05,0.8540776169138931,181.80950505364598,0.01475,0.012442266607799471,0.1574614963284354,0.1647757846070964,33.19596710435731,39,17,0,True
8.5,3,0.8,1.05,0.8495773537652221,181.80088471704966,0.01475,0.012440022358385129,0.15601944250760824,0.16387129174716963,33.33185315172832,39,17,0,True
8.5,3,0.8,1.05,0.8605613585529862,181.83400887235732,0.01475,0.012445441883265665,0.15954438280591626,0.1660783874420568,33.00308836322117,39,17,0,True
8.5,3,0.8,1.05,0.8355708025482704,181.79654588587238,0.01475,0.012432557178496619,0.15156186940888175,0.16104710426829982,33.76442026304632,39,18,0,True
8.5,3,0.8,1.05,0.8534384750759577,181.80739918648933,0.01475,0.01244194417477919,0.15725673435195425,0.16464750612699935,33.21514036323891,39,18,0,True
8.5,3,0.8,1.05,0.8232689161355946,181.82642991233632,0.01475,0.012425465946833433,0.14768370305866038,0.15854715943559047,34.157027479893436,39,18,0,True
8.5,3,0.8,1.05,0.8870032509923275,182.01418050060335,0.01475,0.012456858415966401,0.16813181805597144,0.17134616216824447,32.24726716145459,39,18,0,True
8.5,3,0.8,1.05,0.8774275682808318,181.93289876888392,0.01475,0.012452991858774642,0.1650056828084608,0.16943783305392962,32.51534275835852,39,18,0,True
8.5,3,0.8,1.05,0.8573000255202995,181.81960164539794,0.01475,0.012443849557676388,0.15849607708047292,0.16542337554972003,33.09966621602026,39,18,0,True
8.5,3,0.8,1.05,0.8510810588451792,181.80214681465282,0.01475,0.012440765389693994,0.156501364684678,0.16417384577643002,33.28621812693894,39,18,0,True
8.5,3,0.8,1.05,0.8204487703171394,181.83832976395274,0.01475,0.012423776819163153,0.14679940999694902,0.15797440154682868,34.24878075891774,39,18,0,True
8.5,3,0.8,1.05,0.8518991707824449,181.80233867246676,0.01475,0.012441157980880812,0.1567641087085617,0.16433873349111067,33.261424511261296,39,18,0,True
8.5,3,0.8,1.05,0.8394596281051802,181.78970439125507,0.01475,0.012434645757811676,0.15279698395420496,0.16183323871957112,33.642589048084076,39,18,0,True
8.5,3,0.8,1.05,0.8490625458263281,181.80004001607244,0.01475,0.012439759831002295,0.15585481942087323,0.16376791126901738,33.347488314401026,39,18,0,True
8.5,3,0.8,1.05,0.8541764125543095,181.80876302634542,0.01475,0.012442303034180983,0.15749368645282671,0.16479599652838264,33.19294906297294,39,18,0,True
8.5,3,0.8,1.05,0.8525698496220723,181.8071583595802,0.01475,0.01244153455553598,0.1569773671106904,0.16447230889944198,33.24137878935361,39,18,0,True
8.5,3,0.8,1.05,0.851933371650438,181.80317053414936,0.01475,0.012441184494483613,0.1567746920854963,0.164345336538861,33.26043275787097,39,18,0,True
8.5,3,0.8,1.05,0.8536573406815329,181.812649420743,0.01475,0.012442110860511075,0.15732460237157594,0.16468982045705527,33.2088122334765,39,18,0,True
8.5,3,0.8,1.05,0.8424186986625052,181.7902635956955,0.01475,0.012436246740519153,0.15373734267422315,0.16243058822386866,33.550870462394286,39,18,0,True
8.5,3,0.8,1.05,0.8389717893180237,181.78807445776988,0.01475,0.012434357889951172,0.15264296340392927,0.16173539064573378,33.65768296217654,39,18,0,True
8.5,3,0.8,1.05,0.8480490299079851,181.79912622789826,0.01475,0.012439247742695761,0.1555306050144143,0.16356420577674224,33.378359441367216,39,18,0,True
8.5,3,0.8,1.05,0.8397737630107743,181.79102308299835,0.01475,0.012434833701941752,0.15289607269595157,0.16189616561327738,33.63289249173059,39,18,0,True
8.5,3,0.8,1.05,0.8635602448646583,181.8461635554907,0.01475,0.012446836328797421,0.16051164486849961,0.16667734069632817,32.914825468853046,39,18,0,True
8.5,3,0.8,1.05,0.867324346737466,181.872444312429,0.01475,0.01244865130849438,0.16172430074921368,0.16742384662757356,32.805382266391504,39,18,0,True
8.5,3,0.8,1.05,0.8432012967916657,181.78723670646772,0.01475,0.012436622339690532,0.15398805079711086,0.16258985328861456,33.52653982736053,39,18,0,True
8.5,3,0.8,1.05,0.848595606195419,181.79579698643562,0.01475,0.012439477401776889,0.15570727603362228,0.16367539246569424,33.3614989792599,39,18,0,True
8.5,3,0.8,1.05,0.840756320923219,181.78825833787576,0.01475,0.01243533274280851,0.15320952182141756,0.1620954705713794,33.602235016234985,39,18,0,True
8.5,3,0.8,1.05,0.8457569995972533,181.7996758005002,0.01475,0.01243809983695248,0.15479734842703413,0.16310259081448628,33.448559186753386,39,18,0,True
8.5,3,0.8,1.05,0.8378734253320135,181.79219723396758,0.01475,0.012433800905190391,0.15229273945496374,0.16151247283857198,33.692144128499805,39,18,0,True
8.5,3,0.8,1.05,0.8808589129754627,181.95817985449546,0.01475,0.012454390581885463,0.16612474980143904,0.17012228095873627,32.4184670431425,39,18,0,True
8.5,3,0.8,1.05,0.8039329429134603,181.95752921369004,0.01475,0.012413548004350133,0.1416526458683194,0.15460206332300516,34.80026395414309,39,18,0,True
8.5,3,0.8,1.05,0.8566226639845187,181.81934072955113,0.01475,0.012443544863867019,0.15827740963684714,0.16528649538278348,33.119953051053436,39,18,0,True
8.5,3,0.8,1.05,0.8568851903800719,181.8222675328962,0.01475,0.012443698223442348,0.15836073830106037,0.1653385318449799,33.11223650915769,39,18,0,True
8.5,3,0.8,1.05,0.8511367408679502,181.8014384626343,0.01475,0.012440783314560748,0.1565195949263137,0.1641853209824158,33.28449088762122,39,18,0,True
8.5,3,0.8,1.05,0.8506588124309397,181.80590403222016,0.01475,0.012440608910818282,0.15636394865942738,0.16408741021118722,33.299236775383534,39,18,0,True
8.5,3,0.8,1.05,0.8566698630443572,181.819882008558,0.01475,0.012443572652067712,0.15829238211527868,0.1652958450450707,33.11856619212061,39,18,0,True
8.5,3,0.8,1.05,0.8501530657207854,181.79920675991534,0.01475,0.012440281671891167,0.15620492536274208,0.16398786121604966,33.31424900178947,39,18,0,True
8.5,3,0.8,1.05,0.8407766356339801,181.78809232005082,0.01475,0.012435341656089558,0.1532160582074274,0.162099630544973,33.6015959922627,39,18,0,True
8.5,3,0.8,1.05,0.8395634330618245,181.79416927342686,0.01475,0.01243475769370508,0.15282779066619426,0.16185262529156028,33.639600852415626,39,18,0,True
8.5,3,0.8,1.05,0.8505919697663099,181.79928877514095,0.01475,0.012440494896560447,0.15634573714951985,0.1640762750186454,33.300915005920345,39,18,0,True
8.5,3,0.8,1.05,0.8487063187690469,181.79660016973043,0.01475,0.012439541981022942,0.15574235272877776,0.16369739881370557,33.358164867773944,39,18,0,True
8.5,3,0.8,1.05,0.8372301706202968,181.79062017660993,0.01475,0.012433422120994275,0.15208972358977146,0.16138337602491315,33.712148671863616,39,18,0,True
8.5,3,0.8,1.05,0.8539353976754971,181.81057037429443,0.01475,0.012442214035383974,0.1574151648634717,0.16474669199550177,33.200312618899154,39,18,0,True
8.5,3,0.8,1.05,0.8494616357093506,181.7956778416218,0.01475,0.01243990145464416,0.15598488644024683,0.16384981946836685,33.3350988333227,39,18,0,True
8.5,3,0.8,1.05,0.8491739808465238,181.7992060853877,0.01475,0.012439804217878221,0.1558909437057218,0.1637906446018549,33.34404830672076,39,18,0,True
8.5,3,0.8,1.05,0.8301711680472307,181.80118369637125,0.01475,0.012429449784747878,0.1498574499624075,0.15995189065664459,33.93500975414356,39,18,0,True
8.5,3,0.8,1.05,0.8522572428578934,181.80966120436184,0.01475,0.012441418077821545,0.1568756111335294,0.16440836068310333,33.25097111576781,39,18,0,True
8.5,3,0.8,1.05,0.8437045271419172,181.79410730162127,0.01475,0.012436970923481056,0.15414510457376948,0.16268920440323573,33.511388268098386,39,18,0,True
8.5,3,0.8,1.05,0.8471301506335784,181.79452619627216,0.01475,0.012438731649329649,0.15523878492162277,0.16338094211172988,33.406204230061185,39,18,0,True
8.5,3,0.8,1.05,0.8499444785237548,181.79894821514134,0.01475,0.012440177228738115,0.15613813447986402,0.16394592785495227,33.32057858303451,39,18,0,True
8.5,3,0.8,1.05,0.8192425526455366,181.84165242934586,0.01475,0.01242301821822561,0.14642281647730895,0.15773033667524944,34.28809887172361,39,18,0,True
8.5,3,0.8,1.05,0.8476088237748522,181.7978834392053,0.01475,0.012439012991512864,0.15539030161408862,0.16347606119507702,33.391743507878836,39,18,0,True
8.5,3,0.8,1.05,0.8482756647086316,181.7964142145422,0.01475,0.012439326725265437,0.15560449901736667,0.16361077298415416,33.37129490886574,39,18,0,True
8.5,3,0.8,1.05,0.8191999392476947,181.84438731605633,0.01475,0.012423023517586063,0.14640831662464374,0.15772082821954045,34.2896333328558,39,18,0,True
8.5,3,0.8,1.05,0.8570185209604886,181.82367510060925,0.01475,0.012443774981800182,0.1584031059222433,0.16536499053045398,33.10831493897773,39,18,0,True
8.5,3,0.8,1.05,0.858862527770887,181.83064099471545,0.01475,0.012444671342407423,0.15899584425269675,0.16573557438183883,33.05353127984509,39,18,0,True
8.5,3,0.8,1.05,0.8471638842001576,181.79657458547484,0.01475,0.012438773914073546,0.15524857768540273,0.16338700858662905,33.40528141152302,39,18,0,True
8.5,3,0.8,1.05,0.8492136790292936,181.80011783175834,0.01475,0.012439834956567147,0.15590322243887952,0.16379831770581885,33.34288744706865,39,18,0,True
8.5,3,0.8,1.05,0.8518298328110024,181.80754442263284,0.01475,0.012441189423112259,0.15673926355719442,0.16432290745338507,33.263801875918986,39,18,0,True
8.5,3,0.8,1.05,0.8513224205369027,181.80431371074536,0.01475,0.012440907711850021,0.1565778211244833,0.16422173759152386,33.27901122326141,39,18,0,True
8.5,3,0.8,1.05,0.8483759572242114,181.79793908826662,0.01475,0.01243939526593896,0.15563587403378937,0.1636304237004176,33.36831508646011,39,18,0,True
8.5,3,0.8,1.05,0.8307597851682825,181.80216928265085,0.01475,0.012429815261475165,0.15004208331946273,0.16007087164104258,33.91639840709254,39,19,0,True
8.5,3,0.8,1.05,0.8587092252213135,181.82989947496435,0.01475,0.012444595568614323,0.1589466070494329,0.16570481047753022,33.05806903986281,39,19,0,True
8.5,3,0.8,1.05,0.8346220740670947,181.7929312429831,0.01475,0.012431968928759965,0.15126381156230337,0.16085741633822903,33.79401108614039,39,19,0,True
8.5,3,0.8,1.05,0.8412240937628664,181.79176136666683,0.01475,0.012435627873941493,0.1533565395068589,0.16218870846097844,33.587921040699335,39,19,0,True
8.5,3,0.8,1.05,0.8616461164982457,181.84196729266293,0.01475,0.012445996981588268,0.15989220870816412,0.1662951026963393,32.971279198682815,39,19,0,True
8.5,3,0.8,1.05,0.8509826675670283,181.8032892837062,0.01475,0.01244073232137461,0.1564692077182258,0.16415360840103213,33.289264880526495,39,19,0,True
8.5,3,0.8,1.05,0.8455057603095301,181.79426131476717,0.01475,0.012437904478502298,0.15471973449799512,0.1630536328743087,33.45598213177515,39,19,0,True
8.5,3,0.8,1.05,0.859046527792575,181.8314321341587,0.01475,0.012444760885738041,0.15905499971740064,0.16577253706098333,33.04808159221955,39,19,0,True
8.5,3,0.8,1.05,0.8535710150176659,181.80640489029656,0.01475,0.012441993531396352,0.15729989114542986,0.16467461143505763,33.211086344464725,39,19,0,True
8.5,3,0.8,1.05,0.8368607889898838,181.79128088212076,0.01475,0.01243322285599172,0.15197245665094053,0.161308720855829,33.72373294446979,39,19,0,True
8.5,3,0.8,1.05,0.8521584885258316,181.80859156461227,0.01475,0.012441358161951648,0.15684438815838134,0.16438882029641125,33.25390381818447,39,19,0,True
8.5,3,0.8,1.05,0.8522353190772921,181.8098398156925,0.01475,0.012441409925850935,0.1568684745132517,0.16440387522247765,33.25164424542147,39,19,0,True
8.5,3,0.8,1.05,0.8509311997901063,181.80382731615032,0.01475,0.012440714264232423,0.15645241721824346,0.1641430439107449,33.29085569744908,39,19,0,True
8.5,3,0.8,1.05,0.8535302649560472,181.80670986444733,0.01475,0.01244197835610456,0.15728662189051631,0.1646662776551598,33.21233263625294,39,19,0,True
8.5,3,0.8,1.05,0.8492333630051908,181.79990048624487,0.01475,0.012439841919183523,0.15590963840573255,0.1638023582539188,33.342276202312306,39,19,0,True
8.5,3,0.8,1.05,0.8443510703124736,181.79153827246705,0.01475,0.012437275768566217,0.1543525152630907,0.1628208950357474,33.49133561819051,39,19,0,True
8.5,3,0.8,1.05,0.8610970578642646,181.83442772982048,0.01475,0.012445673430309032,0.1597178677709399,0.1661867826507079,32.98718543785717,39,19,0,True
8.5,3,0.8,1.05,0.8494250377106323,181.79979194432613,0.01475,0.012439934424723957,0.15597113909401264,0.163840998557322,33.336432442275814,39,19,0,True
8.5,3,0.8,1.05,0.8498235835197435,181.79981307142037,0.01475,0.012440129129897361,0.15609893317387286,0.16392126847261615,33.32430240754696,39,19,0,True
8.5,3,0.8,1.05,0.86578324329285,181.85827230649727,0.01475,0.012447875858363978,0.16122900845369403,0.1671192646196913,32.84990755651474,39,19,0,True
8.5,3,0.8,1.05,0.8735185842015909,181.9038893862357,0.01475,0.01245131299933684,0.1637352850300789,0.16865950488512965,32.62654077583581,39,19,0,True
8.5,3,0.8,1.05,0.8589129691877645,181.8308686095812,0.01475,0.012444696042018293,0.1590120546176514,0.16574570307120026,33.052037669058684,39,19,0,True
8.5,3,0.8,1.05,0.8569616015537768,181.82308074985355,0.01475,0.012443742306934107,0.15838501509549135,0.1653536926572718,33.109989285391485,39,19,0,True
8.5,3,0.8,1.05,0.8536661313974802,181.81258367343375,0.01475,0.012442114129060839,0.15732746509780549,0.1646916183053913,33.20854344244155,39,19,0,True
8.5,3,0.8,1.05,0.8600180569141378,181.83382442139637,0.01475,0.012445208331662332,0.15936841034269247,0.16596839975513183,33.01924786454156,39,19,0,True
8.5,3,0.8,1.05,0.8534437557391947,181.8073595710695,0.01475,0.012441946143512857,0.15725845372281572,0.16464858603877408,33.21497881801016,39,19,0,True
8.5,3,0.8,1.05,0.8728979488397696,181.90571514383387,0.01475,0.012451118032098578,0.16353072204983488,0.16853373385389814,32.644613917044815,39,19,0,True
8.5,3,0.8,1.05,0.8000487332225859,181.9945875149768,0.01475,0.012411017768737998,0.14045195697089938,0.1538058184329626,34.93336406745938,39,19,0,True
8.5,3,0.8,1.05,0.8514253527147994,181.80446484248083,0.01475,0.012440958746486153,0.1566108122513146,0.16424243685728857,33.27589774848525,39,19,0,True
8.5,3,0.8,1.05,0.853856127740472,181.81116325115144,0.01475,0.012442184670010743,0.15738934410472177,0.16473047776612335,33.20273523341275,39,19,0,True
8.5,3,0.8,1.05,0.8482451630837985,181.79719727491818,0.01475,0.012439321280789931,0.15559434883307718,0.16360435831615572,33.37226779372407,39,19,0,True
8.5,3,0.8,1.05,0.8397540281940172,181.79064248116416,0.01475,0.01243481823247523,0.15288998956104957,0.16189231591920006,33.633485465422254,39,19,0,True
8.5,3,0.8,1.05,0.8489211058436498,181.80144986173175,0.01475,0.012439707731186762,0.15580880255749094,0.163738935185851,33.35187448070646,39,19,0,True
8.5,3,0.8,1.05,0.8516595643491855,181.8066270968266,0.01475,0.01244109712309638,0.15668499889494952,0.16428889686000786,33.268912581026335,39,19,0,True
8.5,3,0.8,1.05,0.8489488646394874,181.79907893550168,0.01475,0.012439692077016923,0.15581885719779698,0.16374535928902817,33.350901906022514,39,19,0,True
8.5,3,0.8,1.05,0.8242501018632666,181.81606017726224,0.01475,0.012425965798692271,0.14799489215224615,0.1587488089091768,34.12489511567817,39,19,0,True
8.5,3,0.8,1.05,0.8550667909023097,181.81780004567955,0.01475,0.012442823211426526,0.15777615958649452,0.1649726088025865,33.166611447428124,39,19,0,True
8.5,3,0.8,1.05,0.8437091333561594,181.79325206636435,0.01475,0.012436962762439113,0.15414698671476124,0.16269043666119842,33.51120046818719,39,19,0,True
8.5,3,0.8,1.05,0.8392255681510004,181.79454099040845,0.01475,0.01243457721651262,0.1527203830374921,0.16178432931884043,33.65013126993879,39,19,0,True
8.5,3,0.8,1.05,0.8504566650732165,181.7996102282182,0.01475,0.012440433570834662,0.15630215124326413,0.16404889425116706,33.3050427263148,39,19,0,True
8.5,3,0.8,1.05,0.8413593290668825,181.79230698954194,0.01475,0.012435707187438463,0.1533992804912307,0.1622158317392588,33.583760397577336,39,19,0,True
8.5,3,0.8,1.05,0.8468757513300808,181.7952403852342,0.01475,0.012438612470611097,0.15515707174448173,0.16332952289825192,33.41402900236203,39,19,0,True
8.5,3,0.8,1.05,0.832219761863028,181.79649496831462,0.01475,0.012430612745685212,0.15050435774844748,0.16036898460477123,33.869897680192295,39,19,0,True
8.5,3,0.8,1.05,0.8492952492865253,181.79856149568351,0.01475,0.012439855688476725,0.15593013175760595,0.16381529299888667,33.340319684516096,39,19,0,True
8.5,3,0.8,1.05,0.8432104281027132,181.78716795236437,0.01475,0.012436626287910061,0.1539909934162094,0.16259172376571224,33.52625438471021,39,19,0,True
8.5,3,0.8,1.05,0.8584121842549697,181.82781555802868,0.01475,0.012444440354238927,0.15885154757401196,0.16564544035986253,33.066831448137854,39,19,0,True
8.5,3,0.8,1.05,0.8454331998642048,181.7973330619866,0.01475,0.012437905280187898,0.15469507185364573,0.16303786017433713,33.45837459684266,39,19,0,True
8.5,3,0.8,1.05,0.8381607558598975,181.79144945033963,0.01475,0.012433951374853992,0.1523841600691998,0.16157065828551512,33.68313920056057,39,19,0,True
8.5,3,0.8,1.05,0.856430730409897,181.81707227602493,0.01475,0.012443430897399079,0.1582165647743926,0.16524850145789782,33.125590533793044,39,19,0,True
8.5,3,0.8,1.05,0.8437075746517675,181.7935414582838,0.01475,0.012436965523926525,0.15414634981761333,0.16269001967841173,33.511264017304164,39,19,0,True
8.5,3,0.8,1.05,0.8789362518607061,181.9437124603272,0.01475,0.012453611485309074,0.16549743029719194,0.169738747643964,32.47264769121389,39,19,0,True
8.5,3,0.8,1.05,0.8531795447501423,181.80935015550878,0.01475,0.012441847544895883,0.15717243458374,0.16459455512833032,33.223064183787876,39,19,0,True
8.5,3,0.8,1.05,0.8440150092099286,181.78997349495785,0.01475,0.01243708178136538,0.15424609355593003,0.1627534583447855,33.50159987461596,39,19,0,True
8.5,3,0.8,1.05,0.8581413701676084,181.82650197763027,0.01475,0.01244430564993909,0.1587646128975461,0.16559111013770483,33.07485597596118,39,19,0,True
8.5,3,0.8,1.05,0.8530597654356467,181.81026061854226,0.01475,0.012441802813488986,0.15713344212589322,0.16457006047000203,33.22673154354942,39,19,0,True
8.5,3,0.8,1.05,0.8461401022083712,181.7955414403683,0.01475,0.012438243875767313,0.15492175565839347,0.1631814917686558,33.436585775239486,39,19,0,True
8.5,3,0.8,1.05,0.8490073190881228,181.79870082726435,0.01475,0.01243971614186378,0.1558377748899763,0.16375726247369385,33.34910004717567,39,19,0,True
8.5,3,0.8,1.05,0.8492626375901746,181.79750421558393,0.01475,0.01243982664115361,0.15592019478054783,0.16380909789464274,33.34125671802796,39,19,0,True
8.5,3,0.8,1.05,0.8619328696886089,181.84237737042974,0.01475,0.012446121621173027,0.15998506504326349,0.1663524356586207,32.96279349152118,39,20,0,True
8.5,3,0.8,1.05,0.8556062548974793,181.8180520179491,0.01475,0.012443071534953077,0.15795000906485196,0.16508151290357145,33.15040137091212,39,20,0,True
8.5,3,0.8,1.05,0.8626217086091241,181.8433365379786,0.01475,0.012446418755480295,0.160208244073523,0.16649020504358655,32.94242867633777,39,20,0,True
8.5,3,0.8,1.05,0.8247095975009089,181.82113611342982,0.01475,0.012426320403159262,0.14813611604519217,0.15883987784108022,34.110412494493666,39,20,0,True
8.5,3,0.8,1.05,0.8503110361242788,181.79957098113815,0.01475,0.012440362683415135,0.1562554351230668,0.16401956252999417,33.309466219152604,39,20,0,True
8.5,3,0.8,1.05,0.850166769105683,181.79924449613213,0.01475,0.012440288781062138,0.15620930358580332,0.1639906089216789,33.31383437543913,39,20,0,True
8.5,3,0.8,1.05,0.8554797030919349,181.817439463987,0.01475,0.012443006588871559,0.1579094918158262,0.16505615956540623,33.154173076003744,39,20,0,True
8.5,3,0.8,1.05,0.8734065258653978,181.9024711040028,0.01475,0.012451256259913944,0.16369923113643162,0.16863742314868463,32.629711777412645,39,20,0,True
8.5,3,0.8,1.05,0.8443188785749155,181.7927091408244,0.01475,0.012437273535883286,0.1543416795951141,0.1628139698524136,33.492389247327814,39,20,0,True
8.5,3,0.8,1.05,0.8711163311279816,181.89073052394684,0.01475,0.012450295168186232,0.1629544717186749,0.1681801980504058,32.69557373316948,39,20,0,True
8.5,3,0.8,1.05,0.8467946128669643,181.7976742295739,0.01475,0.012438601645298426,0.1551299403854102,0.16331235070987438,33.41664339291791,39,20,0,True
8.5,3,0.8,1.05,0.8525597958795103,181.80723771048596,0.01475,0.01244153080438835,0.15697409459806635,0.16447025249204672,33.24168712751013,39,20,0,True
8.5,3,0.8,1.05,0.8471558901755337,181.79608248025892,0.01475,0.012438763816090312,0.15524626025598298,0.16338557330897077,33.40549973600041,39,20,0,True
8.5,3,0.8,1.05,0.8468744405060858,181.7951635230347,0.01475,0.012438610860018035,0.15515668997808504,0.1633292862332802,33.41406502950095,39,20,0,True
8.5,3,0.8,1.05,0.844326840508595,181.79242578657733,0.01475,0.012437274165714676,0.15434435650536205,0.16281568043767933,33.49212898202247,39,20,0,True
8.5,3,0.8,1.05,0.8524916709847266,181.80777731747824,0.01475,0.012441505394471156,0.1569519197661695,0.16445631776363115,33.24377672409138,39,20,0,True
8.5,3,0.8,1.05,0.8578393583620634,181.82427976550755,0.01475,0.012444145556922175,0.15866806708664957,0.16553080068032877,33.08377030566134,39,20,0,True
8.5,3,0.8,1.05,0.8485031023651605,181.79841634077928,0.01475,0.01243946406968173,0.15567636432131257,0.16365584894671922,33.364460773043625,39,20,0,True
8.5,3,0.8,1.05,0.8548627407151661,181.81600459606543,0.01475,0.012442707816024747,0.1577112670128951,0.16493202926375358,33.17265753264841,39,20,0,True
8.5,3,0.8,1.05,0.8408081981578331,181.78782672622566,0.01475,0.012435355405066694,0.153226217609248,0.16210609658521377,33.60060279822473,39,20,0,True
8.5,3,0.8,1.05,0.8336293677332242,181.79424038881538,0.01475,0.012431410610230625,0.15094983032060513,0.1606559385344635,33.825313467854365,39,20,0,True
8.5,3,0.8,1.05,0.852370982237423,181.80874125534328,0.01475,0.012441460407139395,0.15691263484917212,0.1644316295686385,33.24747981158878,39,20,0,True
8.5,3,0.8,1.05,0.8520947828988105,181.8040970874881,0.01475,0.012441272442996885,0.15682612020916534,0.1643775627317256,33.255593743876354,39,20,0,True
8.5,3,0.8,1.05,0.8618098021474775,181.8421997547287,0.01475,0.012446068167417508,0.15994521097050682,0.16632782926834336,32.966434638899315,39,20,0,True
8.5,3,0.8,1.05,0.849517335857478,181.79880661025044,0.01475,0.012439967352478919,0.15600121434442973,0.16385993525006462,33.33356964862638,39,20,0,True
8.5,3,0.8,1.05,0.8539967901411453,181.81011082756416,0.01475,0.012442236748120452,0.15743516399607752,0.1647592501337857,33.198436626753725,39,20,0,True
8.5,3,0.8,1.05,0.8270281182353713,181.80957310398594,0.01475,0.012427632207358853,0.14886707613878597,0.1593125536497413,34.03553139485657,39,20,0,True
8.5,3,0.8,1.05,0.8227559189921334,181.83008321389687,0.01475,0.012425180544735483,0.14752195734901385,0.15844238776372913,34.17375762406762,39,20,0,True
8.5,3,0.8,1.05,0.8429194144947676,181.79194482526808,0.01475,0.012436532174859273,0.15389597810359024,0.16253120982145822,33.53549267535933,39,20,0,True
8.5,3,0.8,1.05,0.8425201247223975,181.78578150450275,0.01475,0.01243624509113146,0.15377179779021957,0.16245266004603517,33.547495505188905,39,20,0,True
8.5,3,0.8,1.05,0.8492543242780319,181.79765721954004,0.01475,0.012439824459106666,0.15591745501084706,0.16380736980522564,33.341518111991256,39,20,0,True
8.5,3,0.8,1.05,0.841610462735371,181.79048112235625,0.01475,0.012435819110901703,0.15348003398504104,0.16226719949069512,33.57588484508126,39,20,0,True
8.5,3,0.8,1.05,0.8449804012758125,181.79381399937753,0.01475,0.012437629180382756,0.15455222114208939,0.16294744515077153,33.472098770814405,39,20,0,True
8.5,3,0.8,1.05,0.8501704492960809,181.79925459949345,0.01475,0.012440290689733095,0.15621047942960553,0.1639913468616792,33.313723023517475,39,20,0,True
8.5,3,0.8,1.05,0.8556902176578416,181.81814398383136,0.01475,0.012443110684037497,0.15797704942180782,0.16509844689584105,33.14788287406312,39,20,0,True
8.5,3,0.8,1.05,0.8523801050758423,181.80866793740302,0.01475,0.012441463804822467,0.1569156044152382,0.16443349582643854,33.247199841468614,39,20,0,True
8.5,3,0.8,1.05,0.851062177627801,181.8023771526178,0.01475,0.012440759185541534,0.15649518807650697,0.16416995822164474,33.286803338215094,39,20,0,True
8.5,3,0.8,1.05,0.8531231146641156,181.8097781295704,0.01475,0.012441826468303633,0.15715406430681428,0.16458301530657382,33.22479178755856,39,20,0,True
8.5,3,0.8,1.05,0.8617953229726657,181.8421789716963,0.01475,0.012446061874078615,0.15994052230684405,0.16632493433355655,32.96686309618279,39,20,0,True
8.5,3,0.8,1.05,0.8514542466463969,181.80450314929527,0.01475,0.01244097301030071,0.15662007576825737,0.16424824897748913,33.27502367314204,39,20,0,True
8.5,3,0.8,1.05,0.8400122319279678,181.79589293542173,0.01475,0.012435023781332736,0.15296945687602237,0.16194259140950154,33.62574387130205,39,20,0,True
8.5,3,0.8,1.05,0.8477248763251537,181.79975355266436,0.01475,0.012439094059676312,0.15542653220649272,0.16349875517543247,33.38829610307628,39,20,0,True
8.5,3,0.8,1.05,0.8465938892717592,181.79668271907988,0.01475,0.012438488022388613,0.15506624475501674,0.16327233274832503,33.422738276156004,39,20,0,True
8.5,3,0.8,1.05,0.8451061419903667,181.79577282619658,0.01475,0.012437718102010723,0.1545914076136772,0.16297220500075213,33.46833881397323,39,20,0,True
8.5,3,0.8,1.05,0.8600151460930294,181.83382171521635,0.01475,0.012445207054455286,0.15936746865215398,0.16596781117822512,33.019334401106924,39,20,0,True
8.5,3,0.8,1.05,0.8517610310573848,181.8068477125677,0.01475,0.012441148117915784,0.15671749581416472,0.1643092796703219,33.2658494203225,39,20,0,True
8.5,3,0.8,1.05,0.8550236462813436,181.81726344047345,0.01475,0.012442796890987295,0.15776251524475768,0.16496408413062777,33.16788130019348,39,20,0,True
8.5,3,0.8,1.05,0.8534259347291432,181.80749328636327,0.01475,0.012441939499118268,0.1572526512726083,0.16464494159304663,33.21552400399593,39,20,0,True
8.5,3,0.8,1.05,0.8577363394057015,181.82345459461695,0.01475,0.012444089986721307,0.15863517338652822,0.16551025404515202,33.08680890523668,39,20,0,True
8.5,3,0.8,1.05,0.848776309893772,181.79960532092477,0.01475,0.012439613634270956,0.15576330829155877,0.16371043185073963,33.35619073361584,39,20,0,True
8.5,3,0.8,1.05,0.8537443859616791,181.81199857395947,0.01475,0.012442143207833975,0.15735295001600366,0.16470762301203426,33.20615090614877,39,20,0,True
8.5,3,0.8,1.05,0.851148705373689,181.8015738000594,0.01475,0.012440790718886631,0.15652337101899805,0.16418768508525333,33.28413507722783,39,20,0,True
8.5,3,0.8,1.05,0.8489090099297529,181.80159120311532,0.01475,0.0124397035269474,0.1558048573689386,0.16373644995874315,33.35225075299296,39,20,0,True
8.5,3,0.8,1.05,0.8521576246539933,181.8085709126612,0.01475,0.012441357497916411,0.1568441206005185,0.16438865336703432,33.25392887489896,39,20,0,True
8.5,3,0.8,1.05,0.8464786130186643,181.7923519824448,0.01475,0.012438376167752455,0.15503149936041521,0.16325067074152447,33.42603883709829,39,20,0,True
8.5,3,0.8,1.05,0.8539088217392543,181.81076919089534,0.01475,0.012442204195097624,0.15740650796938552,0.1647412559332156,33.20112477893286,39,20,0,True
8.5,3,0.8,1.05,0.8458226704529126,181.7976181150514,0.01475,0.012438107918940941,0.1548193261156232,0.16311661403178146,33.446433890962105,39,20,0,True
8.5,3,0.8,1.05,0.8546044280112909,181.8146968557671,0.01475,0.012442573322282418,0.15762865865365613,0.16488032118946466,33.180366370389294,39,20,0,True
8.5,3,0.8,1.05,0.8429072524420724,181.79219653193465,0.01475,0.012436528873938738,0.15389198270163326,0.16252866277381914,33.53588168083185,39,21,0,True
8.5,3,0.8,1.05,0.8377859660066775,181.78807279439195,0.01475,0.012433701250257797,0.15226699763595042,0.16149627745046458,33.69465182209835,39,21,0,True
8.5,3,0.8,1.05,0.8535719974235314,181.80639754061676,0.01475,0.012441993897156447,0.1573002110473065,0.16467481234800424,33.211056300225074,39,21,0,True
8.5,3,0.8,1.05,0.8473937258373764,181.79854949817226,0.01475,0.012438913610094662,0.15532114667874017,0.1634325513976761,33.39835592270913,39,21,0,True
8.5,3,0.8,1.05,0.8301929493796567,181.80119862519126,0.01475,0.012429463079125973,0.14986429030092727,0.15995630018291354,33.934319469640954,39,21,0,True
8.5,3,0.8,1.05,0.83491984197638,181.79162477789592,0.01475,0.012432123995244458,0.15135849007818106,0.16091778632891504,33.784585289051385,39,21,0,True
8.5,3,0.8,1.05,0.8294967227706547,181.80176528624605,0.01475,0.012429049632207652,0.14964522888486192,0.15981501894414493,33.95645665715741,39,21,0,True
8.5,3,0.8,1.05,0.842943198906584,181.79453390499867,0.01475,0.012436576698229708,0.15390230300492933,0.16253510908652946,33.53489717401777,39,21,0,True
8.5,3,0.8,1.05,0.8283978307209132,181.8106063247524,0.01475,0.01242848931160002,0.14929606998088013,0.15958940102495306,33.99189632278332,39,21,0,True
8.5,3,0.8,1.05,0.8350129216862128,181.7927135901475,0.01475,0.012432190843865952,0.15138737983693312,0.16093614120851596,33.781720997271876,39,21,0,True
8.5,3,0.8,1.05,0.84022191579879,181.79159980955438,0.01475,0.01243508472658736,0.15303811727516087,0.16198641420147536,33.619000139220766,39,21,0,True
8.5,3,0.8,1.05,0.8319476296309146,181.79943024652962,0.01475,0.012430488224188912,0.1504172509851053,0.16031274479079163,33.87865587967232,39,21,0,True
8.5,3,0.8,1.05,0.833487215529839,181.79360765692957,0.01475,0.012431320061514931,0.15090528448007268,0.16062728963431672,33.82975694498266,39,21,0,True
8.5,3,0.8,1.05,0.8397853180440593,181.79124767371056,0.01475,0.012434842779501945,0.15289963363239661,0.16189841904176647,33.63254540722979,39,21,0,True
8.5,3,0.8,1.05,0.8414109864453146,181.79260082626038,0.01475,0.01243573851073432,0.1534155671412308,0.16222616294945352,33.58217601244571,39,21,0,True
8.5,3,0.8,1.05,0.845610816472288,181.79492516020312,0.01475,0.012437966438439684,0.15475296416435705,0.16307466860785633,33.45279212808461,39,21,0,True
8.5,3,0.8,1.05,0.8366216002810093,181.79605780535965,0.01475,0.012433147087632861,0.1518944700966781,0.16125887654553875,33.731473797150066,39,21,0,True
8.5,3,0.8,1.05,0.8437300228218114,181.79148654540217,0.01475,0.012436951859517965,0.15415450008735437,0.1626952822805577,33.51046201073327,39,21,0,True
8.5,3,0.8,1.05,0.8370254472284822,181.79212496352025,0.01475,0.01243332584286386,0.15202418145711827,0.16134160218584753,33.71862929940753,39,21,0,True
8.5,3,0.8,1.05,0.828742454993807,181.80524630508648,0.01475,0.012428633873491524,0.14940673931655388,0.15966103455630862,33.9806325194623,39,21,0,True
8.5,3,0.8,1.05,0.8295369741495011,181.80166690182307,0.01475,0.012429072803017352,0.14965792013380386,0.15982320805119027,33.95517236098842,39,21,0,True
8.5,3,0.8,1.05,0.8323579355720947,181.79484092293197,0.01475,0.012430673782946483,0.15054867299111935,0.16039760079348478,33.86544383902006,39,21,0,True
8.5,3,0.8,1.05,0.8444014001613462,181.78958571194738,0.01475,0.012437277739403707,0.15436951611277844,0.16283176541409802,33.48968194462559,39,21,0,True
8.5,3,0.8,1.05,0.8231095655277739,181.82618791815892,0.01475,0.012425360481824145,0.14763408935002148,0.15851508190164584,34.16214713414518,39,21,0,True
8.5,3,0.8,1.05,0.8269773998564135,181.8098051254942,0.01475,0.012427603592693499,0.14885107653879778,0.15930221360297453,34.03716431253644,39,21,0,True
8.5,3,0.8,1.05,0.8310659537255741,181.8030785266574,0.01475,0.012430009441956737,0.15013797644400592,0.16013263713625525,33.90674865002349,39,21,0,True
8.5,3,0.8,1.05,0.8157933099698153,181.86594373602418,0.01475,0.012420983671328266,0.14534185979701683,0.1570284494491279,34.40191209396699,39,21,0,True
8.5,3,0.8,1.05,0.858768647355841,181.83019578124754,0.01475,0.012444625065671355,0.1589656867582771,0.1657167315165415,33.05631043779245,39,21,0,True
8.5,3,0.8,1.05,0.8350926453957292,181.79284967610974,0.01475,0.012432238225953542,0.15141250502621714,0.1609521388398527,33.77922513554727,39,21,0,True
8.5,3,0.8,1.05,0.8368521232133601,181.7917754033101,0.01475,0.01243322407745232,0.15196947663589758,0.16130680262196734,33.72403075117557,39,21,0,True
8.5,3,0.8,1.05,0.8402241458446186,181.79165258763214,0.01475,0.012435086589248981,0.15303880028112124,0.16198684590354104,33.61893372583124,39,21,0,True
8.5,3,0.8,1.05,0.840977692824026,181.79162417452375,0.01475,0.012435493678144437,0.15327826756049348,0.16213899497568646,33.59555088375736,39,21,0,True
8.5,3,0.8,1.05,0.8357475455985067,181.79188437215032,0.01475,0.012432600318089055,0.15161996840097744,0.1610843030773629,33.758626238052464,39,21,0,True
8.5,3,0.8,1.05,0.8407322193012293,181.78845008408143,0.01475,0.012435322100391463,0.1532017696687611,0.16209053702229306,33.60299291719041,39,21,0,True
8.5,3,0.8,1.05,0.8473438790667372,181.79826011735307,0.01475,0.012438885056938956,0.15530533923484854,0.16342262508428562,33.3998650141103,39,21,0,True
8.5,3,0.8,1.05,0.8453545085706183,181.79681173144914,0.01475,0.01243785849549029,0.15467019740284826,0.16302211353089532,33.460763609074256,39,21,0,True
8.5,3,0.8,1.05,0.8468474450686362,181.79361152338728,0.01475,0.01243857807096833,0.15514881281466422,0.16332440146534508,33.41480865547948,39,21,0,True
8.5,3,0.8,1.05,0.8476921545964394,181.7971496781368,0.01475,0.012439045541883416,0.1554173291561596,0.1634930860161362,33.38915719804307,39,21,0,True
8.5,3,0.8,1.05,0.8462121350732311,181.7974927510613,0.01475,0.012438304587563261,0.15494382616684518,0.16319528961911617,33.43448139502736,39,21,0,True
8.5,3,0.8,1.05,0.8435493180193173,181.79401236462763,0.01475,0.012436888582114522,0.15409567824727788,0.16265784811678344,33.51616809947405,39,21,0,True
8.5,3,0.8,1.05,0.8420676555937187,181.79313864722084,0.01475,0.012436095832595494,0.15362421831158754,0.1623586394234725,33.561878909960505,39,21,0,True
8.5,3,0.8,1.05,0.840101091642872,181.79589563830024,0.01475,0.012435072154458545,0.15299767723268126,0.1619605258549026,33.62298352526964,39,21,0,True
8.5,3,0.8,1.05,0.8445740084988275,181.79391726506046,0.01475,0.012437420670353815,0.15442248419206148,0.16286516664955067,33.484602223494285,39,21,0,True
8.5,3,0.8,1.05,0.8415090450699201,181.78632106926094,0.01475,0.01243571345077405,0.1534497791124963,0.16224816923134575,33.57880187802258,39,21,0,True
8.5,3,0.8,1.05,0.8470919872875685,181.7977256527401,0.01475,0.012438752015297348,0.15522501896712504,0.16337214249935278,33.40754293992957,39,21,0,True
8.5,3,0.8,1.05,0.8269834983673747,181.80974564913902,0.01475,0.0124276066446722,0.14885301509465432,0.1593034677842472,34.03696623787966,39,21,0,True
8.5,3,0.8,1.05,0.8321856103401375,181.79688608927452,0.01475,0.012430597423622321,0.15049341402514438,0.16036191827431662,33.870997752295686,39,21,0,True
8.5,3,0.8,1.05,0.8561762636952651,181.81560767166613,0.01475,0.012443298556620583,0.15813514824201053,0.16519758433762782,33.133149944414,39,21,0,True
8.5,3,0.8,1.05,0.8241939209032184,181.81713689424976,0.01475,0.012425943287681067,0.14797684037071177,0.15873709366036767,34.1267594904573,39,21,0,True
8.5,3,0.8,1.05,0.8426800213528473,181.7913574194309,0.01475,0.012436398562719114,0.153820019610595,0.16248302293801942,33.54285440070552,39,21,0,True
8.5,3,0.8,1.05,0.8081864207041431,181.91944707837644,0.01475,0.012416246391200522,0.142972448592423,0.15547564886320808,34.65593262413249,39,21,0,True
8.5,3,0.8,1.05,0.8447559492667818,181.79200749175544,0.01475,0.012437491104545097,0.15448146349823683,0.16290265611055363,33.47890344251204,39,21,0,True
8.5,3,0.8,1.05,0.8381266822520702,181.7929212275369,0.01475,0.012433950644528973,0.15237265620741577,0.16156327668351728,33.68428120586622,39,21,0,True
8.5,3,0.8,1.05,0.8293049397757833,181.80236188752167,0.01475,0.01242894067814102,0.14958470706644583,0.15977595935560782,33.96258432343497,39,21,0,True
8.5,3,0.8,1.05,0.8373145918798989,181.79337250653336,0.01475,0.01243350340104831,0.15211514386191818,0.1613994310759721,33.70965892486562,39,21,0,True
8.5,3,0.8,1.05,0.8430293840689327,181.79206406616922,0.01475,0.012436591576209908,0.15393094966679094,0.16255340017336858,33.532104146117796,39,21,0,True
8.5,3,0.8,1.05,0.8317109224301952,181.79976001829175,0.01475,0.012430352114563807,0.15034255426108142,0.16026460688868133,33.886157642147005,39,21,0,True
8.5,3,0.8,1.05,0.8316124353617216,181.8006157384872,0.01475,0.012430304254098285,0.15031114130519332,0.16024433037029173,33.88931897078331,39,21,0,True
8.5,3,0.8,1.05,0.8275352581684694,181.8082858959928,0.01475,0.012427930239273166,0.14902662263876176,0.15941560696468282,34.01926957003855,39,22,0,True
8.5,3,0.8,1.05,0.8299586731157305,181.80113944388762,0.01475,0.01242932119183899,0.14979067718917835,0.1599088399014749,33.94175124914815,39,22,0,True
8.5,3,0.8,1.05,0.8313946883417019,181.80236809382248,0.01475,0.012430196512512464,0.1502417674621651,0.16019955357907317,33.89630321766601,39,22,0,True
8.5,3,0.8,1.05,0.8502576458678694,181.79947353941847,0.01475,0.012440335636936393,0.15623835055588617,0.16400883888007492,33.311083873179136,39,22,0,True
8.5,3,0.8,1.05,0.8290962932163497,181.8032682693152,0.01475,0.012428825072556651,0.14951875658297528,0.15973338138521745,33.96926764381264,39,22,0,True
8.5,3,0.8,1.05,0.8381009358638356,181.79433588982647,0.01475,0.012433953819395127,0.15236381884352646,0.16155759352000926,33.68516052352451,39,22,0,True
8.5,3,0.8,1.05,0.8247474962320213,181.82175221847885,0.01475,0.012426352030394034,0.14814767505779428,0.15884732237367458,34.109229392196475,39,22,0,True
8.5,3,0.8,1.05,0.8194003086843162,181.84018592964443,0.01475,0.012423105203835858,0.14647251691089924,0.15776259718679866,34.28289421491389,39,22,0,True
8.5,3,0.8,1.05,0.832160556909608,181.7971687102407,0.01475,0.012430586125904083,0.1504853880432562,0.16035673603675593,33.871804579113146,39,22,0,True
8.5,3,0.8,1.05,0.8235808836773089,181.8215708324215,0.01475,0.012425606228522958,0.1477833340480857,0.15861179446130602,34.14671839244261,39,22,0,True
8.5,3,0.8,1.05,0.8354351216519131,181.79225510507808,0.01475,0.012432426782266442,0.15152102161891484,0.16102127789038886,33.7684446498143,39,22,0,True
8.5,3,0.8,1.05,0.8302053741088546,181.8012079661621,0.01475,0.012429470671572759,0.14986819191710796,0.1599588152489423,33.93392576977525,39,22,0,True
8.5,3,0.8,1.05,0.8332513674606558,181.7995533328001,0.01475,0.01243125592644678,0.15082807804654452,0.16057732445967005,33.83751069222075,39,22,0,True
8.5,3,0.8,1.05,0.8304482973128959,181.80150462240903,0.01475,0.012429620340707688,0.14994443109585948,0.16000795292230638,33.92623660845195,39,22,0,True
8.5,3,0.8,1.05,0.8349826608216998,181.7929819141551,0.01475,0.012432176799793299,0.1513776914410255,0.160929958375952,33.78268575319648,39,22,0,True
8.5,3,0.8,1.05,0.8404459032858641,181.79093299087626,0.01475,0.012435197951683493,0.15310959486070616,0.162031863071036,33.61201035629714,39,22,0,True
8.5,3,0.8,1.05,0.8271151280567514,181.81177969470878,0.01475,0.012427713394511892,0.1488933080494835,0.15932939545567265,34.03287219952523,39,22,0,True
8.5,3,0.8,1.05,0.8386013299967429,181.79271110428877,0.01475,0.012434210916471773,0.1525232398228557,0.16165905733311478,33.66947181240299,39,22,0,True
8.5,3,0.8,1.05,0.8302841345025526,181.80128081563043,0.01475,0.012429518947281417,0.14989291902018925,0.15997475395771546,33.93143108957297,39,22,0,True
8.5,3,0.8,1.05,0.8303512228818484,181.80136087241635,0.01475,0.012429560262097586,0.1499139747648574,0.15998832494249812,33.929307421906316,39,22,0,True
8.5,3,0.8,1.05,0.8319166860330904,181.79973887729852,0.01475,0.01243047372716775,0.15040735975659697,0.16030635923869926,33.879650717955556,39,22,0,True
8.5,3,0.8,1.05,0.8254179372070964,181.8148188560006,0.01475,0.012426690196680032,0.14836053944731392,0.15898517073273583,34.087343909744405,39,22,0,True
8.5,3,0.8,1.05,0.8389294211934617,181.79490352916034,0.01475,0.012434418925873854,0.1526262506158858,0.1617244643168564,33.659369673880036,39,22,0,True
8.5,3,0.8,1.05,0.8436424100649398,181.7876639223603,0.01475,0.012436858830058484,0.15412842075662306,0.16267890588482534,33.51295791449726,39,22,0,True
8.5,3,0.8,1.05,0.8296986630140095,181.8009293967626,0.01475,0.012429161559602815,0.14970906697762812,0.15985622407111316,33.94999590714089,39,22,0,True
8.5,3,0.8,1.05,0.8300685333069282,181.80113881170442,0.01475,0.012429387417601292,0.14982520803607313,0.15993110468012628,33.93826422615607,39,22,0,True
8.5,3,0.8,1.05,0.8410704346588181,181.79154415310916,0.01475,0.012435542604183926,0.1533077892036824,0.16215775177773806,33.5926715627726,39,22,0,True
8.5,3,0.8,1.05,0.850999399877437,181.8031053163854,0.01475,0.012440738076538794,0.15647467099362444,0.16415704621404473,33.28874725740657,39,22,0,True
8.5,3,0.8,1.05,0.833001685611911,181.80006338926935,0.01475,0.0124311162632565,0.1507491041312148,0.16052645271504817,33.845410472365764,39,22,0,True
8.5,3,0.8,1.05,0.8351569742598705,181.7956116310083,0.01475,0.012432309172965892,0.15143151839450647,0.16096412917710645,33.777354823561026,39,22,0,True
8.5,3,0.8,1.05,0.8354492139962667,181.79273121556238,0.01475,0.012432440707131025,0.151525249541896,0.16102394972263256,33.76802824731108,39,22,0,True
8.5,3,0.8,1.05,0.8368094050549764,181.7943449706454,0.01475,0.012433231773315484,0.15195472899798343,0.16129730458699096,33.725505439007634,39,22,0,True
8.5,3,0.8,1.05,0.8332803158183223,181.7996854881687,0.01475,0.012431274456747,0.1508371450691779,0.16058315638808807,33.8366054076432,39,22,0,True
8.5,3,0.8,1.05,0.8341958550210159,181.79857016859415,0.01475,0.01243179260844218,0.15112655503805492,0.16076949840995788,33.80771699921468,39,22,0,True
8.5,3,0.8,1.05,0.8266109743910955,181.8113921256423,0.01475,0.012427395306143472,0.14873555140341,0.15922755011924392,34.0489621106926,39,22,0,True
8.5,3,0.8,1.05,0.8355642821121485,181.79635516654068,0.01475,0.01243255110549025,0.15155989888300916,0.16104585771555485,33.76461447446219,39,22,0,True
8.5,3,0.8,1.05,0.8356518685626418,181.7917756457696,0.01475,0.012432544484681942,0.15158976868839485,0.1610650775857574,33.76162040533794,39,22,0,True
8.5,3,0.8,1.05,0.8373753819904163,181.7947606404531,0.01475,0.012433554573502991,0.1521337335634684,0.16141119894999778,33.70783435635464,39,22,0,True
8.5,3,0.8,1.05,0.8240494359510742,181.8201969355416,0.01475,0.012425888896825017,0.14793028534355895,0.15870686707211717,34.13157115412545,39,22,0,True
8.5,3,0.8,1.05,0.8367701618812172,181.78962594539618,0.01475,0.012433151399607196,0.15194455867313414,0.16129103743357304,33.72647859576243,39,22,0,True
8.5,3,0.8,1.05,0.8412122100675538,181.79172911423726,0.01475,0.01243562109309181,0.15335277639759248,0.16218631962713176,33.58828755414045,39,22,0,True
8.5,3,0.8,1.05,0.8325010164197886,181.80002196857797,0.01475,0.012430821969581096,0.1505913090276203,0.1604248366822556,33.86120642110351,39,22,0,True
8.5,3,0.8,1.05,0.838326181717888,181.79203052269875,0.01475,0.012434050290710262,0.1524363232040011,0.1616038105372414,33.678011623510294,39,22,0,True
8.5,3,0.8,1.05,0.8393415054401271,181.7874350374338,0.01475,0.012434553020639182,0.15276058189357905,0.16181019749885148,33.64614157253968,39,22,0,True
8.5,3,0.8,1.05,0.8288618577564023,181.80463953132025,0.01475,0.012428699225378767,0.14944450632903036,0.15968542522889423,33.97679977408935,39,22,0,True
8.5,3,0.8,1.05,0.8322006036699944,181.79671521725962,0.01475,0.01243060416158188,0.15049821813279285,0.160365020250058,33.87051483007201,39,22,0,True
8.5,3,0.8,1.05,0.8304549586629157,181.80151565490385,0.01475,0.012429624475750517,0.14994652060310937,0.16000929945053535,33.9260259728444,39,22,0,True
8.5,3,0.8,1.05,0.8209590105131528,181.8320554219834,0.01475,0.01242403510256134,0.14696110652147523,0.15807935787894978,34.23191318137354,39,22,0,True
8.5,3,0.8,1.05,0.8177442668872023,181.85190325875837,0.01475,0.012422139407144324,0.14595290545059492,0.15742535746928726,34.337416484115444,39,22,0,True
8.5,3,0.8,1.05,0.8350876222121826,181.79262978602276,0.01475,0.012432232632576916,0.1514110223733765,0.160951204017365,33.77937096651504,39,22,0,True
8.5,3,0.8,1.05,0.797073894528962,182.02537690479951,0.01475,0.012409048597245252,0.13953491540034985,0.15319667492879493,35.0362022317013,39,22,0,True
8.5,3,0.8,1.05,0.8299509006209922,181.8011414746991,0.01475,0.012429316528253598,0.14978823338241548,0.15990726405798406,33.941998091384576,39,22,0,True
8.5,3,0.8,1.05,0.833346163964206,181.79296922136157,0.01475,0.012431229965842875,0.15086109490925126,0.16059886850884983,33.83416678328664,39,22,0,True
8.5,3,0.8,1.05,0.8211414637964758,181.8310775278491,0.01475,0.012424142697831727,0.1470183649354363,0.158116466295848,34.22595529289785,39,22,0,True
8.5,3,0.8,1.05,0.8327388729987728,181.7966384645541,0.01475,0.012430919959777988,0.1506678743000413,0.16047429369957023,33.85351576016628,39,22,0,True
8.5,3,0.8,1.05,0.8281539760394472,181.81052170010216,0.01475,0.012428338753336323,0.1492196035714657,0.15954006230621037,33.99966080675417,39,22,0,True
8.5,3,0.8,1.05,0.8334454253672617,181.79341941957463,0.01475,0.012431293391811794,0.15089219108763857,0.16061886858901003,33.83106338379646,39,22,0,True
8.5,3,0.8,1.05,0.8295322075725633,181.80167808411773,0.01475,0.012429070053843357,0.14965641742554153,0.15982223844716567,33.955324416386766,39,22,0,True
8.5,3,0.8,1.05,0.8360771522288675,181.79631351135825,0.01475,0.012432842291989304,0.15172209473814421,0.1611491348054839,33.74853510935966,39,23,0,True
8.5,3,0.8,1.05,0.8449831579278708,181.7937888842173,0.01475,0.012437630289760446,0.15455311320486395,0.1629480119316602,33.472012687336395,39,23,0,True
8.5,3,0.8,1.05,0.8248874022087881,181.81740033849263,0.01475,0.012426386985211596,0.14819343424620635,0.15887708029993652,34.10450139417129,39,23,0,True
8.5,3,0.8,1.05,0.8397066151452804,181.78974542731152,0.01475,0.012434781274731738,0.15287536717110115,0.16188306127678806,33.634911095991576,39,23,0,True
8.5,3,0.8,1.05,0.8416898923421513,181.7877405565661,0.01475,0.0124358277108543,0.15350662200949225,0.16228420576125868,33.573278684592914,39,23,0,True
8.5,3,0.8,1.05,0.8431002466717947,181.78736475915244,0.01475,0.012436570793241467,0.15395579429069609,0.16256937672729974,33.52966510172129,39,23,0,True
8.5,3,0.8,1.05,0.8494250383978298,181.79979200311251,0.01475,0.012439934425786761,0.15597113928556508,0.16384099867500648,33.33643242448238,39,23,0,True
8.5,3,0.8,1.05,0.8568699567946637,181.82210331228202,0.01475,0.012443689404839677,0.1583558996485569,0.1653355101495636,33.1126844557475,39,23,0,True
8.5,3,0.8,1.05,0.8410932866215227,181.79154904963985,0.01475,0.012435554956091327,0.15331505203901488,0.1621623650689581,33.59196349588879,39,23,0,True
8.5,3,0.8,1.05,0.8276309440422354,181.8075414912989,0.01475,0.012427980113477994,0.14905696987773667,0.1594352274179808,34.0161760383231,39,23,0,True
8.5,3,0.8,1.05,0.8354646836271035,181.79324603555216,0.01475,0.012432455894993276,0.15152989445506887,0.16102688540910026,33.76757074071252,39,23,0,True
8.5,3,0.8,1.05,0.8520327831137897,181.80746440136593,0.01475,0.012441284714026174,0.156804533377747,0.164363865762135,33.25765019890884,39,23,0,True
8.5,3,0.8,1.05,0.8446718371400247,181.7896475857918,0.01475,0.012437418489737943,0.1544557674843418,0.1628864657364217,33.481364196499975,39,23,0,True
8.5,3,0.8,1.05,0.8356857250142437,181.79111000090754,0.01475,0.01243255555144,0.15160078986233103,0.16107212452635758,33.76052282849575,39,23,0,True
8.5,3,0.8,1.05,0.8396224374542637,181.7882148538657,0.01475,0.012434716392777618,0.15284937812644767,0.16186660925578641,33.6374458829067,39,23,0,True
8.5,3,0.8,1.05,0.8349505152617372,181.79229868010873,0.01475,0.012432149920384853,0.15136786026928148,0.16092372578156489,33.78365835550002,39,23,0,True
8.5,3,0.8,1.05,0.8442689793462612,181.79425580978767,0.01475,0.012437266747937421,0.15432501438061313,0.16280333010355094,33.494008216526964,39,23,0,True
8.5,3,0.8,1.05,0.8379765666756464,181.7908293217088,0.01475,0.01243384139432445,0.15232607882801472,0.16153374077681681,33.68885183104678,39,23,0,True
8.5,3,0.8,1.05,0.8337723588865149,181.79341017016375,0.01475,0.012431483464500919,0.15099534081006552,0.16068527034498753,33.820765840637996,39,23,0,True
8.5,3,0.8,1.05,0.8428997146391413,181.79269649593974,0.01475,0.012436531077530098,0.15388934029773235,0.16252696342690545,33.536141226019794,39,23,0,True
8.5,3,0.8,1.05,0.8351806165582374,181.79660120953423,0.01475,0.012432334927951767,0.15143851874059083,0.16096854488499676,33.77666611603704,39,23,0,True
8.5,3,0.8,1.05,0.8513866204280811,181.8044169495054,0.01475,0.012440939660956033,0.15659839323529778,0.16423464463536733,33.27706971352942,39,23,0,True
8.5,3,0.8,1.05,0.8367699551349903,181.78961886851215,0.01475,0.012433151195675635,0.15194449659942774,0.16129099823394913,33.726484682896036,39,23,0,True
8.5,3,0.8,1.05,0.8425001043143071,181.7867083382221,0.01475,0.012436245942030926,0.1537649760522719,0.16244828838962208,33.54816388731862,39,23,0,True
8.5,3,0.8,1.05,0.8368155577591252,181.79397178273473,0.01475,0.01243323062842848,0.15195685462092756,0.16129867371034712,33.72529285396566,39,23,0,True
8.5,3,0.8,1.05,0.8411846559097086,181.79166419952352,0.01475,0.012435605489377702,0.15334404647843955,0.16218077735880435,33.58913793707911,39,23,0,True
8.5,3,0.8,1.05,0.851859295934519,181.80826531714888,0.01475,0.012441212328875049,0.1567483779880676,0.1643285940066359,33.262947592835104,39,23,0,True
8.5,3,0.8,1.05,0.8102307383656732,181.90163157888685,0.01475,0.012417510973811073,0.1436088064227003,0.15589625905158136,34.58706363338923,39,23,0,True
8.5,3,0.8,1.05,0.8366913138208876,181.79141767844783,0.01475,0.012433129098369867,0.15191874703767785,0.1612745309255458,33.72904210180941,39,23,0,True
8.5,3,0.8,1.05,0.8386929483536173,181.79071045956624,0.01475,0.012434236785821309,0.15255325263516595,0.16167823078424032,33.66650954459327,39,23,0,True
8.5,3,0.8,1.05,0.8362613262234205,181.79560255380747,0.01475,0.012432937884743213,0.151780692397523,0.16118647087334578,33.74272771594084,39,23,0,True
8.5,3,0.8,1.05,0.8348328625222388,181.7944186562059,0.01475,0.012432108538267999,0.151329684721895,0.16089931611346298,33.78746829697431,39,23,0,True
8.5,3,0.8,1.05,0.8415586874143212,181.79228965084582,0.01475,0.012435813757283943,0.153462693493414,0.16225610688842423,33.577585072577804,39,23,0,True
8.5,3,0.8,1.05,0.8341483354337048,181.79236612717108,0.01475,0.012431688528768529,0.15111449864622303,0.160762010293468,33.80887648165353,39,23,0,True
8.5,3,0.8,1.05,0.8454608086784285,181.79198393308573,0.01475,0.012437853314231199,0.1547064852153482,0.1630453354195282,33.457240659884185,39,23,0,True
8.5,3,0.8,1.05,0.8332551661725706,181.79957068118446,0.01475,0.01243125835842224,0.150829267837,0.16057808973951246,33.837391894532324,39,23,0,True
8.5,3,0.8,1.05,0.8306919546608857,181.8020004509282,0.01475,0.012429772567782273,0.15002082711446976,0.1600571777740432,33.91853891898321,39,23,0,True
8.5,3,0.8,1.05,0.8354044307252136,181.7911951749315,0.01475,0.012432396167632934,0.15151182500503244,0.16101546709136313,33.76935030919729,39,23,0,True
8.5,3,0.8,1.05,0.8383205673579753,181.7945884900811,0.01475,0.012434078772155792,0.15243331898351772,0.1616017877225789,33.67832442180965,39,23,0,True
8.5,3,0.8,1.05,0.8351800659503588,181.79657832568714,0.01475,0.012432334330185516,0.1514383556299197,0.16096844199039143,33.7766821637976,39,23,0,True
8.5,3,0.8,1.05,0.8337555542918714,181.7937133046708,0.01475,0.012431477448812138,0.15098989469746593,0.16068175151399042,33.821311308492376,39,23,0,True
8.5,3,0.8,1.05,0.8459209140266485,181.79587238513673,0.01475,0.012438136423279275,0.15485155955430485,0.16313712325863555,33.44332631622644,39,23,0,True
8.5,3,0.8,1.05,0.834644156684996,181.7922852278618,0.01475,0.01243197366631656,0.15127109277857687,0.1608620829868074,33.793282189874084,39,23,0,True
8.5,3,0.8,1.05,0.8373590782554792,181.79380309262052,0.01475,0.012433533623840833,0.15212902732703917,0.1614082462653715,33.7082921328092,39,23,0,True
8.5,3,0.8,1.05,0.833958258472818,181.7967714342521,0.01475,0.012431632835102008,0.15105241288783142,0.16072185891659235,33.81509562801169,39,23,0,True
8.5,3,0.8,1.05,0.8470623499676778,181.79613278920414,0.01475,0.01243871742685574,0.15521631517942958,0.16336674026202172,33.4083648753198,39,23,0,True
8.5,3,0.8,1.05,0.8324891326130492,181.80018022327917,0.01475,0.012430816931786801,0.15058748929825289,0.16042236966712742,33.86159018065629,39,23,0,True
8.5,3,0.8,1.05,0.8141324015248289,181.87555204338068,0.01475,0.012419953098282189,0.14482375845609993,0.15669174146591694,34.456904690627695,39,23,0,True
8.5,3,0.8,1.05,0.8310302934399135,181.80296213233143,0.01475,0.012429986730510871,0.15012681148164192,0.16012544664547496,33.90787162246913,39,23,0,True
8.5,3,0.8,1.05,0.8366967659905014,181.79174197076082,0.01475,0.012433136176233612,0.15192031797639535,0.16127551666160655,33.72888899827465,39,23,0,True
8.5,3,0.8,1.05,0.8466828954445902,181.79472519824003,0.01475,0.012438508805940258,0.15509565430792677,0.1632909180899087,33.41990725549443,39,23,0,True
8.5,3,0.8,1.05,0.8367327949440061,181.7869636957294,0.01475,0.012433097471971011,0.15193400109234462,0.16128443397719694,33.72750406222603,39,23,0,True
8.5,3,0.8,1.05,0.8457913876726869,181.79609372383808,0.01475,0.012438073119101589,0.1548100735926779,0.16311081754556261,33.44731233244692,39,23,0,True
8.5,3,0.8,1.05,0.8494821377575198,181.79697837867292,0.01475,0.012439927553237983,0.15599082343316945,0.16385349037100927,33.33454388578236,39,23,0,True
8.5,3,0.8,1.05,0.8352449799239585,181.79221681940822,0.01475,0.012432317627428035,0.15146094351202352,0.16098301761405348,33.77440912686959,39,23,0,True
8.5,3,0.8,1.05,0.837503629348814,181.79303033917083,0.01475,0.012433604926336187,0.1521751813149535,0.16143764640374475,33.70373482417248,39,23,0,True
8.5,3,0.8,1.05,0.8392325171095902,181.79488427623863,0.01475,0.012434585269758285,0.15272242347768433,0.1617856114509522,33.649933491703834,39,23,0,True
8.5,3,0.8,1.05,0.8343009874246505,181.79524277813954,0.01475,0.012431812294080781,0.15116132457661594,0.16079201965325274,33.804230413438944,39,23,0,True
8.5,3,0.8,1.05,0.8418992691497098,181.79178638955594,0.01475,0.012435989445376406,0.1535712871916199,0.16232509008492904,33.567015705346094,39,24,0,True
8.5,3,0.8,1.05,0.8476462473028202,181.7936620542306,0.01475,0.01243897951079359,0.1554043374977932,0.16348507447754485,33.39037419044542,39,24,0,True
8.5,3,0.8,1.05,0.8396129974071533,181.788048423597,0.01475,0.012434709178446047,0.1528464612271496,0.1618647624752492,33.637730453992134,39,24,0,True
8.5,3,0.8,1.05,0.830180748219159,181.80119003454493,0.01475,0.012429455629598001,0.14986045866461437,0.15995383018860115,33.9347061271533,39,24,0,True
8.5,3,0.8,1.05,0.8473146529392929,181.79775291898116,0.01475,0.012438864137018526,0.15529623588403516,0.1634169237429077,33.40073187580192,39,24,0,True
8.5,3,0.8,1.05,0.8445792960589644,181.79405982677542,0.01475,0.012437425167828097,0.1544241021034808,0.1628661863884639,33.48444717520159,39,24,0,True
8.5,3,0.8,1.05,0.8588249914148178,181.83046635278282,0.01475,0.012444652887326829,0.15898378432554394,0.16572803909486233,33.05464258681552,39,24,0,True
8.5,3,0.8,1.05,0.8644108670870507,181.85254479321424,0.01475,0.012447259144638123,0.16078508313495496,0.16684576107837895,32.890040574088374,39,24,0,True
8.5,3,0.8,1.05,0.8450470958723899,181.79373922033633,0.01475,0.01243766259322033,0.1545735459598847,0.16296097038056923,33.470044716633794,39,24,0,True
8.5,3,0.8,1.05,0.8472262781542611,181.79762374197733,0.01475,0.012438818208365997,0.15526802603759204,0.1633991912065923,33.40342844403271,39,24,0,True
8.5,3,0.8,1.05,0.8367282033501121,181.7988569903216,0.01475,0.012433241758712795,0.15192687435563468,0.16127937946751145,33.72828905075007,39,24,0,True
8.5,3,0.8,1.05,0.8364546311675988,181.79143129269303,0.01475,0.01243299570843427,0.15184384046298746,0.16122685118503322,33.73645010147168,39,24,0,True
8.5,3,0.8,1.05,0.8365389714635929,181.79457296185754,0.01475,0.012433082128830021,0.15186902985443898,0.161242748224015,33.73397964975299,39,24,0,True
8.5,3,0.8,1.05,0.8402689176470508,181.78942257958016,0.01475,0.012435083343046573,0.15305409376642257,0.16199666262114726,33.61742361782938,39,24,0,True
8.5,3,0.8,1.05,0.837495372434477,181.79205195091475,0.01475,0.012433588228989573,0.15217303335288157,0.16143632252781046,33.70393999909198,39,24,0,True
8.5,3,0.8,1.05,0.8414556311660041,181.78592739541347,0.01475,0.012435679983053359,0.15343297996786132,0.16223751741045941,33.58043495482861,39,24,0,True
8.5,3,0.8,1.05,0.8447631072001341,181.7922105534017,0.01475,0.012437497309757049,0.15448364923191724,0.1629040331494078,33.47869417258354,39,24,0,True
8.5,3,0.8,1.05,0.8361849873217565,181.7980785580083,0.01475,0.012432925220795218,0.15175536319266386,0.16117023809775877,33.74525226381924,39,24,0,True
8.5,3,0.8,1.05,0.8431355152393751,181.7874180034039,0.01475,0.012436589999811103,0.15396700465708366,0.16257648886261147,33.528579501811954,39,24,0,True
8.5,3,0.8,1.05,0.8414373151416449,181.78580362696917,0.01475,0.012435668641563268,0.15342721421299324,0.16223386096054768,33.58099559460526,39,24,0,True
8.5,3,0.8,1.05,0.8445585935704368,181.79350306984793,0.01475,0.012437407575367059,0.15441776681945488,0.1628621932985412,33.485054324736964,39,24,0,True
8.5,3,0.8,1.05,0.8395324557185588,181.7936502499494,0.01475,0.012434734342256204,0.15281820672983068,0.161846555978565,33.64053627695249,39,24,0,True
8.5,3,0.8,1.05,0.8424606733101391,181.78847357735253,0.01475,0.01243624686698524,0.15375156991005112,0.1624396995572664,33.54947714659151,39,24,0,True
8.5,3,0.8,1.05,0.8417000822584013,181.78739174683528,0.01475,0.012435828845637589,0.15351003179313888,0.1622863865727051,33.57294452454302,39,24,0,True
8.5,3,0.8,1.05,0.8406086707787587,181.79378850575785,0.01475,0.012435321303359455,0.1531599403604393,0.16206372564240698,33.607112606123266,39,24,0,True
8.5,3,0.8,1.05,0.8394020223651651,181.78822436018908,0.01475,0.012434595934498738,0.15277941039078471,0.16182213236526882,33.64430130270887,39,24,0,True
8.5,3,0.8,1.05,0.8190185690760874,181.84206450609744,0.01475,0.012422873875841595,0.14635303390854465,0.15768510569160088,34.295399982290306,39,24,0,True
8.5,3,0.8,1.05,0.8486133262862264,181.8017452083165,0.01475,0.012439559688732253,0.1557100468697698,0.16367686674960397,33.36127558473938,39,24,0,True
8.5,3,0.8,1.05,0.8397547661077542,181.79065663184437,0.01475,0.012434818809903398,0.152890217051117,0.16189245988953618,33.63346328892183,39,24,0,True
8.5,3,0.8,1.05,0.839967781710368,181.78797955459953,0.01475,0.012434901841381789,0.15295914147202366,0.1619363841859983,33.62669939883405,39,24,0,True
8.5,3,0.8,1.05,0.8389614926074254,181.7950188357755,0.01475,0.012434438002767981,0.15263636935368782,0.16173089310411973,33.65837722360449,39,24,0,True
8.5,3,0.8,1.05,0.8378275352081727,181.79349387765404,0.01475,0.012433791362233083,0.1522775777027472,0.161502770937592,33.69364630505062,39,24,0,True
8.5,3,0.8,1.05,0.8356297464407598,181.79119382451492,0.01475,0.012432524699133191,0.15158305190488655,0.1610608257665643,33.762282686272336,39,24,0,True
8.5,3,0.8,1.05,0.8384820584207121,181.79387768836372,0.01475,0.012434159393926182,0.15248486029760366,0.16163459868664234,33.67325174225361,39,24,0,True
8.5,3,0.8,1.05,0.8523864027094687,181.8086173644148,0.01475,0.012441466150498466,0.15691765434864743,0.16443478412431117,33.247006579101324,39,24,0,True
8.5,3,0.8,1.05,0.8404673918155685,181.79131502339862,0.01475,0.01243521430776804,0.1531162385937619,0.1620360676534342,33.611363929905835,39,24,0,True
8.5,3,0.8,1.05,0.8398631794010575,181.7927944292034,0.01475,0.01243490433904891,0.15292361328355236,0.16191359199408964,33.630208664998776,39,24,0,True
8.5,3,0.8,1.05,0.8350007284204294,181.792901826923,0.01475,0.012432186174823712,0.15138343788321543,0.1609336221572795,33.78211405488293,39,24,0,True
8.5,3,0.8,1.05,0.844591817179696,181.79439839405413,0.01475,0.012437435829412872,0.15442793292951992,0.1628686008299961,33.48408007486807,39,24,0,True
8.5,3,0.8,1.05,0.8408929555981544,181.79403975264927,0.01475,0.01243547786825759,0.15325016938594477,0.162121038528738,33.598308020679184,39,24,0,True
8.5,3,0.8,1.05,0.835440171245282,181.79242648040827,0.01475,0.012432431781545874,0.15152253620101572,0.16102223499580975,33.768295484120486,39,24,0,True
8.5,3,0.8,1.05,0.8348660533076404,181.79739971892886,0.01475,0.012432164409759083,0.15133875277752945,0.16090496332159002,33.786586750256134,39,24,0,True
8.5,3,0.8,1.05,0.8368822379066249,181.79009350260668,0.01475,0.012433220258052107,0.15197981299956756,0.161313454443679,33.722998085678874,39,24,0,True
8.5,3,0.8,1.05,0.8393093837122269,181.7943055173216,0.01475,0.012434620273585635,0.15274709263301778,0.16180132001739353,33.64751060690654,39,24,0,True
8.5,3,0.8,1.05,0.8446924808388038,181.79022208236825,0.01475,0.012437436257422899,0.15446207617441443,0.1628904409523793,33.48075995954871,39,24,0,True
8.5,3,0.8,1.05,0.8461602314608725,181.7959995340763,0.01475,0.012438259766852955,0.15492796541420656,0.16318537802946984,33.43599302266464,39,24,0,True
8.5,3,0.8,1.05,0.8439262934135444,181.79048008127143,0.01475,0.012437041825402891,0.15421756032814074,0.1627353345263663,33.50435999515347,39,24,0,True
8.5,3,0.8,1.05,0.8551461976674012,181.81152870136884,0.01475,0.012442781851624885,0.1578048662015509,0.1649908823306038,33.163889864009484,39,24,0,True
8.5,3,0.8,1.05,0.8537311761864582,181.81209732524474,0.01475,0.012442138301497431,0.15734864789372574,0.16470492128964054,33.20655475001953,39,24,0,True
8.5,3,0.8,1.05,0.8416436660710651,181.78933069811094,0.01475,0.012435822651149725,0.1534911503863091,0.1622743100533308,33.57479510042975,39,24,0,True
8.5,3,0.8,1.05,0.8576734081020492,181.82293534251696,0.01475,0.012444055828342038,0.15861508927771634,0.16549770904084843,33.08866456149147,39,24,0,True
8.5,3,0.8,1.05,0.8403122309306743,181.78925675589429,0.01475,0.012435104792460305,0.1530679327778025,0.1620054639113836,33.61606988205981,39,24,0,True
8.5,3,0.8,1.05,0.8451740849958713,181.79196625303376,0.01475,0.012437705984751283,0.15461494412345467,0.16298729873857634,33.46604733038625,39,24,0,True
8.5,3,0.8,1.05,0.8421675250805146,181.79481551139895,0.01475,0.012436169660751227,0.1536551937466007,0.16237823212170796,33.55888010313844,39,24,0,True
8.5,3,0.8,1.05,0.8405231938974874,181.79230178722867,0.01475,0.012435256703572612,0.15313349442718588,0.16204698830278863,33.60968512318145,39,24,0,True
8.5,3,0.8,1.05,0.8455221791021497,181.79504845980406,0.01475,0.012437922611362394,0.1547245956755511,0.16305667934399576,33.455520088976776,39,24,0,True
8.5,3,0.8,1.05,0.8389223930718455,181.7948780391734,0.01475,0.012434414741826582,0.15262403334830396,0.16172305560669725,33.65958715632117,39,24,0,True
8.5,3,0.8,1.05,0.8413514106584841,181.7922660810565,0.01475,0.01243570243565963,0.1533967820418774,0.1622142466767314,33.584003500705506,39,24,0,True
8.5,3,0.8,1.05,0.8359870413780419,181.7927102798696,0.01475,0.012432746661963399,0.15169531090336782,0.16113223909793534,33.75116409363078,39,25,0,True
8.5,3,0.8,1.05,0.834584445239065,181.79399857248492,0.01475,0.012431960435838444,0.15125142068969152,0.16084947611479594,33.795251396581264,39,25,0,True
8.5,3,0.8,1.05,0.8463709115156158,181.79401352832684,0.01475,0.012438342144148252,0.15499626412692258,0.16322843227442518,33.4294282236172,39,25,0,True
8.5,3,0.8,1.05,0.8396227534433887,181.78822044351034,0.01475,0.012434716634486549,0.15284947575605212,0.16186667106717115,33.63743635848979,39,25,0,True
8.5,3,0.8,1.05,0.8362394319988997,181.7967927710048,0.01475,0.01243294018437489,0.15177319886184507,0.16118164860432918,33.743477625391634,39,25,0,True
8.5,3,0.8,1.05,0.8404373179327008,181.79078014566554,0.01475,0.012435191413545084,0.1531069406163981,0.162030183292107,33.61226862123416,39,25,0,True
8.5,3,0.8,1.05,0.8244557403553902,181.81976895380157,0.01475,0.012426142366525504,0.14805741721170834,0.15878906886586738,34.11849038522734,39,25,0,True
8.5,3,0.8,1.05,0.8530386912067466,181.81042072203343,0.01475,0.01244179492998606,0.15712658191536558,0.16456575079292107,33.22737691436189,39,25,0,True
8.5,3,0.8,1.05,0.8305983110887555,181.80178759752377,0.01475,0.012429713824808855,0.14999147406605842,0.1600382660600719,33.921495692049554,39,25,0,True
8.5,3,0.8,1.05,0.8388119679690424,181.79408625036578,0.01475,0.012434344130800514,0.15258938532287245,0.16170105914124383,33.662983594391655,39,25,0,True
8.5,3,0.8,1.05,0.8405235945718318,181.7923088360983,0.01475,0.012435257007471171,0.15313361834959127,0.16204706672983404,33.60967306765683,39,25,0,True
8.5,3,0.8,1.05,0.831316399463308,181.80295376272227,0.01475,0.012430157158977752,0.15021684965494944,0.16018347141965938,33.898812728600156,39,25,0,True
8.5,3,0.8,1.05,0.8350814597130558,181.792359220302,0.01475,0.01243222576045033,0.15140920382754933,0.1609500574463004,33.77954983247419,39,25,0,True
8.5,3,0.8,1.05,0.8393602505088035,181.78759343900634,0.01475,0.012434565249842775,0.1527664549803602,0.1618139241644235,33.64556691610126,39,25,0,True
8.5,3,0.8,1.05,0.8372627716300699,181.79558992525503,0.01475,0.012433501763730976,0.15209767426630394,0.16138821817714247,33.7113977154064,39,25,0,True
8.5,3,0.8,1.05,0.8432303527708335,181.78702619485549,0.01475,0.012436635003413365,0.1539974103610821,0.16259580230935786,33.525632006506605,39,25,0,True
8.5,3,0.8,1.05,0.8376616136280621,181.7908986836814,0.01475,0.012433666815620793,0.15222624733209084,0.1614702290980791,33.698686294935825,39,25,0,True
8.5,3,0.8,1.05,0.8370031120326266,181.7915147386738,0.01475,0.012433305759928312,0.1520174012755417,0.16133731397850526,33.719294761305235,39,25,0,True
8.5,3,0.8,1.05,0.8397494460153515,181.79055473796348,0.01475,0.012434814648357282,0.15288857687199803,0.16189142187189762,33.633623181141125,39,25,0,True
8.5,3,0.8,1.05,0.8323136595710434,181.79538374075932,0.01475,0.012430654394628622,0.15053446595821848,0.16038842636814354,33.866871565426585,39,25,0,True
8.5,3,0.8,1.05,0.8332866527896519,181.79971440025062,0.01475,0.012431278512269835,0.1508391299392755,0.1605844330513795,33.83640724190339,39,25,0,True
8.5,3,0.8,1.05,0.8328946313291171,181.7941796562596,0.01475,0.01243098094476679,0.15071813836981282,0.16050676909857967,33.848468554505224,39,25,0,True
8.5,3,0.8,1.05,0.8447309561365305,181.7913011027324,0.01475,0.012437469468218791,0.15447383047218285,0.16289784705181895,33.479634309857985,39,25,0,True
8.5,3,0.8,1.05,0.8403896461831187,181.78923974422366,0.01475,0.012435146553314904,0.15309253496639075,0.16202109765948955,33.61366563212975,39,25,0,True
8.5,3,0.8,1.05,0.840479444814822,181.7915288953119,0.01475,0.012435223475693903,0.1531199653459583,0.16203842618277836,33.61100133774266,39,25,0,True
8.5,3,0.8,1.05,0.8365407689206324,181.79461813929063,0.01475,0.012433083701401667,0.15186957710940505,0.16124309459680783,33.73392582818663,39,25,0,True
8.5,3,0.8,1.05,0.8316798710181516,181.8000342500446,0.01475,0.012430337085860176,0.1503326477994415,0.16025821234543483,33.88715452740767,39,25,0,True
8.5,3,0.8,1.05,0.8599304220682071,181.8337299457644,0.01475,0.012445169689869284,0.1593400662857584,0.16595068430741697,33.02185280021566,39,25,0,True
8.5,3,0.8,1.05,0.8401667867468168,181.7903354612538,0.01475,0.012435039169241649,0.15302121370199315,0.16197572810828426,33.620644218727456,39,25,0,True
8.5,3,0.8,1.05,0.8412386937598813,181.79180449033805,0.01475,0.012435636246812163,0.15336116114131743,0.1621916421163972,33.587470952516846,39,25,0,True
8.5,3,0.8,1.05,0.8401414018284044,181.79675123546122,0.01475,0.012435104632072529,0.15301006908375353,0.16196836314233998,33.621777472336966,39,25,0,True
8.5,3,0.8,1.05,0.8385758000913195,181.79311698664517,0.01475,0.012434201823571443,0.1525149494934373,0.16165376739774656,33.67028923334123,39,25,0,True
8.5,3,0.8,1.05,0.8344642309059394,181.79288767299502,0.01475,0.012431877441258664,0.15121398620372892,0.1608256746481176,33.79897012692779,39,25,0,True
8.5,3,0.8,1.05,0.8418732192087839,181.79216773969762,0.01475,0.012435980268099105,0.15356281466219304,0.16231969321644807,33.56784224379886,39,25,0,True
8.5,3,0.8,1.05,0.8479048557625012,181.8001052966618,0.01475,0.012439188117233895,0.15548397055326213,0.1635348476331435,33.38281550256793,39,25,0,True
8.5,3,0.8,1.05,0.8438470211321445,181.79433606185674,0.01475,0.012437048145037556,0.15419042009744452,0.1627179445249398,33.50700898666982,39,25,0,True
8.5,3,0.8,1.05,0.8407054856531831,181.78826076903925,0.01475,0.012435305325633726,0.15319336451277682,0.16208520536970142,33.60381203180463,39,25,0,True
8.5,3,0.8,1.05,0.8370496233322398,181.796340771427,0.01475,0.012433391479454318,0.15202982316684444,0.161345008454021,33.7181007279077,39,25,0,True
8.5,3,0.8,1.05,0.8340814895097866,181.79400166426043,0.01475,0.012431670032318955,0.1510926219588943,0.16074785919661166,33.81106799795191,39,25,0,True
8.5,3,0.8,1.05,0.8413001019031383,181.79202786645442,0.01475,0.012435671968578537,0.15338058043258582,0.16220396674005286,33.58558027317952,39,25,0,True
8.5,3,0.8,1.05,0.83967200225379,181.78910615801436,0.01475,0.012434754478685969,0.15286468529811265,0.16187629978544177,33.63595278116324,39,25,0,True
8.5,3,0.8,1.05,0.832463893011387,181.80051311722085,0.01475,0.012430806189701249,0.15057937839547908,0.16041713124352242,33.86240509227548,39,25,0,True
8.5,3,0.8,1.05,0.8379911829702883,181.79079775789987,0.01475,0.012433849131775384,0.15233072611922296,0.16153669835063733,33.68839407034185,39,25,0,True
8.5,3,0.8,1.05,0.8377722304197948,181.7917930508546,0.01475,0.012433739545470569,0.15226086711430967,0.16149221467889044,33.69528098730915,39,25,0,True
8.5,3,0.8,1.05,0.838975838827982,181.7880888289589,0.01475,0.012434360295619774,0.15264424119855075,0.16173620247051831,33.657557649595816,39,25,0,True
8.5,3,0.8,1.05,0.8388407815639378,181.79408290055,0.01475,0.01243435996861745,0.1525985263152652,0.16170687176143675,33.66208597973416,39,25,0,True
8.5,3,0.8,1.05,0.8435839397187413,181.78954806967465,0.01475,0.012436851537104802,0.1541088726687316,0.16266641888106867,33.51486140706258,39,25,0,True
8.5,3,0.8,1.05,0.834970174890611,181.79271939661686,0.01475,0.012432166395423496,0.15137387143742975,0.16092753651974437,33.78306367643047,39,25,0,True
8.5,3,0.8,1.05,0.8311173957708549,181.80325350593228,0.01475,0.012430042289185827,0.15015408086759643,0.1601430083275607,33.90512912457261,39,25,0,True
8.5,3,0.8,1.05,0.8364583768398323,181.7914727464731,0.01475,0.012432998336663564,0.15184500591360406,0.16122759124552818,33.73633508190103,39,25,0,True
8.5,3,0.8,1.05,0.8166988842695196,181.86120958557845,0.01475,0.012421544903048013,0.14562450976874192,0.15721201575787236,34.37203938093638,39,25,0,True
8.5,3,0.8,1.05,0.8370521692884854,181.79679293446577,0.01475,0.012433398491392762,0.15203041326849848,0.16134536423520643,33.718045520560764,39,25,0,True
8.5,3,0.8,1.05,0.8397572164369468,181.7907036615265,0.01475,0.012434820727801268,0.1528909724401966,0.16189293794610118,33.633389651687274,39,25,0,True
8.5,3,0.8,1.05,0.8343489383057752,181.7938186509907,0.01475,0.012431822405361186,0.1511771400428215,0.16080215828452793,33.802645489826716,39,25,0,True
8.5,3,0.8,1.05,0.834395614537319,181.79236941540276,0.01475,0.012431831457261915,0.15119256584756005,0.16081204952610112,33.80109944912144,39,25,0,True
8.5,3,0.8,1.05,0.8420091060661757,181.79221329280256,0.01475,0.01243605323658516,0.153606032198152,0.16234713323251385,33.56364038287098,39,25,0,True
8.5,3,0.8,1.05,0.8343467304498292,181.79388563834996,0.01475,0.012431821957564123,0.1511764111424657,0.1608016909631422,33.80271853915487,39,25,0,True
8.5,3,0.8,1.05,0.8377279464037621,181.79536567434883,0.01475,0.0124337589751477,0.15224512753180136,0.16148204517201767,33.69685599897106,39,25,0,True
8.5,3,0.8,1.05,0.8347131964902377,181.79801823803118,0.01475,0.012432084183089767,0.15129017528706165,0.16087399132312152,33.79142240370226,39,26,0,True
8.5,3,0.8,1.05,0.8364895290776606,181.79274056216713,0.01475,0.012433031590229258,0.15185425880276035,0.16123342587702005,33.735428308657944,39,26,0,True
8.5,3,0.8,1.05,0.8419701793141461,181.79162302194229,0.01475,0.012436025214457302,0.15359392971971697,0.16233947480383618,33.56481295515674,39,26,0,True
8.5,3,0.8,1.05,0.8415433926145115,181.7865996962838,0.01475,0.012435735277931587,0.1534605699082214,0.1622550100654704,33.57775320268586,39,26,0,True
8.5,3,0.8,1.05,0.8324179367882416,181.80110819173206,0.01475,0.012430786484314622,0.1505646158798657,0.1604075971989088,33.86388839648796,39,26,0,True
8.5,3,0.8,1.05,0.8371252947385024,181.79386165103824,0.01475,0.01243340334112652,0.15205496628277923,0.16136111696129488,33.715601400723614,39,26,0,True
8.5,3,0.8,1.05,0.820711641065177,181.83444505628984,0.01475,0.01242390203792368,0.14688300403831514,0.1580286917569835,34.24005271634123,39,26,0,True
8.5,3,0.8,1.05,0.813956764271942,181.87723040751325,0.01475,0.012419851309744887,0.14476872352181716,0.15665593342470965,34.462768181178525,39,26,0,True
8.5,3,0.8,1.05,0.8315454390751731,181.80117485882758,0.01475,0.012430271380344611,0.15028978525026296,0.16023054588338886,33.89146861466506,39,26,0,True
8.5,3,0.8,1.05,0.8313258347344595,181.8028843767126,0.01475,0.012430161918515946,0.1502198520397673,0.16018540916211257,33.89851032832093,39,26,0,True
8.5,3,0.8,1.05,0.842851554645222,181.79164037099113,0.01475,0.012436492621669216,0.15387451045996775,0.16251759769645466,33.53757178121226,39,26,0,True
8.5,3,0.8,1.05,0.8404417818192458,181.79085962913874,0.01475,0.012435194813210503,0.15310832066091956,0.16203105667454748,33.612134338517045,39,26,0,True
8.5,3,0.8,1.05,0.837171787418759,181.78737784870947,0.01475,0.01243334935070936,0.15207278413462139,0.16137273846019268,33.7137985953559,39,26,0,True
8.5,3,0.8,1.05,0.8340854510669722,181.79390746714796,0.01475,0.012431671162955899,0.15109391711615575,0.16074869687509313,33.81093825889589,39,26,0,True
8.5,3,0.8,1.05,0.837945443527192,181.79102705608958,0.01475,0.012433826530041724,0.15231612127074207,0.16152739797629687,33.6898336041558,39,26,0,True
8.5,3,0.8,1.05,0.8359276843911617,181.78979090929522,0.01475,0.012432676902911883,0.15167792924543705,0.16112129932904382,33.75286664939175,39,26,0,True
8.5,3,0.8,1.05,0.8339834811304211,181.7962288889277,0.01475,0.012431640756702741,0.15106063077410867,0.16072717191053149,33.814272492900855,39,26,0,True
8.5,3,0.8,1.05,0.8375221079169586,181.79093357203897,0.01475,0.01243358935811572,0.15218203663211552,0.16144209972459614,33.70304467323437,39,26,0,True
8.5,3,0.8,1.05,0.8361160881197218,181.7903919645806,0.01475,0.012432791251324501,0.1517372314441184,0.16115902930328935,33.746995796705754,39,26,0,True
8.5,3,0.8,1.05,0.8386944344732237,181.79067188627337,0.01475,0.01243423712955555,0.1525537424351333,0.16167854394373762,33.66646116827952,39,26,0,True
8.5,3,0.8,1.05,0.8292337075979057,181.80263993962348,0.01475,0.012428900851826564,0.14956220460029415,0.1597614334354441,33.9648639753098,39,26,0,True
8.5,3,0.8,1.05,0.8400315683956175,181.79630558084978,0.01475,0.012435039399200844,0.1529753994945484,0.16194634991962775,33.625165332426164,39,26,0,True
8.5,3,0.8,1.05,0.8317792306477673,181.79914196049378,0.01475,0.012430384972744093,0.1503643550686031,0.16027867946103141,33.88396408342267,39,26,0,True
8.5,3,0.8,1.05,0.83931964088226,181.79534175906667,0.01475,0.01243463869591966,0.15274985074246905,0.1618030278789851,33.647247217601475,39,26,0,True
8.5,3,0.8,1.05,0.8389138612718986,181.79484698952507,0.01475,0.012434409660899075,0.15262134176472128,0.16172134554512188,33.65985116815538,39,26,0,True
8.5,3,0.8,1.05,0.8383675553727178,181.79263141225601,0.01475,0.012434080621898,0.15244915185483277,0.1616119432486294,33.67675410609143,39,26,0,True
8.5,3,0.8,1.05,0.8433062400629263,181.79541540558762,0.01475,0.012436778514341492,0.15401753550293165,0.16260820039372587,33.5237402894189,39,26,0,True
8.5,3,0.8,1.05,0.82466863197576,181.8214646773525,0.01475,0.01242629846824295,0.14812315898942904,0.15883148949136913,34.1117457344288,39,26,0,True
8.5,3,0.8,1.05,0.8385457154620608,181.79349522751886,0.01475,0.012434189868495283,0.15250522838395209,0.16164756871732003,33.67124715095001,39,26,0,True
8.5,3,0.8,1.05,0.8423435308726882,181.79108515642938,0.01475,0.012436217023182835,0.15371301596273826,0.16241510792331668,33.55323811651087,39,26,0,True
8.5,3,0.8,1.05,0.8344877340672255,181.7931242966939,0.01475,0.012431893915531152,0.15122129558521352,0.1608303213346125,33.79824403661934,39,26,0,True
8.5,3,0.8,1.05,0.8346127944840038,181.79319832850038,0.01475,0.012431966882944923,0.15126075397973904,0.1608554568529465,33.794317157086375,39,26,0,True
8.5,3,0.8,1.05,0.8372070561769295,181.79378804986797,0.01475,0.012433448277743822,0.1520808903986648,0.161377616787747,33.71304192034333,39,26,0,True
8.5,3,0.8,1.05,0.8341386901352108,181.79260828834313,0.01475,0.01243168593767044,0.1511113389959239,0.16075996621599228,33.80919301297758,39,26,0,True
8.5,3,0.8,1.05,0.8268716468253191,181.81292840673984,0.01475,0.01242757644017434,0.1488164845669239,0.1592797451198918,34.040713364580974,39,26,0,True
8.5,3,0.8,1.05,0.8410399447139845,181.7915527304665,0.01475,0.012435526305709401,0.1532980918476395,0.16215159135741297,33.59361715750944,39,26,0,True
8.5,3,0.8,1.05,0.8361685212366795,181.79110043385396,0.01475,0.012432829721418447,0.15175347955884325,0.1611693426534642,33.745391540878515,39,26,0,True
8.5,3,0.8,1.05,0.8372955108100367,181.78629667408367,0.01475,0.01243340533868365,0.15211248125775143,0.16139804599918767,33.70987369528993,39,26,0,True
8.5,3,0.8,1.05,0.8355484431191421,181.79588511296154,0.01475,0.01243253626871857,0.15155511548844727,0.16104283203678782,33.7650858851731,39,26,0,True
8.5,3,0.8,1.05,0.8352944657164316,181.79415527671787,0.01475,0.0124323698740625,0.15147566138678403,0.160992307191802,33.772960671009294,39,26,0,True
8.5,3,0.8,1.05,0.8365872001089585,181.79154755843726,0.01475,0.012433071989236244,0.15188573497850805,0.1612535132009983,33.73230703794344,39,26,0,True
8.5,3,0.8,1.05,0.8497466746978402,181.8012344057415,0.01475,0.012440109251748098,0.15607357030192304,0.1639052745140365,33.32671831360022,39,26,0,True
8.5,3,0.8,1.05,0.8359078848983018,181.79574953018135,0.01475,0.012432739228627726,0.15166882962861572,0.16111524639048946,33.7538087760173,39,26,0,True
8.5,3,0.8,1.05,0.8391749168922942,181.7923566994565,0.01475,0.012434522434427138,0.15270535809173455,0.16177487300903984,33.65159007984621,39,26,0,True
8.5,3,0.8,1.05,0.8333464553876151,181.79297054834765,0.01475,0.012431230152205784,0.1508611861980543,0.1605989272240105,33.83415767127314,39,26,0,True
8.5,3,0.8,1.05,0.8348060404026562,181.79461324836117,0.01475,0.01243209552805713,0.1513211194776843,0.1608938514568733,33.78832141094896,39,26,0,True
8.5,3,0.8,1.05,0.8395218992215415,181.79208049043095,0.01475,0.012434709174863551,0.15281560873585837,0.1618449735301064,33.64078018216455,39,26,0,True
8.5,3,0.8,1.05,0.8262402224371369,181.8173579343805,0.01475,0.0124272375353059,0.14861667252824576,0.15915052175404032,34.061146152078116,39,26,0,True
8.5,3,0.8,1.05,0.832981689080396,181.7999328042478,0.01475,0.012431102945892095,0.1507428613184555,0.16052243854916684,33.8460340547437,39,26,0,True
8.5,3,0.8,1.05,0.838951018128034,181.79498136373365,0.01475,0.012434431775250656,0.1526330644622616,0.16172879339327212,33.658701359084986,39,26,0,True
8.5,3,0.8,1.05,0.8399998638601139,181.7956300831645,0.01475,0.012435013804035458,0.1529656553693438,0.16194018701489774,33.6261139895523,39,26,0,True
8.5,3,0.8,1.05,0.8349167257225557,181.7915551480844,0.01475,0.01243212134669238,0.1513575386819525,0.16091718331801,33.78467940138865,39,26,0,True
8.5,3,0.8,1.05,0.8388865980426127,181.79474694106025,0.01475,0.012434393411743759,0.15261274140303513,0.16171588141259996,33.66069480159823,39,26,0,True
8.5,3,0.8,1.05,0.8332368432503209,181.799486987993,0.01475,0.012431246626940265,0.150823528983159,0.16057439846527788,33.837964918203376,39,26,0,True
8.5,3,0.8,1.05,0.8335477205771148,181.79387850361928,0.01475,0.012431358635700456,0.150924243267688,0.160639482814087,33.827865559967805,39,26,0,True
8.5,3,0.8,1.05,0.8356395021356303,181.79145251619838,0.01475,0.01243253344883877,0.151586012754417,0.16106269991889544,33.76199075586965,39,26,0,True
8.5,3,0.8,1.05,0.8370270176792264,181.79239358861923,0.01475,0.01243333003938838,0.15202455018688812,0.16134182509288067,33.718594708815836,39,26,0,True
8.5,3,0.8,1.05,0.8352768988075078,181.79347571850732,0.01475,0.012432351437720908,0.15147043283597514,0.16098900670968694,33.7734752701962,39,26,0,True
8.5,3,0.8,1.05,0.837815747099285,181.79389967103006,0.01475,0.012433789807781693,0.15227364844498362,0.16150025355687408,33.69403611124756,39,27,0,True
8.5,3,0.8,1.05,0.8413840959059169,181.79244204897475,0.01475,0.012435722135277405,0.15340709173195652,0.1622207869812693,33.58300043880198,39,27,0,True
8.5,3,0.8,1.05,0.832684789083066,181.7974454543418,0.01475,0.012430898172876827,0.1506504452865331,0.16046303435526593,33.85526616010026,39,27,0,True
8.5,3,0.8,1.05,0.8353379858217528,181.79579841631795,0.01475,0.012432415034716232,0.1514886334942748,0.16100049741863492,33.771683779742816,39,27,0,True
8.5,3,0.8,1.05,0.837571608960207,181.79303102573246,0.01475,0.012433642916201356,0.15219671540439497,0.1614513472290897,33.70161167848297,39,27,0,True
8.5,3,0.8,1.05,0.8375310001307588,181.79128070998536,0.01475,0.012433598613470749,0.15218468754331763,0.1614437711712374,33.70278565239286,39,27,0,True
8.5,3,0.8,1.05,0.8308739028794984,181.8024813037261,0.01475,0.012429887373420838,0.15007783480500997,0.1600939016325357,33.912799441431204,39,27,0,True
8.5,3,0.8,1.05,0.8448114255764891,181.7906614961819,0.01475,0.012437503106875723,0.15449981992477968,0.16291435714239103,33.47712534730364,39,27,0,True
8.5,3,0.8,1.05,0.8341614924800708,181.7920323459878,0.01475,0.012431692019747156,0.15111881038543193,0.16076479982505015,33.808444528600006,39,27,0,True
8.5,3,0.8,1.05,0.8446079640340003,181.7948369977436,0.01475,0.012437449601609949,0.1544328721412799,0.1628717137361032,33.48360679486246,39,27,0,True
8.5,3,0.8,1.05,0.8325686702357131,181.79910215673183,0.01475,0.012430850400511593,0.15061306440122352,0.16043888819197444,33.85902086416288,39,27,0,True
8.5,3,0.8,1.05,0.8458613230300256,181.79264883108868,0.01475,0.01243806621008584,0.1548340881803845,0.1631261937929742,33.44498225258531,39,27,0,True
8.5,3,0.8,1.05,0.8379197667719738,181.7904204318362,0.01475,0.012433804753038223,0.15230827434362162,0.1615224328964613,33.690602184623806,39,27,0,True
8.5,3,0.8,1.05,0.834580964613347,181.7940952190174,0.01475,0.012431959624141807,0.15125027556310647,0.160848742383475,33.79536601653415,39,27,0,True
8.5,3,0.8,1.05,0.8385301241669758,181.79344433550122,0.01475,0.01243418062114715,0.1525003087945606,0.16164444232703165,33.67173032022515,39,27,0,True
8.5,3,0.8,1.05,0.8359420699726883,181.7905278312897,0.01475,0.012432694174337471,0.15168212773373757,0.16112394044548223,33.75245558952928,39,27,0,True
8.5,3,0.8,1.05,0.8347630173962701,181.79266481727836,0.01475,0.012432046733905253,0.1513084547592906,0.1608858680608757,33.78956785089766,39,27,0,True
8.5,3,0.8,1.05,0.8379891356135248,181.79079988184483,0.01475,0.01243384801966615,0.1523300762510891,0.16153628487069557,33.688458065914865,39,27,0,True
8.5,3,0.8,1.05,0.8378163940831503,181.79387661590525,0.01475,0.012433789883443958,0.15227386447326421,0.16150039199390054,33.69401467449229,39,27,0,True
8.5,3,0.8,1.05,0.8420338460801009,181.79259886969484,0.01475,0.012436071170576421,0.15361371918648278,0.1623519970035475,33.56289575931687,39,27,0,True
8.5,3,0.8,1.05,0.8450152363757387,181.7930020207284,0.01475,0.012437637083721255,0.15456373405072693,0.1629547817588505,33.47098452655254,39,27,0,True
8.5,3,0.8,1.05,0.840686568743422,181.78813193631166,0.01475,0.01243529351649004,0.1531874146326072,0.16208143090677757,33.60439194695916,39,27,0,True
8.5,3,0.8,1.05,0.8372379075455098,181.78913822244974,0.01475,0.012433408155850475,0.15209288145722438,0.16138545018158165,33.711826990449374,39,27,0,True
8.5,3,0.8,1.05,0.837725854837137,181.79521307325925,0.01475,0.012433755924503326,0.15224453781447042,0.16148167667830554,33.69691307381756,39,27,0,True
8.5,3,0.8,1.05,0.83803334197269,181.79091548875746,0.01475,0.012433874020914285,0.15234403121518744,0.16154515660318233,33.687085038459976,39,27,0,True
8.5,3,0.8,1.05,0.8385545163680783,181.79339646363078,0.01475,0.012434193513146282,0.15250806645441842,0.16164937791421674,33.67096755714115,39,27,0,True
8.5,3,0.8,1.05,0.8395559419051933,181.79404263903442,0.01475,0.012434752033368598,0.15282547352389964,0.16185115795073252,33.639826997328214,39,27,0,True
8.5,3,0.8,1.05,0.8142851598198135,181.8739859242016,0.01475,0.012420040162170218,0.1448716810688035,0.1567229239423248,34.451801007324995,39,27,0,True
8.5,3,0.8,1.05,0.8367691715208189,181.7895505413172,0.01475,0.012433149910605115,0.15194428116622474,0.1612908640993754,33.72650551207612,39,27,0,True
8.5,3,0.8,1.05,0.8336622430135441,181.79438483206596,0.01475,0.012431431511084754,0.15096013416365067,0.1606625650966253,33.82428592383289,39,27,0,True
8.5,3,0.8,1.05,0.8375959117852083,181.79420837499728,0.01475,0.012433671026539729,0.15220385156228008,0.161455835961989,33.70091616802789,39,27,0,True
8.5,3,0.8,1.05,0.8367633497682867,181.7890417020552,0.01475,0.012433140348291195,0.1519426812188849,0.16128986798804254,33.72666019509198,39,27,0,True
8.5,3,0.8,1.05,0.8389526463771845,181.79498720100943,0.01475,0.012434432743506803,0.15263357819671627,0.16172911978649882,33.658650972678245,39,27,0,True
8.5,3,0.8,1.05,0.8319795904970302,181.7991062831587,0.01475,0.012430503127843842,0.15042747018505592,0.1603193422033758,33.87762812438598,39,27,0,True
8.5,3,0.8,1.05,0.8231006749808948,181.8262241210121,0.01475,0.012425355206127808,0.14763129847110334,0.1585132753000512,34.16243553912775,39,27,0,True
8.5,3,0.8,1.05,0.8353771424286188,181.79723018331396,0.01475,0.012432455096497782,0.15150032884437623,0.16100788366302443,33.7705323539736,39,27,0,True
8.5,3,0.8,1.05,0.8360694187753439,181.7960577975445,0.01475,0.012432834747599585,0.15171977052715022,0.16114766620303853,33.748763601166914,39,27,0,True
8.5,3,0.8,1.05,0.8373786459484316,181.7950620877555,0.01475,0.012433560122701495,0.15213462331757324,0.16141175191639864,33.707748627922356,39,27,0,True
8.5,3,0.8,1.05,0.8404106660685357,181.79030514373443,0.01475,0.012435171107789045,0.1530987013225845,0.16202496891064064,33.61307036605734,39,27,0,True
8.5,3,0.8,1.05,0.8406143952703239,181.7938865964036,0.01475,0.012435325609919808,0.15316171226321418,0.1620648471034755,33.60694025896634,39,27,0,True
8.5,3,0.8,1.05,0.8369967220499653,181.79176091303142,0.01475,0.012433305209501,0.15201526066032256,0.1613359409583819,33.71950784042022,39,27,0,True
8.5,3,0.8,1.05,0.8397424251969989,181.7904207260284,0.01475,0.012434809161821636,0.152886412154797,0.16189005186611186,33.63383421493601,39,27,0,True
8.5,3,0.8,1.05,0.8349825575349968,181.79297975759582,0.01475,0.012432176713915057,0.15137765983364884,0.16092993833647162,33.782688880245146,39,27,0,True
8.5,3,0.8,1.05,0.8398112096800974,181.79175570815806,0.01475,0.012434863176125494,0.1529076105475369,0.16190346672491904,33.6317679754806,39,27,0,True
8.5,3,0.8,1.05,0.842087006829479,181.7934540844759,0.01475,0.01243611002534251,0.15363022461906678,0.16236243905742453,33.56129728668358,39,27,0,True
8.5,3,0.8,1.05,0.8362630426437571,181.7954916770878,0.01475,0.012432937487402292,0.151781288243467,0.16118685501956564,33.74266797958821,39,27,0,True
8.5,3,0.8,1.05,0.8351432488352263,181.79503066729455,0.01475,0.012432294139663846,0.15142745751760375,0.16096156791698596,33.77775431609017,39,27,0,True
8.5,3,0.8,1.05,0.8451827583764868,181.79238940744597,0.01475,0.012437715671503072,0.15461750776513838,0.16298890526566434,33.465803459554984,39,27,0,True
8.5,3,0.8,1.05,0.8435840580470017,181.78953304411317,0.01475,0.01243685141334998,0.15410891765290294,0.16266644809280734,33.51485695371737,39,27,0,True
8.5,3,0.8,1.05,0.838548400056313,181.79346618029822,0.01475,0.012434190993624488,0.1525060935782851,0.1616481202106564,33.671161922291034,39,27,0,True
8.5,3,0.8,1.05,0.8468236280923904,181.7922908715088,0.01475,0.012438549739820625,0.1551418395786927,0.16332007480652927,33.41546735892485,39,27,0,True
8.5,3,0.8,1.05,0.8367172581996039,181.7924133410115,0.01475,0.012433156018737608,0.15192648389272395,0.16127941188493367,33.72828401600537,39,27,0,True
8.5,3,0.8,1.05,0.8397859482167694,181.79125996057252,0.01475,0.01243484327501397,0.15289982781656528,0.16189854192312217,33.63252648072075,39,27,0,True
8.5,3,0.8,1.05,0.839526670933962,181.79229548137988,0.01475,0.012434714440566898,0.15281702021419855,0.16184586130666762,33.64064334716182,39,27,0,True
8.5,3,0.8,1.05,0.8379675328469579,181.79086878964472,0.01475,0.012433836861556191,0.15232319731072366,0.16153190610484855,33.68913580292751,39,27,0,True
8.5,3,0.8,1.05,0.8356957969386083,181.79108128301,0.01475,0.012432560932805143,0.1516039880127857,0.16107416225669333,33.76020546688624,39,27,0,True
8.5,3,0.8,1.05,0.8381632260127357,181.79136099461513,0.01475,0.012433951653317619,0.1523849853751258,0.16157118710358828,33.683057391634904,39,27,0,True
8.5,3,0.8,1.05,0.8372616471688396,181.79548931657678,0.01475,0.012433499891218617,0.15209736621470868,0.1613880265520331,33.71142743310216,39,27,0,True
8.5,3,0.8,1.05,0.8381444296221073,181.79209770133858,0.01475,0.012433950327508478,0.15237867567424337,0.161567141546033,33.68368326007438,39,28,0,True
8.5,3,0.8,1.05,0.8390744628398683,181.7907963601169,0.01475,0.012434447973987163,0.15267423279588735,0.16175515257952638,33.65463291492589,39,28,0,True
8.5,3,0.8,1.05,0.8402891390827393,181.78933088887746,0.01475,0.01243509318206853,0.1530605614915959,0.16200077659133985,33.61679082385609,39,28,0,True
8.5,3,0.8,1.05,0.8382787110798874,181.7901094957603,0.01475,0.012434000257669017,0.15242219331994175,0.16159490783030864,33.679388358813966,39,28,0,True
8.5,3,0.8,1.05,0.8409041015912412,181.79393596394132,0.01475,0.012435482593238041,0.15325376221334577,0.16212332554261646,33.59795682250797,39,28,0,True
8.5,3,0.8,1.05,0.8420125393071379,181.79226631659267,0.01475,0.012436055719538527,0.15360709916254045,0.16234780835551033,33.563537021397245,39,28,0,True
8.5,3,0.8,1.05,0.8474362852832907,181.79757203065256,0.01475,0.01243892284171415,0.15533524071082117,0.16344145684363415,33.39700220295235,39,28,0,True
8.5,3,0.8,1.05,0.8499353336571805,181.79897127029244,0.01475,0.012440173069096018,0.1561351897078876,0.16394407739221822,33.3208579799977,39,28,0,True
8.5,3,0.8,1.05,0.8395176373978352,181.7918923985128,0.01475,0.012434704520213717,0.15281434620435924,0.16184417924954494,33.64090260779901,39,28,0,True
8.5,3,0.8,1.05,0.8451661704894341,181.79158015546682,0.01475,0.012437697145562959,0.1546126047862853,0.16298583276632822,33.46626986952945,39,28,0,True
8.5,3,0.8,1.05,0.8344597252041019,181.79284054870604,0.01475,0.012431874260914532,0.15121258580608407,0.16082478446553958,33.79910923189355,39,28,0,True
8.5,3,0.8,1.05,0.8385044661770987,181.79381417624174,0.01475,0.012434171002264177,0.15249199581062564,0.16163913940494337,33.672549908916835,39,28,0,True
8.5,3,0.8,1.05,0.8366532169216586,181.79537655904716,0.01475,0.0124331565074031,0.15190480116242056,0.16126548195227167,33.730447674325575,39,28,0,True
8.5,3,0.8,1.05,0.836960345208748,181.79540694896346,0.01475,0.012433329792173485,0.1520020037542853,0.16132734516351735,33.72084191218686,39,28,0,True
8.5,3,0.8,1.05,0.8374146276026065,181.79050066550988,0.01475,0.01243352392673549,0.15214819914335875,0.16142058927617187,33.70637862586743,39,28,0,True
8.5,3,0.8,1.05,0.8389970745917703,181.78664441913028,0.01475,0.012434354143593989,0.15265167102888977,0.16174099000117056,33.656818678226806,39,28,0,True
8.5,3,0.8,1.05,0.8402947547561016,181.78930987835483,0.01475,0.012435095969031862,0.15306235552101558,0.16200191753030152,33.61661533549362,39,28,0,True
8.5,3,0.8,1.05,0.8369180878214834,181.7952335399552,0.01475,0.012433303889580267,0.15198870839189718,0.16131889137870856,33.7221540946474,39,28,0,True
8.5,3,0.8,1.05,0.8394721863953406,181.79011944198567,0.01475,0.012434657758228888,0.15280077085855018,0.16183562774699606,33.64222076764716,39,28,0,True
8.5,3,0.8,1.05,0.841161251213905,181.79161993179676,0.01475,0.012435592366281887,0.15333662618082775,0.16217606597885548,33.58986088146858,39,28,0,True
8.5,3,0.8,1.05,0.8444834554164503,181.79308530704708,0.01475,0.012437363512141093,0.15439399754297825,0.16284713669497672,33.487343971936,39,28,0,True
8.5,3,0.8,1.05,0.8355487835101366,181.7958953148765,0.01475,0.012432536588822953,0.15155521823855483,0.1610428970258149,33.765075759466264,39,28,0,True
8.5,3,0.8,1.05,0.8409539015601888,181.79167069779248,0.01475,0.012435481440042946,0.1532706822522541,0.16213417431822996,33.59629101040544,39,28,0,True
8.5,3,0.8,1.05,0.839627522214989,181.78830494744295,0.01475,0.012434720284009342,0.15285094907322774,0.16186760384798554,33.63729262875223,39,28,0,True
8.5,3,0.8,1.05,0.8375347745709787,181.79143194749278,0.01475,0.012433602589943903,0.15218581091184172,0.1614444792922882,33.702675918005674,39,28,0,True
8.5,3,0.8,1.05,0.838793298032629,181.78773605040084,0.01475,0.012434255406929686,0.15258650587414396,0.16169950685203405,33.663223318717165,39,28,0,True
8.5,3,0.8,1.05,0.8342461085214322,181.79679638150103,0.01475,0.012431799763181218,0.15114326136190775,0.16078032744750903,33.806040404450926,39,28,0,True
8.5,3,0.8,1.05,0.8459461567948674,181.79730749277337,0.01475,0.012438167019606856,0.1548589268504392,0.16314172847868758,33.44262864569797,39,28,0,True
8.5,3,0.8,1.05,0.8360379485587333,181.794900955074,0.01475,0.01243280260771146,0.15171036801952,0.16114173029655862,33.749687182482006,39,28,0,True
8.5,3,0.8,1.05,0.8392617489934879,181.78974159670983,0.01475,0.012434537779803483,0.15273416498528328,0.161793302029143,33.648747235311596,39,28,0,True
8.5,3,0.8,1.05,0.8386980483737686,181.79057734190266,0.01475,0.012434237956206141,0.15255493387520547,0.16167930573578765,33.666343488868584,39,28,0,True
8.5,3,0.8,1.05,0.8379699722368157,181.79085684859362,0.01475,0.012433838070700639,0.15232397610097803,0.16153240202780964,33.68905904291466,39,28,0,True
8.5,3,0.8,1.05,0.8359836187810824,181.79255140195028,0.01475,0.01243274275690187,0.1516943041278076,0.16113160501179832,33.75126276956451,39,28,0,True
8.5,3,0.8,1.05,0.8372567524343926,181.7950558988216,0.01475,0.012433491796071701,0.1520960231187931,0.16138719084232725,33.71155703792623,39,28,0,True
8.5,3,0.8,1.05,0.8285591611764628,181.80752352830734,0.01475,0.012428550002368406,0.14934814239266506,0.15962313167840184,33.98659108364251,39,28,0,True
8.5,3,0.8,1.05,0.8398062910799752,181.79165869696598,0.01475,0.01243485929552398,0.15290609540889233,0.1619025079931973,33.63191563293639,39,28,0,True
8.5,3,0.8,1.05,0.8394308235181334,181.78887677947458,0.01475,0.012434619765634349,0.1527882385324819,0.16182771572400192,33.64344049044834,39,28,0,True
8.5,3,0.8,1.05,0.8363976105889852,181.7966333206305,0.01475,0.012433027707208789,0.15182331742825256,0.16121356038476845,33.738515941782296,39,28,0,True
8.5,3,0.8,1.05,0.8449110953573715,181.79421384853796,0.01475,0.012437598409047223,0.1545299063371616,0.1629332771751181,33.474250833421,39,28,0,True
8.5,3,0.8,1.05,0.8382950939364522,181.79041162896664,0.01475,0.012434013069595415,0.1524272423906693,0.16159810592111534,33.67889377965227,39,28,0,True
8.5,3,0.8,1.05,0.8383666119008499,181.79260774547126,0.01475,0.012434079807109527,0.15244886406270702,0.16161176124982535,33.67678224608396,39,28,0,True
8.5,3,0.8,1.05,0.8357697261591033,181.7951767169727,0.01475,0.012432653589767589,0.1516254138046219,0.16108762727099374,33.75810860882982,39,28,0,True
8.5,3,0.8,1.05,0.8364363858925288,181.79515371278026,0.01475,0.012433031360399879,0.1518362921297374,0.1612218840714352,33.73722211574213,39,28,0,True
8.5,3,0.8,1.05,0.8403599067033521,181.7892047407093,0.01475,0.012435130001687243,0.15308310363893013,0.16201510630801852,33.614586957984535,39,28,0,True
8.5,3,0.8,1.05,0.8388303053153584,181.79390606991208,0.01475,0.012434352011662105,0.15259528804269823,0.16170482041380915,33.66240275136788,39,28,0,True
8.5,3,0.8,1.05,0.8377721842668489,181.79178931041525,0.01475,0.012433739473556086,0.15226085427904096,0.16149220667708764,33.69528222651094,39,28,0,True
8.5,3,0.8,1.05,0.839030119322251,181.78508005805696,0.01475,0.012434352996367715,0.15266290467974616,0.161748201234139,33.65570568994219,39,28,0,True
8.5,3,0.8,1.05,0.8460801465844121,181.79730576834683,0.01475,0.012438235198222574,0.1549017392852,0.1631688202706117,33.438518711203535,39,28,0,True
8.5,3,0.8,1.05,0.8415832458438471,181.79142947125106,0.01475,0.012435816269442531,0.1534709195322208,0.16226136916098846,33.57677846211852,39,28,0,True
8.5,3,0.8,1.05,0.8386824420198431,181.79097798949257,0.01475,0.012434234291427159,0.15254979241622302,0.16167601866335057,33.66685127483036,39,28,0,True
8.5,3,0.8,1.05,0.8427342656547151,181.79033026138436,0.01475,0.012436414523881742,0.15383778911066393,0.1624943477656326,33.541123831040046,39,28,0,True
8.5,3,0.8,1.05,0.8376680094175599,181.791296199357,0.01475,0.012433675293177933,0.1522280836086247,0.16147137995741384,33.69850801538443,39,28,0,True
8.5,3,0.8,1.05,0.8387086378253703,181.79029432816827,0.01475,0.012434240304152003,0.15255842792580782,0.16168154003397275,33.66599834795567,39,28,0,True
8.5,3,0.8,1.05,0.8409803840559953,181.7916195827074,0.01475,0.012435495070578093,0.15327912528802456,0.16213954005067185,33.595467200142075,39,28,0,True
8.5,3,0.8,1.05,0.8385109285399633,181.79395902548356,0.01475,0.012434176364728844,0.1524939755855818,0.16164039211249367,33.672356292479854,39,28,0,True
8.5,3,0.8,1.05,0.842350979587587,181.79113494305207,0.01475,0.012436221589506078,0.153715363121513,0.1624165958264662,33.5530105260411,39,28,0,True
8.5,3,0.8,1.05,0.8383044902722101,181.7906403052145,0.01475,0.012434021094002956,0.15243011114516786,0.16159992042710297,33.678613178921815,39,28,0,True
8.5,3,0.8,1.05,0.8381219272771337,181.79316305331753,0.01475,0.012433950991082047,0.15237103335698982,0.1615622338458945,33.6844425520824,39,28,0,True
8.5,3,0.8,1.05,0.8401282853193766,181.79646901418735,0.01475,0.012435094018067775,0.15300603868987495,0.16196581428973483,33.622169692512955,39,29,0,True
8.5,3,0.8,1.05,0.8386763127003538,181.7911312079479,0.01475,0.012434232807983734,0.15254777579960924,0.1616747296130797,33.667050413048976,39,29,0,True
8.5,3,0.8,1.05,0.8422907912126997,181.7858371447483,0.01475,0.012436124197545514,0.15369875978304143,0.16240628997336728,33.55458700764543,39,29,0,True
8.5,3,0.8,1.05,0.841983330420257,181.79182017890406,0.01475,0.012436034654579585,0.15359801949116125,0.16234206292259643,33.56441667816791,39,29,0,True
8.5,3,0.8,1.05,0.8404617372562124,181.7912145777088,0.01475,0.01243521000507002,0.1531144902877409,0.16203496121297908,33.611534034189305,39,29,0,True
8.5,3,0.8,1.05,0.8426576094558155,181.7895574505289,0.01475,0.012436364476837491,0.15381375190908117,0.16247912435521272,33.54345021145039,39,29,0,True
8.5,3,0.8,1.05,0.8500718181889564,181.79946957548626,0.01475,0.012440245514332763,0.15617872961253523,0.1639713987740979,33.31673348599695,39,29,0,True
8.5,3,0.8,1.05,0.8396233111447258,181.78823031183242,0.01475,0.012434717061122858,0.15284964806494722,0.16186678015945236,33.63741954865484,39,29,0,True
8.5,3,0.8,1.05,0.8426938250059759,181.7922824532246,0.01475,0.012436417286887099,0.15382396864261685,0.16248548854479652,33.54247760412388,39,29,0,True
8.5,3,0.8,1.05,0.8343169023783952,181.79477717547996,0.01475,0.012431815738802043,0.1511665702951843,0.1607953821938028,33.803704739483074,39,29,0,True
8.5,3,0.8,1.05,0.838425113254375,181.79362647840048,0.01475,0.012434124784184599,0.15246692498510891,0.16162320327070737,33.6750132563282,39,29,0,True
8.5,3,0.8,1.05,0.8403680318537209,181.7892092207008,0.01475,0.012435134461492362,0.15308568279541934,0.16201674497729374,33.61433496269128,39,29,0,True
8.5,3,0.8,1.05,0.8393437618504239,181.78744998060378,0.01475,0.012434554441878723,0.1527612908302177,0.16181064752766186,33.646072176015444,39,29,0,True
8.5,3,0.8,1.05,0.8416970131417288,181.78749674225998,0.01475,0.012435828503136225,0.15350900482121685,0.16228572975109037,33.57304516658142,39,29,0,True
8.5,3,0.8,1.05,0.8410420073834615,181.79155160408348,0.01475,0.012435527401739746,0.1532987481349483,0.16215200830256296,33.59355315598652,39,29,0,True
8.5,3,0.8,1.05,0.8410934582764615,181.79154912304304,0.01475,0.012435555049314827,0.1533151065775844,0.16216239970959406,33.59195817926695,39,29,0,True
8.5,3,0.8,1.05,0.8401790666348321,181.79061053881213,0.01475,0.012435049237571662,0.15302498200854953,0.16197811067697274,33.62027763478115,39,29,0,True
8.5,3,0.8,1.05,0.8398368413994498,181.79226493980718,0.01475,0.012434883441922126,0.1529155045521156,0.16190846159820838,33.63099872915691,39,29,0,True
8.5,3,0.8,1.05,0.8420475317493645,181.79281560930377,0.01475,0.012436081132567715,0.15361796990746143,0.1623546863744853,33.562484048329004,39,29,0,True
8.5,3,0.8,1.05,0.8397184638912507,181.78996732354676,0.01475,0.012434790483688283,0.1528790224096807,0.16188537483257412,33.63455468791275,39,29,0,True
8.5,3,0.8,1.05,0.8333722307335197,181.79308780865583,0.01475,0.012431246632040878,0.15086926051948904,0.16060412044265732,33.83335176341162,39,29,0,True
8.5,3,0.8,1.05,0.8423263083378539,181.79097648858544,0.01475,0.012436206543567146,0.15370758593875689,0.16241166543214142,33.55376469914244,39,29,0,True
8.5,3,0.8,1.05,0.8420912558364324,181.79352396893358,0.01475,0.01243611314908921,0.1536315431556621,0.1623632731404422,33.56116961462368,39,29,0,True
8.5,3,0.8,1.05,0.8433324020927438,181.7945812892574,0.01475,0.012436781936853802,0.1540262751845805,0.16261378352389227,33.522888509608585,39,29,0,True
8.5,3,0.8,1.05,0.8389991100347051,181.786550287576,0.01475,0.012434354100636492,0.15265236190223908,0.16174143340607736,33.6567502395995,39,29,0,True
8.5,3,0.8,1.05,0.8391094629928564,181.79239021936863,0.01475,0.012434486898106192,0.15268457386925977,0.16176165737916842,33.65362914429304,39,29,0,True
8.5,3,0.8,1.05,0.8365137994847945,181.79376618903106,0.01475,0.012433057954406879,0.15186144909635682,0.16123795800835403,33.73472400914064,39,29,0,True
8.5,3,0.8,1.05,0.8535035315667402,181.80691149568057,0.01475,0.012441968422187288,0.15727791705960453,0.1646608104809695,33.2131503100797,39,29,0,True
8.5,3,0.8,1.05,0.837275185815972,181.7967233097589,0.01475,0.012433522715733175,0.15210106439047003,0.16139032587097302,33.71107085409686,39,29,0,True
8.5,3,0.8,1.05,0.8432296135775065,181.78703125135593,0.01475,0.01243663467761142,0.1539971723918024,0.1625956510681197,33.525655085035595,39,29,0,True
8.5,3,0.8,1.05,0.8397251750366737,181.7900936886289,0.01475,0.012434795707724674,0.1528810924320818,0.16188668500116726,33.63435285862001,39,29,0,True
8.5,3,0.8,1.05,0.8402853130734921,181.7893463079861,0.01475,0.012435091296822213,0.15305933867831517,0.16199999887547523,33.616910446238805,39,29,0,True
8.5,3,0.8,1.05,0.8380376103255494,181.7919012996672,0.01475,0.012433888568078333,0.15234491244793544,0.16154567399169426,33.68700497024537,39,29,0,True
8.5,3,0.8,1.05,0.8422964808305974,181.78575758634761,0.01475,0.012436126234407475,0.15370060930328983,0.1624074677134047,33.55440683832182,39,29,0,True
8.5,3,0.8,1.05,0.8516653449155033,181.80663952378274,0.01475,0.01244110002813936,0.1566868502287815,0.16429005809069183,33.26873804728964,39,29,0,True
8.5,3,0.8,1.05,0.8411072933785884,181.7915568315418,0.01475,0.012435562584547664,0.15331950146404208,0.1621651910709708,33.59152977106974,39,29,0,True
8.5,3,0.8,1.05,0.8409266808018542,181.7917370182739,0.01475,0.012435467595436634,0.15326199745256824,0.16212865426544326,33.59713857544988,39,29,0,True
8.5,3,0.8,1.05,0.8381363323353367,181.7924579255653,0.01475,0.012433950280702679,0.1523759366711304,0.16156538357769212,33.68395523737698,39,29,0,True
8.5,3,0.8,1.05,0.838179129938946,181.79085121057085,0.01475,0.01243395418303381,0.15239027053271623,0.16157457109386586,33.68253389718371,39,29,0,True
8.5,3,0.8,1.05,0.8396698741963335,181.78906729784438,0.01475,0.012434752836453707,0.15286402835647658,0.16187588392594537,33.63601685216374,39,29,0,True
8.5,3,0.8,1.05,0.8397142612115903,181.7898884413411,0.01475,0.012434787215234208,0.15287772599855923,0.1618845542883579,33.63468109319004,39,29,0,True
8.5,3,0.8,1.05,0.842620100759274,181.78780834388178,0.01475,0.012436323033511684,0.15380265253622646,0.16247215643824608,33.54451517808638,39,29,0,True
8.5,3,0.8,1.05,0.8396236593016521,181.78823647424753,0.01475,0.012434717327482263,0.15284975563157302,0.16186684826198,33.63740905487033,39,29,0,True
8.5,3,0.8,1.05,0.8386946057717757,181.7906674286163,0.01475,0.01243423716903365,0.152553798897801,0.16167858004429456,33.66645559154373,39,29,0,True
8.5,3,0.8,1.05,0.8411945959016547,181.79168602438313,0.01475,0.012435611099157542,0.1533471964815546,0.16218277724549357,33.58883107539426,39,29,0,True
8.5,3,0.8,1.05,0.8397200834464996,181.7899977734263,0.01475,0.012434791743838353,0.15287952197453458,0.16188569102198558,33.634505979135234,39,29,0,True
8.5,3,0.8,1.05,0.8409735545657634,181.79163150107772,0.01475,0.012435491540225335,0.1532769485252513,0.16213815673248744,33.59567957773941,39,29,0,True
8.5,3,0.8,1.05,0.8330963725167969,181.79880149634434,0.01475,0.012431156081852844,0.1507795569827475,0.16054611625038223,33.84235631770338,39,29,0,True
8.5,3,0.8,1.05,0.8358186203816391,181.79318256019025,0.01475,0.012432656786456027,0.1516418242805276,0.16109816319723536,33.75646815296317,39,29,0,True
8.5,3,0.8,1.05,0.8402802365746369,181.78936815300696,0.01475,0.012435088812396265,0.15305771554309328,0.16199896648987397,33.61706924192257,39,29,0,True
8.5,3,0.8,1.05,0.8333258798904167,181.79989318680836,0.01475,0.01243130360922836,0.15085141704724012,0.1605923360140098,33.835180606894134,39,29,0,True
8.5,3,0.8,1.05,0.8387926363282372,181.78775797613426,0.01475,0.0124342553129499,0.15258628548637937,0.16169936574996752,33.66324510974821,39,29,0,True
8.5,3,0.8,1.05,0.8427834717109929,181.79180833483994,0.01475,0.012436458769532532,0.15385274585312253,0.1625037757435178,33.53968332211265,39,29,0,True
8.5,3,0.8,1.05,0.8399065810909643,181.79367986816885,0.01475,0.012434938925463686,0.1529369696822288,0.16192204186754572,33.628907530594105,39,29,0,True
8.5,3,0.8,1.05,0.8387476941846723,181.78917673693638,0.01475,0.0124342480469796,0.15257135050454496,0.16168980650023548,33.66472148413614,39,29,0,True
8.5,3,0.8,1.05,0.8421246511918469,181.79408092040393,0.01475,0.012436137791722863,0.1536419027577278,0.16236982603563896,33.560166620483166,39,29,0,True
8.5,3,0.8,1.05,0.839702765475485,181.78967366729327,0.01475,0.012434778286685733,0.15287417942866377,0.1618823094862796,33.635026913262344,39,29,0,True
8.5,3,0.8,1.05,0.8405525151694241,181.79281588651952,0.01475,0.012435278918894116,0.15314256400308568,0.1620527282256148,33.60880283623135,39,29,0,True
8.5,3,0.8,1.05,0.8404254224617961,181.7905682192783,0.01475,0.012435182352023086,0.1531032631254906,0.1620278559318342,33.61262646098873,39,30,0,True
8.5,3,0.8,1.05,0.844773435869604,181.7925041316736,0.01475,0.01243750627012331,0.15448680292244302,0.1629060199779554,33.47839223907117,39,30,0,True
8.5,3,0.8,1.05,0.8408290304689171,181.78764652952313,0.01475,0.012435364416152542,0.15323292569234315,0.16211036616686708,33.599947030812096,39,30,0,True
8.5,3,0.8,1.05,0.8417975947479565,181.7933789229795,0.01475,0.012435954889318087,0.15353816960422279,0.16230398983431665,33.57024757906981,39,30,0,True
8.5,3,0.8,1.05,0.8423245668056536,181.79096600078248,0.01475,0.012436205489963508,0.15370703662163462,0.16241131715572676,33.55381797479079,39,30,0,True
8.5,3,0.8,1.05,0.840659138062366,181.7876746968872,0.01475,0.01243527304815926,0.15317891719307122,0.16207605233680708,33.605218370572544,39,30,0,True
8.5,3,0.8,1.05,0.8417613711759533,181.79401044382493,0.01475,0.012435943356391482,0.15352634081714514,0.1622964503432935,33.57140260533331,39,30,0,True
8.5,3,0.8,1.05,0.8355256603310475,181.7936514836252,0.01475,0.012432495694233093,0.15154897642228032,0.1610390196395214,33.76567989665384,39,30,0,True
8.5,3,0.8,1.05,0.8415163701089964,181.7863788284732,0.01475,0.012435718085745454,0.15345208115382988,0.16224962869591608,33.578578139293825,39,30,0,True
8.5,3,0.8,1.05,0.8317770715959485,181.79916181228253,0.01475,0.012430383938507783,0.15036366582557534,0.1602782345428776,33.8840334285643,39,30,0,True
8.5,3,0.8,1.05,0.8444360618557012,181.7951127302752,0.01475,0.012437364011876121,0.154377895819343,0.16283683363306553,33.488911015446405,39,30,0,True
8.5,3,0.8,1.05,0.8415085128515587,181.78631690788743,0.01475,0.012435713114432444,0.1534496118357961,0.16224806317830173,33.5788181363285,39,30,0,True
8.5,3,0.8,1.05,0.8396653085129886,181.7889841012781,0.01475,0.012434749315187853,0.15286261882753124,0.1618749916516162,33.636154325062314,39,30,0,True
8.5,3,0.8,1.05,0.8426511700653071,181.78880042977363,0.01475,0.012436351719178387,0.15381206690212862,0.16247808838257308,33.54360854178983,39,30,0,True
8.5,3,0.8,1.05,0.8419423636347402,181.79121374227068,0.01475,0.012436005339880441,0.15358527595570495,0.1623339980641233,33.56565156535299,39,30,0,True
8.5,3,0.8,1.05,0.8422072808815542,181.7955156999169,0.01475,0.012436199437466506,0.15366750942522478,0.16238602034354557,33.55768827622414,39,30,0,True
8.5,3,0.8,1.05,0.8400117613902512,181.79588291940252,0.01475,0.01243502340157053,0.15296931225621643,0.16194249994067145,33.625757951253256,39,30,0,True
8.5,3,0.8,1.05,0.8426399579493644,181.79455035448825,0.01475,0.012436416834307393,0.1538057203926923,0.16247380446044743,33.544263287754234,39,30,0,True
8.5,3,0.8,1.05,0.8422520032227239,181.78638457088712,0.01475,0.01243611036889893,0.1536861488640953,0.16239825927627052,33.555815609985856,39,30,0,True
8.5,3,0.8,1.05,0.8415862930031975,181.79132303460102,0.01475,0.012435816584508536,0.1534719400778206,0.1622620219971673,33.57667839818722,39,30,0,True
8.5,3,0.8,1.05,0.8403980540426161,181.7892588655229,0.01475,0.012435151345762776,0.15309519698143728,0.16202278831080147,33.613405663964414,39,30,0,True
8.5,3,0.8,1.05,0.8442828288955782,181.7939356172528,0.01475,0.012437269981429314,0.15432958687828768,0.16280624474510177,33.493564695039545,39,30,0,True
8.5,3,0.8,1.05,0.8414281705599609,181.79270886985802,0.01475,0.012435749054354246,0.15342098021168096,0.1622295961421874,33.58164954951829,39,30,0,True
8.5,3,0.8,1.05,0.8446627809803205,181.79634213053015,0.01475,0.012437496544638741,0.15444963298529735,0.16288227622249912,33.48200104150709,39,30,0,True
8.5,3,0.8,1.05,0.8406247664968085,181.79406374470543,0.01475,0.012435333404768111,0.1531649227668082,0.16206687909239825,33.60662798765134,39,30,0,True
8.5,3,0.8,1.05,0.8411030194977764,181.79155407249942,0.01475,0.01243556025224857,0.15331814398967084,0.16216432890537674,33.591662091465864,39,30,0,True
8.5,3,0.8,1.05,0.8461733600878116,181.79633298668594,0.01475,0.012438270558566503,0.15493199871742172,0.16318790057752589,33.43560828706225,39,30,0,True
8.5,3,0.8,1.05,0.819158200311402,181.84726009696232,0.01475,0.012423031081886172,0.1463940253498388,0.1577114489473243,34.291147143676696,39,30,0,True
8.5,3,0.8,1.05,0.8408804471482425,181.79415508311547,0.01475,0.012435472550691003,0.15324613798237638,0.16211847237555094,33.59870209680323,39,30,0,True
8.5,3,0.8,1.05,0.8412605877408552,181.79187636619915,0.01475,0.012435648889377869,0.15336808834568277,0.16219603891214254,33.586796419025895,39,30,0,True
8.5,3,0.8,1.05,0.8420088237356441,181.792208939306,0.01475,0.012436053032482903,0.15360594445380088,0.1623470777118102,33.563648883143934,39,30,0,True
8.5,3,0.8,1.05,0.8420914184400474,181.7935266477429,0.01475,0.012436113268683284,0.15363159361220213,0.1623633050581266,33.561164729051285,39,30,0,True
8.5,3,0.8,1.05,0.8408395701248333,181.78755393162362,0.01475,0.012435368956459948,0.1532363202463618,0.16211252679041466,33.599615193719295,39,30,0,True
8.5,3,0.8,1.05,0.8440040812465592,181.7901299212248,0.01475,0.012437078024000833,0.15424253318480247,0.1627511927407732,33.50194487258513,39,30,0,True
8.5,3,0.8,1.05,0.8544653115930665,181.81383849873004,0.01475,0.012442498823254631,0.15758425400163992,0.16485253099570288,33.18451160456883,39,30,0,True
8.5,3,0.8,1.05,0.8415374849848103,181.7865503641456,0.01475,0.012435731506826045,0.15345871459043303,0.16225383395592505,33.57793348923728,39,30,0,True
8.5,3,0.8,1.05,0.8415274974546042,181.78646829051914,0.01475,0.012435725147279957,0.15345557734610715,0.162251845150093,33.57823836094622,39,30,0,True
8.5,3,0.8,1.05,0.8415857034696014,181.79134362190564,0.01475,0.01243581652349555,0.15347174263508573,0.16226189569465022,33.57669775722758,39,30,0,True
8.5,3,0.8,1.05,0.8412891547765377,181.79198309723748,0.01475,0.01243566554100493,0.15337712088324884,0.16220177135190128,33.585917037537264,39,30,0,True
8.5,3,0.8,1.05,0.8423214521714782,181.79094747303637,0.01475,0.012436203608438038,0.15370605409010518,0.16241069420305,33.55391326813081,39,30,0,True
8.5,3,0.8,1.05,0.8420563665969002,181.79295679863384,0.01475,0.012436087578713183,0.1536207133960187,0.16235642207404669,33.56221834103562,39,30,0,True
8.5,3,0.8,1.05,0.8459777079350949,181.79222398737798,0.01475,0.01243812026130682,0.1548714782465627,0.16314991183099095,33.44138900899524,39,30,0,True
8.5,3,0.8,1.05,0.8429504220664267,181.79378132256375,0.01475,0.012436571198614788,0.1539049666974167,0.16253683308367875,33.53463389257307,39,30,0,True
8.5,3,0.8,1.05,0.8397867190190618,181.7912749947442,0.01475,0.012434843881167815,0.1529000653325252,0.16189869222490333,33.63250333088818,39,30,0,True
8.5,3,0.8,1.05,0.8436728743343288,181.79303695498697,0.01475,0.012436941156021395,0.15413553260152887,0.16268317893384812,33.51230661256034,39,30,0,True
8.5,3,0.8,1.05,0.8412858021714417,181.7919698145089,0.01475,0.01243566357768022,0.15337606118270408,0.16220109885752548,33.58602019764494,39,30,0,True
8.5,3,0.8,1.05,0.8409426536407674,181.791696401018,0.01475,0.012435475698788934,0.15326709438372868,0.16213189395433805,33.59664113655757,39,30,0,True
8.5,3,0.8,1.05,0.836911015627825,181.78859232799832,0.01475,0.012433217897034124,0.15198963882316965,0.1613197732499113,33.72201720507779,39,30,0,True
8.5,3,0.8,1.05,0.8431173228343071,181.78738861386842,0.01475,0.012436580069724841,0.15396122295284737,0.1625728209057443,33.529139367745245,39,30,0,True
8.5,3,0.8,1.05,0.8416737150506699,181.78829556945882,0.01475,0.012435825923460979,0.15350120819230853,0.16228074314816981,33.57380927176568,39,30,0,True
8.5,3,0.8,1.05,0.8493561178338969,181.8014613049969,0.01475,0.012439921339773412,0.1559482261063145,0.16382652962762365,33.33862029751217,39,30,0,True
8.5,3,0.8,1.05,0.8397771884841566,181.79108952256556,0.01475,0.012434836391323315,0.1528971283937681,0.16189683368659338,33.63278959059192,39,30,0,True
8.5,3,0.8,1.05,0.8419485172460099,181.79130337566264,0.01475,0.012436009725836385,0.15358719083162048,0.1623352099860946,33.56546598796311,39,30,0,True
8.5,3,0.8,1.05,0.8387393625914643,181.78942457076457,0.01475,0.012434246512457175,0.15256858926519842,0.1616880397737153,33.664994366239846,39,30,0,True
8.5,3,0.8,1.05,0.8419160136628995,181.79155159385581,0.01475,0.012435995469906987,0.1535767283530739,0.16232855553876865,33.56648499733017,39,30,0,True
8.5,3,0.8,1.05,0.8412391283954589,181.7918058331453,0.01475,0.01243563649677906,0.15336129869798779,0.16219172942974505,33.58745755697212,39,30,0,True
8.5,3,0.8,1.05,0.8408696627765198,181.7942535265083,0.01475,0.012435467953082742,0.15324266275921028,0.1621162602855605,33.599041811407346,39,30,0,True
8.5,3,0.8,1.05,0.8420010492150422,181.79208946947662,0.01475,0.012436047417036997,0.1536035280526042,0.16234554869957044,33.56388297885971,39,30,0,True
8.5,4,0.8,1.05,0.7616584391309187,176.24081575766886,0.013499999999999998,0.011454949332900815,0.13304168058367616,0.14901682562457097,35.729137890620585,39,1,0,True
8.5,4,0.7198287845738189,0.8555533708068948,0.8786312477294781,273.4180107918343,0.013499999999999998,0.012135896003192766,0.2148139928670957,0.15193683060201274,35.256349350757425,39,1,0,False
8.5,4,0.7969326894915127,1.05,1.0647714069105285,212.74329820934955,0.013499999999999998,0.011580758633943271,0.23231846215475535,0.20097546240474243,28.127879377295113,39,1,0,False
8.5,4,0.6958434587968266,0.8013450139839,0.6607436236673492,299.0292144371838,0.013499999999999998,0.012092661721961774,0.14843077524896173,0.10445321252038672,44.257171616821296,39,1,0,False
8.5,4,0.6877277425965658,1.015527125397954,0.8577040002819902,254.49035037256115,0.013499999999999998,0.012429161002980714,0.17934939729345015,0.14130120838268395,37.042851890353354,39,1,0,False
8.5,4,0.7808835085922119,1.05,0.8872420059769556,185.78268201623143,0.013499999999999998,0.011674956357168148,0.17407354563976316,0.16956119117424306,32.49901550802498,39,1,0,False
8.5,4,0.8,0.8211703925784434,0.5,231.53891016635814,0.013499999999999998,0.011170788209726014,0.08670820408702208,0.08618573254127775,48.6266523091937,39,1,0,False
8.5,4,0.7972953399755904,1.05,0.9497341753518771,188.84617878700192,0.013499999999999998,0.01157590368329265,0.19288096766028504,0.1834622724515954,30.4303028742195,39,1,0,False
8.5,4,0.7890988281503089,0.9157449223859513,0.8814695437023616,206.10696169401797,0.013499999999999998,0.011598251687944624,0.19509705410717196,0.16959673148314228,32.493459060212174,39,1,0,False
8.5,4,0.6709212765994204,1.05,0.7306017707662683,262.4389855865485,0.013499999999999998,0.012472189010333172,0.13375325260681808,0.11181622076744238,42.641617096547,39,1,0,False
8.5,4,0.7847803193311068,0.9134314210231006,1.142031616437854,275.1661081657155,0.013499999999999998,0.011649198798313345,0.2940971604453419,0.20609703886010028,27.513507589656758,39,1,0,False
8.5,4,0.7779401080583058,1.05,0.8981427090909042,189.30839616130478,0.013499999999999998,0.011702124750315308,0.17794048651325714,0.17088771800197808,32.31250786666125,39,1,0,False
8.5,4,0.8,0.820402831876937,0.7472541419687424,195.31988562167055,0.013499999999999998,0.011390071604933483,0.16585041934677075,0.14650623201775606,36.14247740127871,39,1,0,False
8.5,4,0.7813199657562561,0.9838694285622169,0.8570125746835598,192.39788199423677,0.013499999999999998,0.011649874394344133,0.17495581728746915,0.16374281724150988,33.35242476573769,39,1,0,False
8.5,4,0.5548983707931427,0.9334949225252729,0.9658067317848243,551.5020694045215,0.013499999999999998,0.013950229336556487,0.2512107927032404,0.11820097076463373,41.32726567914226,39,1,0,False
8.5,4,0.8,0.7644322179546349,0.8774100369174999,236.1294556429483,0.013499999999999998,0.011485027154163923,0.22751545638152823,0.16988547738804222,32.451888369108765,39,1,0,False
8.5,4,0.707227961371027,0.8981779787470896,0.6304025512181864,266.00688721982357,0.013499999999999998,0.011990839624836323,0.1209517759280528,0.0997165129850107,45.382957069644846,39,1,0,False
8.5,4,0.7643499839698745,0.7999511336122813,0.9785026694111483,279.8076930094648,0.013499999999999998,0.011808154565689533,0.26273395269357885,0.17721243797177888,31.34213356569395,39,1,0,False
8.5,4,0.7445345262031955,1.05,0.7842948908314464,190.95197055933306,0.013499999999999998,0.011888777218262064,0.14459461159104192,0.14132615764500267,37.03534803345124,39,1,0,False
8.5,4,0.7865231963939849,0.7335737552847326,0.9618151793177738,279.6225338674428,0.013499999999999998,0.01161647560887692,0.27297113734281336,0.1788102924029061,31.101111056469836,39,1,0,False
8.5,4,0.7880716963864405,0.5481440975848925,1.0126658782070863,385.2483998309043,0.013499999999999998,0.011537669048489352,0.3776123697541972,0.18133787133000773,30.73268667888055,39,1,0,False
8.5,4,0.7820707866848496,0.4607549007233907,0.9838738573834026,444.70960246913506,0.013499999999999998,0.011521415177613813,0.4227561635380046,0.1740129412001828,31.829291200292197,39,1,0,False
8.5,4,0.7050818126927734,0.7295239572390269,1.0330493208171692,389.84135783573385,0.013499999999999998,0.01229317981240751,0.31748647710134914,0.1680884168342511,32.714715317757644,39,1,0,False
8.5,4,0.7354812948697285,0.681153678914812,0.8798565420306507,322.70745159357995,0.013499999999999998,0.011954278006293347,0.26233643746365276,0.15359069883271506,34.97332047492556,39,1,0,False
8.5,4,0.8,1.05,0.958850392382867,189.1805073729552,0.013499999999999998,0.011558321738869946,0.19560839622527815,0.18551770252744065,30.142616699099356,39,1,0,False
8.5,4,0.7236293959748662,0.9424956451088713,0.8804872065591726,246.3056477587113,0.013499999999999998,0.012119554806450102,0.19673171138316756,0.15394801354220183,34.913917552622614,39,1,0,False
8.5,4,0.8,0.7498703704762202,0.8753466444721482,239.97940346961764,0.013499999999999998,0.01147969217218914,0.2307326573070909,0.16934279267642152,32.52886162326237,39,1,0,False
8.5,4,0.7866873526608431,0.700241750139593,0.7445557124423415,235.34176931798638,0.013499999999999998,0.011447377065420941,0.1941508491949291,0.1427363835592267,36.78612677863497,39,1,0,False
8.5,4,0.7217830573094551,0.9898205507040959,0.8695576474709901,233.7943636481708,0.013499999999999998,0.012133595422948567,0.1843392885379977,0.1520148738687451,35.242774025094086,39,1,0,False
8.5,4,0.7640937035696082,0.9753863023684473,0.9888084318651433,233.22283540481948,0.013499999999999998,0.011834818710989795,0.22437155600703618,0.1811852276128373,30.756152289955597,39,1,0,False
8.5,4,0.8,0.8844488532101717,0.8002330527948162,190.92640729819993,0.013499999999999998,0.011454859854216947,0.1717280952718985,0.15695146849901553,34.4144622718868,39,1,0,False
8.5,4,0.8,0.8467071557596719,1.2864898677136778,329.81055905217073,0.013499999999999998,0.011409358364602551,0.37210020546631156,0.2252437790237983,25.374718219839327,39,1,0,False
8.5,4,0.7076817536742951,0.8015836029025283,0.7168380604645118,278.52435090085413,0.013499999999999998,0.012064515393523982,0.16749208130369225,0.11882162615336814,41.19774255992192,39,1,0,False
8.5,4,0.8,1.0237839387634748,0.5,264.9406541622136,0.013499999999999998,0.011342850780687072,0.06451540026444477,0.07883764727159914,50.503840194601345,39,1,0,False
8.5,4,0.673761737728971,1.05,0.7577000485857469,255.60240426509702,0.013499999999999998,0.01247428041115532,0.14212266813274152,0.11823012484508946,41.31576112424592,39,1,0,False
8.5,4,0.7072784992950306,0.9865440487731265,1.09465011735908,306.2669347354852,0.013499999999999998,0.01230364387987007,0.26932545770899635,0.1818234195137429,30.66870738230322,39,1,0,False
8.5,4,0.8,0.5635868043960646,0.9900070558138648,354.29112970899416,0.013499999999999998,0.011456836721700454,0.3553482242014716,0.1817961794341913,30.666462395311747,39,1,0,False
8.5,4,0.8,0.6980346627007545,0.9232031542044651,270.1750183043051,0.013499999999999998,0.01149092578313328,0.26653593197588327,0.17582835652286352,31.549931148211055,39,1,0,False
8.5,4,0.7875968172301241,1.0032488384308964,0.7398689055186831,177.80115435282383,0.013499999999999998,0.011515879287452558,0.13383230611477934,0.1417823321714474,36.95261762078276,39,1,0,True
8.5,4,0.7336073899916754,0.8548275334739291,1.03075316821375,304.617159739958,0.013499999999999998,0.012076440838932593,0.27296577009650635,0.1778242585121558,31.251755943452824,39,1,0,False
8.5,4,0.8,0.9188710920234207,0.8798202564207444,198.54745201364142,0.013499999999999998,0.011518244551399446,0.19269188825832184,0.17185948728814276,32.16763857461054,39,1,0,False
8.5,4,0.8,1.05,0.7854445780381116,176.14374692262132,0.013499999999999998,0.011472797611954556,0.1402210703766762,0.15403136343455223,34.89551057313123,39,1,0,True
8.5,4,0.8,0.9696004478736344,0.887458622099471,190.049633141786,0.013499999999999998,0.0115287764432553,0.18575203589381933,0.1734120500689015,31.921823253419404,39,1,0,False
8.5,4,0.8,1.05,0.8507106512662034,176.69885481884373,0.013499999999999998,0.01151558064576149,0.16045556433757632,0.1670228910626767,32.864032754724846,39,1,0,True
8.5,4,0.7126545887478056,0.8890777604784035,1.0526614561022487,320.2439121917895,0.013499999999999998,0.012260992313528672,0.27572333485646744,0.1761025334406144,31.51414014960783,39,1,0,False
8.5,4,0.7745917005372597,0.9938352516501247,0.8759057234143127,197.90620164922063,0.013499999999999998,0.011712928043730636,0.18027251153498608,0.16569175039785794,33.06155702012583,39,1,0,False
8.5,4,0.7361318070090103,1.05,0.6303756117829993,220.27230160540776,0.013499999999999998,0.01181760645345108,0.0993535655795805,0.10368422966676963,44.43294922543264,39,1,0,False
8.5,4,0.8,0.8330480130341213,0.8080034867126199,203.4810826662912,0.013499999999999998,0.011449921846373569,0.1847981502459822,0.1581891497949314,34.214294495581946,39,1,0,False
8.5,4,0.8,0.8837146400088216,0.8297558346536299,196.49043775731093,0.013499999999999998,0.011478550470073033,0.18210635609354603,0.16245808940327142,33.54666546554037,39,1,0,False
8.5,4,0.7069004023193997,0.899120600495518,0.9578879509620026,293.8150483354459,0.013499999999999998,0.012298724725598007,0.23669567505437802,0.16143557516381152,33.70964757456865,39,1,0,False
8.5,4,0.7297043811186782,0.9210062907701833,0.7407998510625751,220.87355847171602,0.013499999999999998,0.011941808871022988,0.15158987927776513,0.12946673896479272,39.24148742703871,39,1,0,False
8.5,4,0.7491001445295804,0.9108099221792026,0.9102826014245704,241.17811538120066,0.013499999999999998,0.011921808953702642,0.21104879320879175,0.16482307882563743,33.1920174962038,39,1,0,False
8.5,4,0.7915673541057243,1.05,0.6818161095686164,181.19929138090689,0.013499999999999998,0.011450263572640342,0.11033963157799925,0.12899652005505083,39.31940698796643,39,1,0,False
8.5,4,0.5557849030191895,0.9251368488202693,0.8570147611277273,536.8415856544146,0.013499999999999998,0.013857816273710655,0.20979172861874892,0.10242115227458158,44.73737330048501,39,1,0,False
8.5,4,0.6100460264844831,0.8881264997176731,0.8394700509547252,409.4020410833366,0.013499999999999998,0.013180836933292996,0.20493409945671484,0.11548760691232463,41.8712961259672,39,1,0,False
8.5,4,0.8,1.011857626425968,1.0214984493421468,209.51214142498648,0.013499999999999998,0.01156544464164757,0.22412813770752496,0.19487973217274593,28.902855478614846,39,1,0,False
8.5,4,0.7341164735371327,0.9140363519004302,0.9524856311027781,262.66643017717007,0.013499999999999998,0.012063913308042502,0.2278231494231482,0.1679201920693625,32.7372805487037,39,1,0,False
8.5,4,0.8,0.943556103476856,0.7229272400245531,174.56464484363417,0.013499999999999998,0.011397949543453375,0.13627987783450635,0.14106889236686165,37.0778661007339,39,1,0,True
8.5,4,0.8,1.05,0.5,270.7752335039042,0.013499999999999998,0.01137033038035598,0.06217905284280384,0.0777234645946398,50.80004794104085,39,2,0,False
8.5,4,0.8,1.05,0.7369724996333737,176.5520997513019,0.013499999999999998,0.01143554875967984,0.12570875000771983,0.14348517828243026,36.65537646881304,39,2,0,True
8.5,4,0.8,1.05,0.7990100300621724,176.17142780704003,0.013499999999999998,0.011482554241706838,0.14436151447853268,0.15676975169085638,34.4441407984267,39,2,0,True
8.5,4,0.7328669480602507,1.05,0.5,306.54388694248786,0.013499999999999998,0.011827508582680835,0.06496783055039344,0.06574943862841036,54.42149495804327,39,2,0,False
8.5,4,0.7327746070706348,1.003912948659163,0.6664914874832919,212.28513088246504,0.013499999999999998,0.011860270383523674,0.11561383861662797,0.11249029206731777,42.49392986093642,39,2,0,False
8.5,4,0.8,1.05,0.7052773752841645,177.34849830898307,0.013499999999999998,0.011410165699599559,0.11647077146887608,0.1363053851402054,37.94789215080063,39,2,0,True
8.5,4,0.8,1.05,0.5,270.7752335039042,0.013499999999999998,0.01137033038035598,0.06217905284280384,0.0777234645946398,50.80004794104085,39,2,0,False
8.5,4,0.8,1.05,0.5303156870743871,244.89967803616767,0.013499999999999998,0.011341295255383564,0.06953246575451925,0.08797084488536766,48.19330117812149,39,2,0,False
8.5,4,0.8,0.9673186333549091,0.8722891360622036,187.51120775988082,0.013499999999999998,0.011520198606713033,0.1810317768429382,0.17084970845193068,32.316426949321915,39,2,0,False
8.5,4,0.8,1.05,0.5595435163548947,225.70468747357307,0.013499999999999998,0.011332126042262141,0.07685504880353962,0.09731199292410037,45.98284623276666,39,2,0,False
8.5,4,0.8,0.9654049267785263,0.8179732885210281,178.68434656134377,0.013499999999999998,0.011484051595388995,0.16330406229083166,0.16051747236908087,33.846805574748636,39,2,0,False
8.5,4,0.8,1.05,0.8296069913750774,176.40984241804782,0.013499999999999998,0.011502962463141714,0.15382710116736414,0.16287108019234325,33.48370311599917,39,2,0,True
8.5,4,0.8,0.7786944337832152,0.5496722795958434,214.4181735001355,0.013499999999999998,0.01117094790864895,0.10771588254318766,0.10110984545943688,45.039226879064294,39,2,0,False
8.5,4,0.8,1.05,0.7643606538672084,176.22027371816867,0.013499999999999998,0.011457023595594385,0.13385179377421846,0.14962053663500377,35.6316296342167,39,2,0,True
8.5,4,0.6292323501359985,0.8871734404271283,0.897866547340463,375.74905787522385,0.013499999999999998,0.013021619137892996,0.22563591637621766,0.13123228256903574,38.94291220248712,39,2,0,False
8.5,4,0.8,0.7712142193515592,0.8179940740814554,220.90373289558573,0.013499999999999998,0.011442741511118676,0.20273082281220453,0.15959825170534653,33.990504031556156,39,2,0,False
8.5,4,0.8,0.927427925458224,0.7978348969440918,182.1888950635928,0.013499999999999998,0.011461610439819468,0.16311361193884613,0.15658774202350406,34.47394246946514,39,2,0,False
8.5,4,0.8,1.05,0.8240486115205932,176.34561775019978,0.013499999999999998,0.011499385073956292,0.1520967609766259,0.16177024434498563,33.65230420399591,39,2,0,True
8.5,4,0.7834023418956969,1.05,0.5557138104162758,235.04762911928856,0.013499999999999998,0.01144283977635412,0.07669586101282393,0.09304184206397151,47.02466071291687,39,2,0,False
8.5,4,0.8,1.017504442479955,0.5076300490466379,256.92590905124086,0.013499999999999998,0.0113287611809751,0.06695675337543626,0.08169538758168356,49.766929866455776,39,2,0,False
8.5,4,0.7941875127484096,0.5622575587024441,0.8670246130980516,317.17074026021356,0.013499999999999998,0.01144702249699594,0.29641964734909765,0.16360071683562885,33.3731742210858,39,2,0,False
8.5,4,0.8,1.05,0.6925807161507773,177.81331164920454,0.013499999999999998,0.011400049990237285,0.11282898108693318,0.13341719693793752,38.50158180547096,39,2,0,True
8.5,4,0.8,0.9689156224517324,0.5,253.8686208947643,0.013499999999999998,0.011289303153789431,0.06973829441925417,0.08106168669561882,49.92758466885752,39,2,0,False
8.5,4,0.8,1.05,0.7574030289785267,176.2809730731621,0.013499999999999998,0.011451690647868716,0.1317677223643754,0.1480657071593154,35.8843592964862,39,2,0,True
8.5,4,0.8,1.05,0.5,270.7752335039042,0.013499999999999998,0.01137033038035598,0.06217905284280384,0.0777234645946398,50.80004794104085,39,2,0,False
8.5,4,0.7768606556885979,1.0045255107269082,0.8530029889677777,190.43913891347154,0.013499999999999998,0.011683006377255221,0.1706142248693011,0.16205418499524044,33.60997751137079,39,2,0,False
8.5,4,0.8,0.8762469182109927,0.7287600402387893,181.14043272973282,0.013499999999999998,0.011386119117404512,0.1490917638428666,0.142603502168303,36.808533974011844,39,2,0,False
8.5,4,0.8,1.05,0.5,270.7752335039042,0.013499999999999998,0.01137033038035598,0.06217905284280384,0.0777234645946398,50.80004794104085,39,2,0,False
8.5,4,0.7761530206927926,1.05,0.5,282.41746399991825,0.013499999999999998,0.01152511523418327,0.06316395919960084,0.07340424585709424,52.00926716220206,39,2,0,False
8.5,4,0.8,1.05,0.8333040028424765,176.45142648652887,0.013499999999999998,0.011505238514800425,0.15498359636996342,0.16360208438520915,33.37261269088823,39,2,0,True
8.5,4,0.8,0.969601878694037,0.8395896427255837,181.5151867609046,0.013499999999999998,0.011500010478195538,0.16971401884490112,0.16467095921354807,33.211632506396136,39,2,0,False
8.5,4,0.8,0.8816372115910576,0.9880670716354847,232.13828878137534,0.013499999999999998,0.011555887208714408,0.24021407550789145,0.18807351089389915,29.794171269202938,39,2,0,False
8.5,4,0.8,0.966282865993816,0.515733170108764,241.57732314476095,0.013499999999999998,0.011277947157951393,0.07401481473900032,0.08625057223621484,48.6106374248814,39,2,0,False
8.5,4,0.8,1.05,0.5,270.7752335039042,0.013499999999999998,0.01137033038035598,0.06217905284280384,0.0777234645946398,50.80004794104085,39,2,0,False
8.5,4,0.8,1.05,0.8165170116938845,176.27971835675154,0.013499999999999998,0.011494518679769684,0.14975638389470133,0.16027070588021308,33.8852069122986,39,2,0,True
8.5,4,0.8,1.0260891654391935,0.7207371360475172,176.3595786934233,0.013499999999999998,0.011416745950323054,0.12401085073300486,0.14002041971333345,37.265245092258404,39,2,0,True
8.5,4,0.8,1.05,0.6521221638832462,186.56122433667798,0.013499999999999998,0.011369454674413752,0.10145759626390999,0.12284926552319,40.42257785913808,39,2,0,False
8.5,4,0.8,1.05,0.5493911631494257,231.85715704028624,0.013499999999999998,0.011333647255713255,0.07428530688256713,0.09442602979032513,46.720803513812186,39,2,0,False
8.5,4,0.7986994206283694,1.05,0.7943066546073955,176.38412735118408,0.013499999999999998,0.011488456172687957,0.14303453538759114,0.15554842061226853,34.64406485917328,39,2,0,True
8.5,4,0.8,1.05,0.7837404402363848,176.1434052128222,0.013499999999999998,0.011471537705801725,0.13970369399609028,0.15368698152827895,34.95335710877309,39,2,0,True
8.5,4,0.8,0.9373515300493841,0.5,248.11603399122123,0.013499999999999998,0.011260779345131415,0.07297565233101198,0.08228368485772135,49.61996509875323,39,2,0,False
8.5,4,0.8,1.05,0.6720032701365826,180.8338934590026,0.013499999999999998,0.011384108793069463,0.10699854878148424,0.12825609052124357,39.447533482571174,39,2,0,False
8.5,4,0.8,1.046909037712769,0.8294270586112186,176.39009153268998,0.013499999999999998,0.011502547507422307,0.15422382934584636,0.16283458431770112,33.489253153457696,39,2,0,True
8.5,4,0.8,1.05,0.775578206020915,176.15808100929235,0.013499999999999998,0.011465471550949742,0.1372315105602807,0.15203718976856007,35.23442985403545,39,2,0,True
8.5,4,0.8,0.9252589289877371,0.6157013214395153,190.49008071919147,0.013499999999999998,0.011290734353160555,0.10633573784236047,0.11535037239291893,41.890380842333336,39,2,0,False
8.5,4,0.8,0.906736979919691,0.6647283530951733,176.52721839077805,0.013499999999999998,0.011329891618824016,0.12368485827028271,0.1282619952947066,39.44650624763826,39,2,0,False
8.5,4,0.8,1.05,0.5399825347069929,238.02148811795777,0.013499999999999998,0.011336522444081357,0.07192977033307621,0.09122941030767648,47.43209915116363,39,2,0,False
8.5,4,0.8,0.9482461312117895,0.5,250.06170400566918,0.013499999999999998,0.011270484912455801,0.07183637668255557,0.08186351486509637,49.72464008410039,39,2,0,False
8.5,4,0.8,0.9742555600830218,0.5327427282026116,231.60031578282465,0.013499999999999998,0.011279864958906665,0.07759187965371,0.09150850092904841,47.36854794278089,39,2,0,False
8.5,4,0.8,1.026135128532118,0.5,265.4570972266056,0.013499999999999998,0.011345310463027955,0.06430098690133687,0.07873771470498041,50.53019844989786,39,2,0,False
8.5,4,0.8,1.05,0.8425772045617683,176.5754281420345,0.013499999999999998,0.01151085656913111,0.15789194942061552,0.1654286051753721,33.09889186055954,39,2,0,True
8.5,4,0.8,0.9171606407732028,0.6771675836119131,174.52681871749476,0.013499999999999998,0.011345638100821991,0.12598365996493102,0.13132358637369576,38.91577772026879,39,2,0,True
8.5,4,0.7891818616956756,1.05,0.519832389183109,257.95744555851786,0.013499999999999998,0.011418786730065422,0.06743657743452221,0.08245583817374766,49.577709250427525,39,2,0,False
8.5,4,0.8,0.9268226501864908,0.8286212926935494,187.59484388752648,0.013499999999999998,0.011485622724350726,0.1735555457363825,0.16243920792221098,33.549552323678924,39,2,0,False
8.5,4,0.6870446966173556,0.9596829533920123,0.5563100951635979,319.8140705152777,0.013499999999999998,0.012114168988076046,0.09162494491645061,0.07500207213856187,51.55334028032183,39,2,0,False
8.5,4,0.8,1.05,1.0549874761035578,208.81694782176248,0.013499999999999998,0.011560181909949235,0.2284773954429226,0.20026507231307314,28.214905362308137,39,2,0,False
8.5,4,0.8,0.9727470352125597,1.0208719375562545,217.92317720658733,0.013499999999999998,0.011565741700932922,0.23185343805469502,0.19427099237211334,28.982351913898075,39,2,0,False
8.5,4,0.8,1.05,0.8260560525295534,176.36896550999418,0.013499999999999998,0.01150069766668158,0.15272055743154447,0.1621674183022197,33.591187955025106,39,2,0,True
8.5,4,0.8,1.05,0.7175457353638328,176.9829742810291,0.013499999999999998,0.011420012936209758,0.12002179611711053,0.13909481267450738,37.433000872884854,39,3,0,True
8.5,4,0.8,1.0496188891956564,0.5502165740541561,231.28366312742202,0.013499999999999998,0.011333172553040283,0.07452974626879058,0.09472240877876398,46.65666684122664,39,3,0,False
8.5,4,0.8,1.05,0.5482460766128328,232.5851805644294,0.013499999999999998,0.011333934731901403,0.07399690518951958,0.09403395481560582,46.80605149938551,39,3,0,False
8.5,4,0.7586743711061454,0.7925800563646742,0.5175609930835996,268.2084987639193,0.013499999999999998,0.011438801503359592,0.09828118986451763,0.08387144438864909,49.21173831387695,39,3,0,False
8.5,4,0.7970623818176186,0.8608242488825928,0.5861551072926579,197.02000766282075,0.013499999999999998,0.011257400894757002,0.10663630803153896,0.10830748323920537,43.392768394744344,39,3,0,False
8.5,4,0.8,1.0062307832560584,0.5907594698952126,205.54036976566252,0.013499999999999998,0.011312377663909853,0.08955526238838642,0.10709628825357938,43.65753411002001,39,3,0,False
8.5,4,0.8,0.9666903434640135,0.5611466105900204,215.12039718450208,0.013499999999999998,0.011277917745338912,0.08594550577267143,0.099954045476211,45.320389499882815,39,3,0,False
8.5,4,0.8,1.05,0.8423474536415078,176.57116077770235,0.013499999999999998,0.011510709140402923,0.15782020748777165,0.1653837019773984,33.10554244454509,39,3,0,True
8.5,4,0.8,0.977854727770198,0.8674397255171505,184.71713382817276,0.013499999999999998,0.011518534179395835,0.1775529547478041,0.16999221691340397,32.436811204926265,39,3,0,False
8.5,4,0.8,1.05,0.517746453431595,254.75392588337468,0.013499999999999998,0.011350470076507475,0.06645396048354785,0.08378873961406552,49.23126968606219,39,3,0,False
8.5,4,0.8,0.9808837134088192,0.5814157781612188,207.2477859213751,0.013499999999999998,0.011294232489784405,0.08984481698974102,0.10511640962146342,44.10089423524845,39,3,0,False
8.5,4,0.8,1.05,0.6365955041790984,191.54847109623825,0.013499999999999998,0.011359041208067234,0.09718926406460895,0.11862885700009079,41.231026983058676,39,3,0,False
8.5,4,0.8,0.9862750177644488,0.521474521157858,240.78266741527122,0.013499999999999998,0.011292176216110655,0.07344909033050463,0.08739584207873978,48.331417445217696,39,3,0,False
8.5,4,0.8,0.8931326911013973,0.6103238761093652,190.21241086297474,0.013499999999999998,0.011272609389730667,0.10911374620254613,0.11450762160571631,42.06496074410915,39,3,0,False
8.5,4,0.6810533184067509,0.906046096925391,0.5,384.5244939672531,0.013499999999999998,0.01210547696639129,0.08231554224345769,0.060983926551878204,56.13300329340889,39,3,0,False
8.5,4,0.8,0.878000910298838,0.7544096199105269,184.51408975088748,0.013499999999999998,0.011411782133119403,0.15734090696877934,0.1479817171495178,35.8981616860986,39,3,0,False
8.5,4,0.8,0.923879356216079,0.857356852578049,193.31224658633568,0.013499999999999998,0.011505152524506616,0.1839213000222582,0.16779994748765908,32.75064469320187,39,3,0,False
8.5,4,0.8,1.05,0.5,270.7752335039042,0.013499999999999998,0.01137033038035598,0.06217905284280384,0.0777234645946398,50.80004794104085,39,3,0,False
8.5,4,0.8,1.035518330579298,0.679164100486255,178.29343303660403,0.013499999999999998,0.011384950323097803,0.11074479727612878,0.1304200667829703,39.07490607223619,39,3,0,False
8.5,4,0.8,1.05,0.5613413540377519,224.66749124833575,0.013499999999999998,0.011332029287840079,0.07731272401757688,0.09781248795145277,45.85534284959346,39,3,0,False
8.5,4,0.8,1.05,0.5971362113079033,206.72708233389645,0.013499999999999998,0.011338616978704436,0.08659374088218247,0.10783744183323943,43.49492396210075,39,3,0,False
8.5,4,0.8,1.05,0.533424351541224,242.64164538318738,0.013499999999999998,0.011339655863919247,0.07029844325893174,0.08901329658048064,47.9458585698571,39,3,0,False
8.5,4,0.8,1.0447659143032841,0.5,269.5843955614677,0.013499999999999998,0.011364767077007353,0.06263748296539931,0.07794796350558722,50.73994971827572,39,3,0,False
8.5,4,0.8,1.05,0.6540045293764207,185.99297918021506,0.013499999999999998,0.011370819600545111,0.10197759814439179,0.1233587473812278,40.32765551702701,39,3,0,False
8.5,4,0.8,1.05,0.7560414908559041,176.29031236176849,0.013499999999999998,0.011450587207742698,0.13136297769373442,0.1477633120532691,35.934126098362086,39,3,0,True
8.5,4,0.8,0.9389880510286757,0.5397046653026315,222.99727847161378,0.013499999999999998,0.011255195059164048,0.08327630173682947,0.0949206416443443,46.606268866657686,39,3,0,False
8.5,4,0.8,0.9484789490299981,0.5903744126936364,200.85681804363577,0.013499999999999998,0.011282355095759788,0.09611964823354595,0.10827578063084278,43.399519914288184,39,3,0,False
8.5,4,0.7944334509473898,0.9703930663205785,0.6271020191501133,191.72196203906452,0.013499999999999998,0.011356943674288193,0.10420416507734535,0.11640181869370173,41.67581090669524,39,3,0,False
8.5,4,0.7996683611024078,0.9288613693299227,0.5,246.79980519276845,0.013499999999999998,0.011255590876853516,0.07389262215734758,0.08253476547321273,49.55662799109041,39,3,0,False
8.5,4,0.8,0.9439513038084364,0.652364172781733,181.09154420377763,0.013499999999999998,0.011330686594095559,0.114651120800796,0.12458424705454771,40.10199648582675,39,3,0,False
8.5,4,0.8,0.9827211522753003,0.5513735725356286,221.94306594723275,0.013499999999999998,0.011285985429604248,0.08158368280782129,0.09690253634302831,46.08794142576311,39,3,0,False
8.5,4,0.8,0.9225229186090614,0.5,245.56609868522264,0.013499999999999998,0.011248002099046587,0.07456071232197173,0.08282212371350547,49.48149600866547,39,3,0,False
8.5,4,0.8,1.0100893388750443,0.5,262.0545763989995,0.013499999999999998,0.01132908076151026,0.06577304436374866,0.07940337879762284,50.35538802989471,39,3,0,False
8.5,4,0.8,1.0278917984300517,0.5,265.8452038467771,0.013499999999999998,0.011347156484800065,0.06414127733363198,0.07866282130100935,50.54997914771413,39,3,0,False
8.5,4,0.8,1.05,0.7484094099171055,176.3775136244669,0.013499999999999998,0.011444609445747742,0.1290914449668422,0.14605498543258993,36.21802938505842,39,3,0,True
8.5,4,0.8,1.040507445775351,0.5,268.6230346072049,0.013499999999999998,0.011360257228617056,0.06301360392929684,0.07813021794269137,50.69131519103012,39,3,0,False
8.5,4,0.8,1.05,0.5232651928818709,250.2978092739349,0.013499999999999998,0.011346036399897924,0.06779945594168317,0.08561393114569542,48.76884399095305,39,3,0,False
8.5,4,0.8,1.05,0.5737776033564652,217.8766233286932,0.013499999999999998,0.011332576946414843,0.08050148902342864,0.10128204960689523,44.9977763787364,39,3,0,False
8.5,4,0.8,0.9102966911084485,0.6455750774415091,181.28649549960616,0.013499999999999998,0.011312238752872896,0.1173004557687525,0.12328319548271731,40.34169019933886,39,3,0,False
8.5,4,0.8,1.05,0.5,270.7752335039042,0.013499999999999998,0.01137033038035598,0.06217905284280384,0.0777234645946398,50.80004794104085,39,3,0,False
8.5,4,0.8,0.9398949546712617,0.5928459861284034,199.25667311144684,0.013499999999999998,0.011279753253929199,0.09787214942903583,0.10912415261543476,43.21627000697951,39,3,0,False
8.5,4,0.8,0.9799691819787429,0.6359011788197904,187.53913196075953,0.013499999999999998,0.011330006480745634,0.10517345111171152,0.11970668128155065,41.02079219332363,39,3,0,False
8.5,4,0.8,0.9847737094974985,0.6523322117244554,183.06101100863413,0.013499999999999998,0.01134541512005062,0.1092995481189818,0.1239790206594525,40.212974012935824,39,3,0,False
8.5,4,0.8,0.9711457165736672,0.6007625753806493,198.6989862432531,0.013499999999999998,0.01130017984193641,0.09630938517496936,0.11061556630064587,42.897024358601094,39,3,0,False
8.5,4,0.8,0.9390773797492904,0.5133464782347964,238.93435263261512,0.013499999999999998,0.011256751698301445,0.07626076824184508,0.08644064090753223,48.563813993089674,39,3,0,False
8.5,4,0.8,0.8782034579962245,0.5821620720129174,198.51923874712034,0.013499999999999998,0.011242406683857046,0.10282417395680277,0.10751600324289316,43.5652278383221,39,3,0,False
8.5,4,0.8,1.05,0.6020208323322708,204.61880390370044,0.013499999999999998,0.011340520323813077,0.08788558844900927,0.1092150338146426,43.196774838586705,39,3,0,False
8.5,4,0.8,0.9287736909994974,0.6920499842674009,174.54935482617745,0.013499999999999998,0.01136387185905106,0.12887037271201307,0.1344580500471752,38.29931180980077,39,3,0,True
8.5,4,0.8,0.8832712649642817,0.7653567135433644,185.11937986993428,0.013499999999999998,0.011423423614029633,0.16007391512260913,0.15026722230437775,35.52794068902876,39,3,0,False
8.5,4,0.8,1.0294149932138639,0.5,266.16414127951884,0.013499999999999998,0.01134865724248762,0.06400526180753024,0.07860093228798239,50.56634250281252,39,3,0,False
8.5,4,0.8,1.023763221605442,0.6724064331904588,179.51585249491654,0.013499999999999998,0.011375609479003075,0.11024194250182352,0.1287680812501873,39.358556222229026,39,3,0,False
8.5,4,0.8,0.9203360000702029,0.5606100747055844,210.68222595106892,0.013499999999999998,0.011250450435196764,0.09120018325297201,0.10092265671693168,45.08441266698258,39,3,0,False
8.5,4,0.7958344047343838,0.8553601744049204,0.8796571006773541,215.2950920320617,0.013499999999999998,0.011537537048669368,0.2064250228392517,0.17032563671025688,32.390108002925416,39,3,0,False
8.5,4,0.8,0.9150469711953461,0.7101368164959152,174.0330128421169,0.013499999999999998,0.011377904028870726,0.13663992374410086,0.1384702413089721,37.547460342691124,39,3,0,True
8.5,4,0.8,0.9261306721571353,0.5,246.17787507529812,0.013499999999999998,0.011251074695484949,0.07417110546974405,0.08269440193348283,49.51484206147999,39,3,0,False
8.5,4,0.8,1.05,0.5,270.7752335039042,0.013499999999999998,0.01137033038035598,0.06217905284280384,0.0777234645946398,50.80004794104085,39,3,0,False
8.5,4,0.8,0.9964317520929338,0.6239493564784497,192.32013537258598,0.013499999999999998,0.011327646120245394,0.099801400354243,0.11624430010930017,41.70751793623826,39,3,0,False
8.5,4,0.8,1.0247176922119419,0.7584059245785371,175.865882306379,0.013499999999999998,0.011447671371852805,0.13548997042207392,0.14842453157176208,35.82556733184601,39,3,0,True
8.5,4,0.8,0.7970629331926982,0.8553712588605781,222.10644995225627,0.013499999999999998,0.011478464561669368,0.2105412537540386,0.1664337338931647,32.950771686466446,39,4,0,False
8.5,4,0.8,0.8836110665699338,0.7941547200699729,190.0030266426765,0.013499999999999998,0.011449448522620774,0.16980094627770498,0.1558071847459638,34.60161481078414,39,4,0,False
8.5,4,0.8,0.9217489512021582,0.6393020499750168,183.46911884274596,0.013499999999999998,0.01131044167714031,0.11379778943066274,0.12150764988999323,40.675052695456465,39,4,0,False
8.5,4,0.8,0.7131671242683727,0.7139673929551607,216.31337679516943,0.013499999999999998,0.011324411078385582,0.17765699175215818,0.13974856847025738,37.31428556659361,39,4,0,False
8.5,4,0.8,0.8881985146592289,0.5753332474232846,201.799951190858,0.013499999999999998,0.011242200039499304,0.09947665270292769,0.10551637941280088,44.01025479495992,39,4,0,False
8.5,4,0.8,0.8206674969128898,0.7104057874483902,189.55320344154325,0.013499999999999998,0.011351746234817146,0.15303863330729306,0.13892827618211193,37.46342011451643,39,4,0,False
8.5,4,0.8,0.8554560620336916,0.7836858037432581,193.93387715969394,0.013499999999999998,0.011433814114266054,0.17160236880067053,0.15376721198688248,34.939855511936145,39,4,0,False
8.5,4,0.8,1.013877730090454,0.982477445044536,200.84635105900955,0.013499999999999998,0.011562899864187402,0.21012431656381586,0.18891847140013499,29.680819134345963,39,4,0,False
8.5,4,0.8,0.9665031297385571,0.8042217583751722,176.27464491594003,0.013499999999999998,0.011473837790125209,0.1586339852650567,0.1578541254496904,34.26814035643167,39,4,0,False
8.5,4,0.8,1.05,0.5574430846899819,226.93583591748055,0.013499999999999998,0.01133230301644961,0.07632132599083943,0.09672782152333056,46.133002453336665,39,4,0,False
8.5,4,0.8,0.9413111587228062,0.7264353118315929,174.504592815056,0.013499999999999998,0.011400722520330123,0.13772327061871154,0.1418421814117555,36.9414283802372,39,4,0,True
8.5,4,0.8,0.8651888921985271,0.871297472401189,208.62784082090877,0.013499999999999998,0.011504109508565601,0.20073324657393207,0.16990750700242546,32.4487749665201,39,4,0,False
8.5,4,0.8,0.9358328662977522,0.7512982326295904,174.43051978781298,0.013499999999999998,0.011422659953627522,0.1464900250423743,0.14722083061649122,36.0237204826932,39,4,0,True
8.5,4,0.8,0.9414412336322039,0.7335703665573139,174.4857264237681,0.013499999999999998,0.011407453398106608,0.13995684554073276,0.14338822473932034,36.67213463658818,39,4,0,True
8.5,4,0.8,0.9130012306582228,0.6581902578343719,178.29469045474525,0.013499999999999998,0.01132546682287171,0.1207557254254602,0.1265007116777165,39.75645140018516,39,4,0,False
8.5,4,0.8,0.9969483587444593,0.6604603606805528,181.44659857352403,0.013499999999999998,0.011356642692570444,0.11011754512603147,0.12595587657988566,39.8537928902208,39,4,0,False
8.5,4,0.8,0.921053126924832,0.7173834079384325,174.125047668371,0.013499999999999998,0.011386686892661894,0.1379984743218744,0.13999232093701028,37.27030517670981,39,4,0,True
8.5,4,0.8,1.05,0.5,270.7752335039042,0.013499999999999998,0.01137033038035598,0.06217905284280384,0.0777234645946398,50.80004794104085,39,4,0,False
8.5,4,0.8,0.8574368660074057,0.7790028095804594,192.6578938262883,0.013499999999999998,0.011429983580200075,0.16958879893462264,0.15289571465122428,35.087340392890844,39,4,0,False
8.5,4,0.8,0.8687547626956176,0.7320700169581444,183.0433320043346,0.013499999999999998,0.011387501094381993,0.151509302621328,0.14331761609498714,36.68435333585398,39,4,0,False
8.5,4,0.8,1.05,0.523562886657765,250.05988828829737,0.013499999999999998,0.01134579531164014,0.06787274367635401,0.08571326693971373,48.744044678293996,39,4,0,False
8.5,4,0.8,1.05,0.660253990983351,184.14298943318653,0.013499999999999998,0.011375360857168157,0.1037118829101247,0.12505493129384596,40.01631085395066,39,4,0,False
8.5,4,0.8,0.928953461577924,0.8334051518938868,188.02051454758424,0.013499999999999998,0.0114894570246788,0.17479115956495914,0.163351232606692,33.41072465075828,39,4,0,False
8.5,4,0.8,1.0065003229831224,0.7283290273628708,175.81425846975176,0.013499999999999998,0.011418546890972443,0.1288901816266839,0.14186286796901815,36.937798724027154,39,4,0,True
8.5,4,0.8,0.9607544759503863,0.8546984952010114,185.70230531278546,0.013499999999999998,0.011508752861824713,0.17627820989089943,0.16750042497483725,32.79421539938554,39,4,0,False
8.5,4,0.8,0.8756884259254479,0.93075566300665,219.7589674061194,0.013499999999999998,0.011537386111719922,0.2201777984668687,0.17940465920018323,31.012460045071826,39,4,0,False
8.5,4,0.8,0.9306089919699702,0.7651026228553868,176.3439322623416,0.013499999999999998,0.011434013338753216,0.15180446917360785,0.15018040017321055,35.54185367086869,39,4,0,False
8.5,4,0.8,0.8950050566583795,0.7694007083067038,183.4675994635282,0.013499999999999998,0.011429946669805409,0.1593241322336375,0.1511118800725629,35.39341571243089,39,4,0,False
8.5,4,0.7778598279149636,0.912902257761813,1.0327629091943837,250.56790729204465,0.013499999999999998,0.011728459204490681,0.2526950412571471,0.1898186069772492,29.561480394401336,39,4,0,False
8.5,4,0.8,0.9534504193781457,0.6132606167699435,193.06762845365196,0.013499999999999998,0.011300965571752947,0.10199843238915707,0.11422144860546059,42.124733324478115,39,4,0,False
8.5,4,0.8,0.8497233494037968,0.8242818137696715,202.85591773503427,0.013499999999999998,0.011467149806937624,0.1871028998367711,0.16126560821420907,33.73042806094196,39,4,0,False
8.5,4,0.8,0.918819078514963,0.5980442430351683,195.86275372873993,0.013499999999999998,0.011273618673405924,0.10203860655647196,0.11091879700499895,42.83052785832375,39,4,0,False
8.5,4,0.8,0.9340492900259754,0.6583055959142012,179.15359566973612,0.013499999999999998,0.011332783218460658,0.11779337368296473,0.12626623638150103,39.798257307304475,39,4,0,False
8.5,4,0.8,0.9325302857169416,0.858658855292401,191.8247177301993,0.013499999999999998,0.011507336271173925,0.1827407308206694,0.16809217402420618,32.708298002355555,39,4,0,False
8.5,4,0.8,1.05,0.7005053146063924,177.51296846653617,0.013499999999999998,0.011406356338028499,0.11509779391735953,0.13521856334240537,38.15348281695313,39,4,0,True
8.5,4,0.8,1.0252135129425721,0.6658008574214953,181.34580605088598,0.013499999999999998,0.011370835650350668,0.10818122869857186,0.1269602344356686,39.674894576205176,39,4,0,False
8.5,4,0.8,0.9289184777997855,0.5474852392132483,217.76906170023648,0.013499999999999998,0.011250388896950752,0.08654934942814065,0.09723994855029804,46.00128642028378,39,4,0,False
8.5,4,0.8,0.8998030829099566,0.7679325682849846,182.34171209338382,0.013499999999999998,0.011429671367354774,0.15798596144154103,0.15080436578889897,35.44221896325406,39,4,0,False
8.5,4,0.8,0.9016237733752,0.7968466314533753,186.91084963213416,0.013499999999999998,0.011455616031743348,0.16737673930814964,0.15635671447105412,34.511879229941506,39,4,0,False
8.5,4,0.8,1.05,0.5760494245363735,216.71567228913153,0.013499999999999998,0.01133296910239309,0.08108635113420198,0.10191612923409812,44.846117240535655,39,4,0,False
8.5,4,0.8,0.9055817142767043,0.8944061582524517,204.55660300222172,0.013499999999999998,0.011524464484400842,0.2005127339593162,0.17407112821693912,31.819118035588797,39,4,0,False
8.5,4,0.8,0.9020015650897941,0.8770816087119335,201.5449734730698,0.013499999999999998,0.01151412493952569,0.1950932466236221,0.1712786335831859,32.25669737122361,39,4,0,False
8.5,4,0.8,0.86568307964076,0.6688070067939231,176.2909360621386,0.013499999999999998,0.01132066493809945,0.13134751635554748,0.1297317564356493,39.19235687805003,39,4,0,False
8.5,4,0.8,0.9019721038920421,0.795569306934077,186.61845979773256,0.013499999999999998,0.011454578176306907,0.16688208681877328,0.15611575567583078,34.55128308635314,39,4,0,False
8.5,4,0.8,0.8981444214046231,0.5577707942783509,209.8075583872735,0.013499999999999998,0.011236477471808245,0.09315302334794066,0.10068472569236692,45.14204130799731,39,4,0,False
8.5,4,0.8,0.9119833153351915,0.7833763762213342,182.6286253874125,0.013499999999999998,0.011446182147598186,0.1609959327455141,0.15379530958414642,34.93513071759782,39,4,0,False
8.5,4,0.8,0.7991557379094438,0.8223405441283345,214.53625307210442,0.013499999999999998,0.01145365091727984,0.19762195557025825,0.16058545466763524,33.83624866742447,39,4,0,False
8.5,4,0.8,0.9055587548782092,0.8140317329897424,189.16807833476267,0.013499999999999998,0.011470475936039079,0.1724975788238453,0.15961156631673282,33.988409838624534,39,4,0,False
8.5,4,0.8,0.8953880994524034,0.7933267322044042,187.51656178258762,0.013499999999999998,0.011451295855900394,0.16732526271680984,0.155674503647563,34.623322903660174,39,4,0,False
8.5,4,0.8,0.9139065184415008,0.7177167633150294,173.97485113424352,0.013499999999999998,0.011385098090694898,0.1392332112225735,0.14010093485753902,37.250756942430606,39,4,0,True
8.5,4,0.8,0.985780429178388,0.7223604054752466,175.45168915689703,0.013499999999999998,0.011408148180928104,0.1299512257496848,0.14068448825088672,37.14624321983569,39,4,0,True
8.5,4,0.8,0.9098018358929947,0.6819362558626003,174.2376272252513,0.013499999999999998,0.011348144333014126,0.12856986115468397,0.13241986064953154,38.698069717109725,39,4,0,True
8.5,4,0.8,1.0065721250630486,0.7701056454575431,175.56818989627277,0.013499999999999998,0.011453657318254358,0.14164950242497917,0.15107897616652396,35.398628221961445,39,4,0,True
8.5,4,0.8,0.9091591316997737,0.6508945783970981,179.8999216400523,0.013499999999999998,0.011316985672214357,0.11908365203110421,0.12466710464014613,40.086873454774704,39,4,0,False
8.5,4,0.8,0.8907197066542148,0.5,240.39356331671667,0.013499999999999998,0.011221848108271471,0.07811316784319482,0.08392502685472941,49.19629025355536,39,4,0,False
8.5,4,0.8,0.8477252457690567,0.9034168230457764,220.0710448990095,0.013499999999999998,0.011519545906661035,0.2164747402398075,0.1749309662362535,31.68656689923771,39,4,0,False
8.5,4,0.8,0.8961831257466967,0.5,241.24996484561584,0.013499999999999998,0.011226194251195776,0.07748798244998825,0.0837393269759039,49.24397014662048,39,4,0,False
8.5,4,0.8,0.8784790019444503,0.6720172676120113,173.9038738554162,0.013499999999999998,0.011328159832593327,0.13031265234989417,0.13042435103485436,39.07417826681014,39,4,0,False
8.5,4,0.8,0.8643911011409279,0.803469905358491,195.68517387014103,0.013499999999999998,0.01145321482031392,0.17674337192976589,0.1574904514049396,34.32687282056194,39,5,0,False
8.5,4,0.8,0.8897879024698077,0.6778999415706053,173.77873486724374,0.013499999999999998,0.011337830628654037,0.13038967142685695,0.13170786176549457,38.839078078180634,39,5,0,True
8.5,4,0.8,0.8990280400796233,0.700519541104814,173.73909934247104,0.013499999999999998,0.011363738191557005,0.13611323647643617,0.13649204657933653,37.91290899346411,39,5,0,True
8.5,4,0.8,0.8771853925617923,0.7799299771560907,188.7780510468465,0.013499999999999998,0.011435482315060792,0.1661366825792163,0.15310191755383795,35.052279502212976,39,5,0,False
8.5,4,0.8,0.873949805167456,0.6081043976280684,189.75620647106027,0.013499999999999998,0.011262704595560415,0.11117071293250692,0.11425389209994695,42.11794428516644,39,5,0,False
8.5,4,0.8,0.9953267029588001,0.6916148988973405,176.3146034715448,0.013499999999999998,0.01138322289698911,0.119426788743068,0.13377664450735408,38.43137497359525,39,5,0,True
8.5,4,0.8,0.8361446419105237,0.8339064937944106,207.88689972534493,0.013499999999999998,0.011471692555953646,0.19349101626086276,0.16293107872163215,33.47458480659144,39,5,0,False
8.5,4,0.8,0.9870563108419899,0.6205966283248745,192.82712222445267,0.013499999999999998,0.011321154287080797,0.09997349230308822,0.1155302496978201,41.853394691155636,39,5,0,False
8.5,4,0.8,0.7893751099081299,0.5873590257243967,202.7632830370051,0.013499999999999998,0.01120893777859354,0.1178652861585209,0.11042218790759832,42.93959061662216,39,5,0,False
8.5,4,0.8,0.874042567698657,0.6881220494548804,176.0747245472713,0.013499999999999998,0.011343617203249107,0.13618375215508213,0.13400094826353093,38.3877547761416,39,5,0,False
8.5,4,0.8,0.8550809422631505,0.7478591214782425,188.0814891648197,0.013499999999999998,0.011399688736293703,0.15933028898086446,0.14663154283238186,36.121569250362036,39,5,0,False
8.5,4,0.8,0.9473929696964869,0.9032651497911665,197.67754493549054,0.013499999999999998,0.011534383301943332,0.19531643976196547,0.17581552173464635,31.551873257089845,39,5,0,False
8.5,4,0.8,0.8738195256275116,0.8544567617422418,203.33890720936978,0.013499999999999998,0.011494526262891292,0.19284562317892995,0.16693353052156873,32.877145954996,39,5,0,False
8.5,4,0.8,0.868431835525586,0.7282335039895872,182.55291200687086,0.013499999999999998,0.011383510725656671,0.15028874593505565,0.14251437235838663,36.82401967608533,39,5,0,False
8.5,4,0.8,0.9114661653206557,0.7584868745946146,178.83104899833876,0.013499999999999998,0.011423624483306362,0.15284546462157445,0.14880286359146613,35.763884371118785,39,5,0,False
8.5,4,0.8,0.9690867290414832,0.6185541139591243,192.33102472388416,0.013499999999999998,0.01131179571288776,0.10157130310950928,0.11532303023306627,41.8960113580852,39,5,0,False
8.5,4,0.8,0.9073582200179102,0.5711800548466331,205.00996498084018,0.013499999999999998,0.011249205202496827,0.09579372408472779,0.10401499493016193,44.35337419190377,39,5,0,False
8.5,4,0.8,1.05,0.752686996273911,176.32756924331437,0.013499999999999998,0.011447987093908943,0.13036246044564828,0.14701236837742346,36.05824572756741,39,5,0,True
8.5,4,0.8,0.8682060822451767,0.6181457713492143,186.5208994840057,0.013499999999999998,0.011269833657027818,0.1150740507655587,0.11687748536865294,41.57940958130637,39,5,0,False
8.5,4,0.8,0.7944017138979814,0.784038985885669,207.8899913884659,0.013499999999999998,0.011418892975285038,0.18456845328047572,0.15363035722092133,34.962895355325905,39,5,0,False
8.5,4,0.8,0.9663827035228095,0.836440869545396,181.5693261136148,0.013499999999999998,0.011497437888851261,0.16921907174346099,0.16405909060385887,33.303505425263545,39,5,0,False
8.5,4,0.8,1.05,0.7596433153500965,176.256976667127,0.013499999999999998,0.011453386089923225,0.13243884716856436,0.1485670930732785,35.80228756375996,39,5,0,True
8.5,4,0.8,0.8681840276574784,0.8195959279794145,197.8891766602548,0.013499999999999998,0.01146737491641505,0.18164208140931656,0.16050170842768036,33.84925492021739,39,5,0,False
8.5,4,0.8,0.8043089914592747,0.6953303912841956,190.80545754275408,0.013499999999999998,0.011330671447797992,0.15101085877203316,0.13586137574983295,38.031489369914965,39,5,0,False
8.5,4,0.8,0.8300044183287135,0.5845885587697446,196.75279229638247,0.013499999999999998,0.011222867820132239,0.11051533451999544,0.10904109073221739,43.23411059661608,39,5,0,False
8.5,4,0.8,0.9137542517852422,1.0842611785044933,248.10493483309986,0.013499999999999998,0.011557262737988986,0.2690418052524152,0.20219263714949084,27.97996807520482,39,5,0,False
8.5,4,0.8,0.8185517104345293,0.7001602742033315,188.4941966580919,0.013499999999999998,0.011340157873311654,0.14994157198652208,0.1368081732331052,37.85387794908684,39,5,0,False
8.5,4,0.8,0.8522855769173314,0.6878414017187493,180.05879941718982,0.013499999999999998,0.011336877350181929,0.139749223756301,0.1340719346091809,38.37398044456286,39,5,0,False
8.5,4,0.786664926897064,0.8501208557217944,0.6357170679808997,194.25391004506426,0.013499999999999998,0.011372969943606207,0.12430912645863647,0.11868390512180778,41.22087352933776,39,5,0,False
8.5,4,0.8,1.0078645041059788,0.7540176850043995,175.60776176686184,0.013499999999999998,0.011440649071780202,0.1365093226152086,0.14754105036055537,35.97083439479474,39,5,0,True
8.5,4,0.8,0.841499618428981,0.8805410478256923,216.15457834175987,0.013499999999999998,0.011505214700895584,0.20941159230772266,0.1713350295700077,32.24882924729901,39,5,0,False
8.5,4,0.8,0.8488467256786749,0.693738188201265,181.5076112838024,0.013499999999999998,0.01134207048136835,0.14229005531808508,0.13533295794258968,38.131688672015926,39,5,0,False
8.5,4,0.8,0.8482187172291213,0.7623887567257672,191.7483132465881,0.013499999999999998,0.011412141918030172,0.16562501685665254,0.14963093225918905,35.62995742157314,39,5,0,False
8.5,4,0.8,0.8094232976783752,0.675763499271768,186.89349692924645,0.013499999999999998,0.011310641741264992,0.14338662518644976,0.1317962041342007,38.821508196182855,39,5,0,False
8.5,4,0.8,0.9942120711414557,0.7357766000665863,175.47864489822345,0.013499999999999998,0.011422055827635402,0.13285715607375295,0.14359479790109084,36.63645608198693,39,5,0,True
8.5,4,0.8,0.8738520508336143,0.7770071596440316,188.93211796903523,0.013499999999999998,0.01143209198361412,0.16576066745219128,0.1525448681698158,35.1472323092794,39,5,0,False
8.5,4,0.8,0.9193514086527953,0.651791647194833,180.12727313402655,0.013499999999999998,0.011321452079369883,0.1178947539537007,0.12476627848611298,40.06879449650814,39,5,0,False
8.5,4,0.8,0.8125592933901087,0.779717300547139,202.70393352951018,0.013499999999999998,0.01141957296869827,0.17901141510317858,0.15290934645822993,35.08501938693164,39,5,0,False
8.5,4,0.7999417708377181,1.0118233263074816,0.7701065191687727,175.65109864066093,0.013499999999999998,0.011455026398017399,0.14089754613646482,0.15104835775805175,35.403484040468626,39,5,0,True
8.5,4,0.8,0.7270824753501599,0.7100569258060285,211.79214536192222,0.013499999999999998,0.01132426380189518,0.17281392387897368,0.1389839352336668,37.45324544976572,39,5,0,False
8.5,4,0.8,0.8947025821702386,0.8201689720361094,192.44497120989539,0.013499999999999998,0.011473271864224468,0.1766424036600097,0.1607268101261174,33.81432854181926,39,5,0,False
8.5,4,0.8,0.9986285501696068,0.8419675509072897,176.82056217477768,0.013499999999999998,0.011505301057084414,0.1656735255861819,0.1652129956843969,33.13086136621099,39,5,0,False
8.5,4,0.8,0.8282801220237239,0.6831764143379642,184.08677192811314,0.013499999999999998,0.011324558519586959,0.14242974621328872,0.13323290439864868,38.53772432744157,39,5,0,False
8.5,4,0.8,0.8427219823854274,0.7313791269708566,188.1142690399064,0.013499999999999998,0.011379886867178177,0.15602761095473677,0.14322492180522878,36.700412093550625,39,5,0,False
8.5,4,0.8,0.8897923339961429,0.7265579250607084,178.3256998231607,0.013499999999999998,0.011387499261334122,0.14604272789083272,0.14209212572825958,36.89764329613958,39,5,0,False
8.5,4,0.8,0.9214373954970252,0.8475931315264625,192.02329375420746,0.013499999999999998,0.011498215215217305,0.18102305687688117,0.16597528493312133,33.01823560827539,39,5,0,False
8.5,4,0.8,0.8387227609568045,0.5891183968943565,194.3231019968255,0.013499999999999998,0.011230666496412366,0.11058554960745913,0.11006015930599523,43.016665328865635,39,5,0,False
8.5,4,0.8,0.8954207954722573,0.7359721805335437,178.59806833790876,0.013499999999999998,0.011398304342254646,0.14817235327265382,0.14406988138182922,36.55477957205586,39,5,0,False
8.5,4,0.8,0.8931670852673339,0.7730206030012281,184.4323115199429,0.013499999999999998,0.011432861992073376,0.16086590115563715,0.15180759718393805,35.274073028481745,39,5,0,False
8.5,4,0.8,0.8381346871945099,0.7657078577041636,194.42044436604036,0.013499999999999998,0.01141279325821168,0.168759422550535,0.15030046361778818,35.52261809955826,39,5,0,False
8.5,4,0.8,0.83648633441529,0.6509314361271136,183.6871951502946,0.013499999999999998,0.011292148957216945,0.13041435277599325,0.12551306493618464,39.933426290416726,39,5,0,False
8.5,4,0.8,0.8974713601600707,0.7315216214564689,177.60998246768926,0.013499999999999998,0.011394413062348755,0.14637296894822005,0.14312099746267587,36.718440981636675,39,5,0,False
8.5,4,0.8,0.8767276853380985,0.7101662836861478,178.48282727365336,0.013499999999999998,0.011367298475883336,0.1428926268575606,0.13867307931985842,37.510175283549486,39,5,0,False
8.5,4,0.8,0.857237084916101,0.6627018807047734,178.51609664782782,0.013499999999999998,0.011311588724072515,0.1307645344909437,0.1282655191570574,39.445893249907,39,5,0,False
8.5,4,0.8,0.8618012251826506,0.6721402118651241,176.5587737916036,0.013499999999999998,0.011323066032420993,0.13304741566917708,0.13060762933415068,39.04308043654152,39,5,0,False
8.5,4,0.8,0.889643209003911,0.8232826617628706,194.05303440365077,0.013499999999999998,0.011474720148260328,0.1786921083736008,0.16128503586294524,33.7274105901741,39,5,0,False
8.5,4,0.8,0.8306641814108083,0.5,231.67943669487175,0.013499999999999998,0.011177269228498711,0.08546042497022643,0.08588887017507954,48.7002964212526,39,5,0,False
8.5,4,0.8,0.8053596568107044,0.6288229391287484,192.49746871450157,0.013499999999999998,0.011257803725596748,0.12853684043840316,0.1203635547384617,40.89368730614763,39,5,0,False
8.5,4,0.8,0.9818042060045314,0.6719113414680786,177.83742026914018,0.013499999999999998,0.011361404976732959,0.11539150479461333,0.1292205118882438,39.280270079296244,39,6,0,False
8.5,4,0.8,0.8992337231441261,0.6626727378451231,176.70115345468625,0.013499999999999998,0.011325308151904077,0.12417105741367027,0.12781797715823398,39.523971302611635,39,6,0,False
8.5,4,0.8,0.8876675845183559,0.7311282866697125,179.34160974807912,0.013499999999999998,0.011391463131208743,0.14790395256077365,0.14306961094468015,36.72736518274816,39,6,0,False
8.5,4,0.8,0.9798745217967598,0.6804266687030508,176.21637138377253,0.013499999999999998,0.011368455900265362,0.11815971223587968,0.1314427172716097,38.89195203220906,39,6,0,True
8.5,4,0.8,0.8882267853610751,0.7373269656363736,180.10947162956953,0.013499999999999998,0.01139777934366246,0.14984754294748548,0.14437584499155923,36.50227638368161,39,6,0,False
8.5,4,0.8,0.8949272171010558,0.6943363619898094,173.6997399172472,0.013499999999999998,0.011356290653056279,0.13479337353315846,0.1351896319492309,38.159000557530995,39,6,0,True
8.5,4,0.8,0.9652005833052332,0.7410209836645432,174.91530148732926,0.013499999999999998,0.01142005694729446,0.13868696291051838,0.14489319997575897,36.41400039517184,39,6,0,True
8.5,4,0.8,0.9668659945981924,0.5705268308584852,210.7411475072054,0.013499999999999998,0.011281525876577604,0.08846662252572067,0.10248666849479593,44.71090553392834,39,6,0,False
8.5,4,0.8,0.7517496031103582,0.7830702581395296,218.67692104151143,0.013499999999999998,0.011406279965388209,0.19428863327875656,0.153249964823272,35.02717015149458,39,6,0,False
8.5,4,0.8,0.8194261433618657,0.7738048774135148,199.98669334575962,0.013499999999999998,0.011415839030135162,0.17543406780463344,0.15184088417031974,35.268317336978065,39,6,0,False
8.5,4,0.8,0.8565752828447397,0.69137116993623,179.71426113573833,0.013499999999999998,0.011341810876169953,0.14017423375756047,0.13479375761729015,38.23473767900982,39,6,0,False
8.5,4,0.8,1.0402600564820377,0.6734350721194495,180.00004489479323,0.013499999999999998,0.01138198473025198,0.10854794583187881,0.12879589515976855,39.35373018570785,39,6,0,False
8.5,4,0.8,0.9077306243737329,0.7527986395743546,178.70937105259137,0.013499999999999998,0.011417492529644682,0.15160771327621556,0.14760451330716806,35.9603417522532,39,6,0,False
8.5,4,0.8,0.8805864942792893,0.7099580324103058,177.74717404282964,0.013499999999999998,0.011368151486320336,0.14217470290797135,0.13861166117833026,37.521453480089846,39,6,0,False
8.5,4,0.8,0.8926321931297369,0.6966841469925135,173.8833188596796,0.013499999999999998,0.011358010835179271,0.13591036476835466,0.13570762107826762,38.06056457376096,39,6,0,False
8.5,4,0.8,0.9281990303908758,0.6568470494228229,179.26390519965267,0.013499999999999998,0.011329404594287447,0.11817254245413869,0.12596125500833716,39.852828531748926,39,6,0,False
8.5,4,0.8,0.8993999187405725,0.6244373534008031,186.42143014750528,0.013499999999999998,0.011288051887191371,0.11246244803935722,0.11801023277258592,41.35309730147789,39,6,0,False
8.5,4,0.8,0.8055035404592832,0.8227379910925796,213.02383931429173,0.013499999999999998,0.011455545292016379,0.1962929393234942,0.16070321182602204,33.817985061426164,39,6,0,False
8.5,4,0.8,0.9532112176800447,0.7078462628445581,174.91489239506498,0.013499999999999998,0.011386188224035676,0.13015754679340874,0.1377251426186185,37.68416815389971,39,6,0,True
8.5,4,0.8,0.911274027084088,0.7657407467112899,179.9002125993281,0.013499999999999998,0.011430319403915458,0.15526465711243762,0.1503358124916711,35.51696061470508,39,6,0,False
8.5,4,0.8,0.8489484119226413,0.7989891697943367,198.176184200484,0.013499999999999998,0.011445885817672405,0.17827206882117774,0.15660360750153993,34.47134170079779,39,6,0,False
8.5,4,0.8,0.920855998244309,0.7051540105275859,174.204076187796,0.013499999999999998,0.011374625801576272,0.13416002588693948,0.13735516369337805,37.75237288205604,39,6,0,True
8.5,4,0.8,0.8836775403565886,0.6762292534715968,173.64716639250392,0.013499999999999998,0.011334225851864789,0.13082255167602969,0.13139602703984307,38.9012847652775,39,6,0,True
8.5,4,0.8,0.8982363235700647,0.6930085718243574,173.78588528949757,0.013499999999999998,0.011355835370997809,0.1338490392766723,0.13488522686427956,38.21719884147947,39,6,0,True
8.5,4,0.8,0.9442604546606107,0.6872295270833149,175.04208687507315,0.013499999999999998,0.011363829951068853,0.12512488216502182,0.13328208911528183,38.528068697754534,39,6,0,True
8.5,4,0.780197495650334,0.9240568316239263,0.5,254.912523760382,0.013499999999999998,0.011378932210367024,0.07534867227348664,0.07894223530380019,50.47709473113251,39,6,0,False
8.5,4,0.8,0.9043238910503939,0.6952692870203679,173.91360991848336,0.013499999999999998,0.01135998225853299,0.13360615227427686,0.13532802795053853,38.132627165140384,39,6,0,True
8.5,4,0.8,0.838448305812644,0.6608095919793524,182.0640680270967,0.013499999999999998,0.01130350822822032,0.13328357694411658,0.12796628906120805,39.49804641516166,39,6,0,False
8.5,4,0.8,0.9153154848686432,0.5,244.3588746298729,0.013499999999999998,0.011241924956116837,0.07534707417594463,0.08307578340721763,49.41546667290473,39,6,0,False
8.5,4,0.8,0.8775583887055327,0.7934842670663466,191.1142576417877,0.013499999999999998,0.011447575529239733,0.17071574089908592,0.15566436439726697,34.62498343934474,39,6,0,False
8.5,4,0.8,0.9750861145842851,0.5553556651812985,218.95661465023127,0.013499999999999998,0.011281726063236953,0.08346302732245543,0.09817636667056735,45.76315458661859,39,6,0,False
8.5,4,0.8,0.8710544164474774,0.7455814153319331,184.56523023792803,0.013499999999999998,0.011401541528412312,0.15562291390635785,0.14614245917607002,36.20337496351007,39,6,0,False
8.5,4,0.8,0.8926247276783246,0.7340535258455062,178.83973708291637,0.013499999999999998,0.011395663057061184,0.14801919288193496,0.1436727277128651,36.623022807252546,39,6,0,False
8.5,4,0.8,0.8446828541833847,0.6156027122248012,187.92353021667444,0.013499999999999998,0.011258297762701099,0.11786425847451117,0.11657692982305658,41.640074032868824,39,6,0,False
8.5,4,0.8,0.8549430796142996,0.6851968426858821,179.19929066089563,0.013499999999999998,0.01133479141100312,0.13843121124031918,0.13350190923423733,38.4850019049222,39,6,0,False
8.5,4,0.8,0.836271954530064,0.7450531395079094,191.54441931268397,0.013499999999999998,0.011392012883314566,0.16195040333162974,0.14605886928173156,36.21737944052266,39,6,0,False
8.5,4,0.8,0.878376890744887,0.7066986284858168,177.7200230771851,0.013499999999999998,0.011364252962073763,0.14148078607523892,0.1379279125755878,37.64694144226794,39,6,0,False
8.5,4,0.8,0.8099697758190312,0.6649851558088047,186.94915518562894,0.013499999999999998,0.011298997209750354,0.13966381011263124,0.12924912431736804,39.275334552506024,39,6,0,False
8.5,4,0.7999522114457515,0.9230034135568272,0.6727056076562995,175.35839140735396,0.013499999999999998,0.011343414982441808,0.12375170510414694,0.13013158907654335,39.1240069939698,39,6,0,False
8.5,4,0.8,0.7489400522035056,0.7754720852214376,217.8220528214776,0.013499999999999998,0.011398294163327539,0.19209928702034837,0.15187974451967498,35.26160143342398,39,6,0,False
8.5,4,0.8,0.8942427780237415,0.6360329325964287,182.9911687043959,0.013499999999999998,0.011297070133925424,0.11671534691399851,0.12105585742086089,40.76097671348878,39,6,0,False
8.5,4,0.8,0.9075449832695566,0.6526247174382908,179.40805102353386,0.013499999999999998,0.011318136478870932,0.1198457454573084,0.1251322934699155,40.002279058362866,39,6,0,False
8.5,4,0.8,0.8190648074355713,0.6990715050603854,188.22757807916466,0.013499999999999998,0.011339109887200242,0.14947548124205712,0.13658044842993997,37.896374239760846,39,6,0,False
8.5,4,0.8,0.8926469559837108,0.6921524785308585,173.66465707375323,0.013499999999999998,0.01135336018355322,0.13446161428309777,0.13473764472905178,38.24550881803939,39,6,0,True
8.5,4,0.8,0.8937390071954407,0.8104002193482719,190.88017953597748,0.013499999999999998,0.011465234123671524,0.17346419777428881,0.15888715243561052,34.1029015481815,39,6,0,False
8.5,4,0.8,0.8687182044643751,0.8066966018585102,195.36767039329192,0.013499999999999998,0.011456889660686689,0.1770143835077633,0.15810595896507418,34.22764197394319,39,6,0,False
8.5,4,0.8,0.9224539136348319,0.68448383000231,174.52594053896598,0.013499999999999998,0.011354586011946628,0.12746108603256545,0.13286735255609183,38.609711092601074,39,6,0,True
8.5,4,0.8,0.9030495028283091,0.6425170445346263,181.73618045357972,0.013499999999999998,0.011306681304607559,0.11741194688912486,0.12259485283645284,40.470225218780875,39,6,0,False
8.5,4,0.8,0.902581839676003,0.6915578087850734,173.91086176940595,0.013499999999999998,0.011355679527085069,0.13270538867503337,0.13454298030102674,38.28294494869595,39,6,0,True
8.5,4,0.8,0.8735543856062312,0.7215588668246166,180.64421962250887,0.013499999999999998,0.011378121251573278,0.14717776838514282,0.1410893272557354,37.07424153027436,39,6,0,False
8.5,4,0.8,0.8939921691705243,0.7340691158911566,178.59221596412115,0.013499999999999998,0.011396030877971995,0.14779226359634612,0.14367191874047516,36.62316218081369,39,6,0,False
8.5,4,0.8,0.9014556097378531,0.7206008703306013,175.43178620952182,0.013499999999999998,0.011384606206545923,0.1421688381212195,0.14077757129169044,37.12965176176779,39,6,0,False
8.5,4,0.8,0.8952973805117402,0.7050810297409191,174.48604149048572,0.013499999999999998,0.011367351805885608,0.13817084685948064,0.13749290290307775,37.7269385768442,39,6,0,False
8.5,4,0.8,0.8652419676608256,0.735604320138397,184.23493188337827,0.013499999999999998,0.011390115195193654,0.15332104113328301,0.14406632658771948,36.5553908773703,39,6,0,False
8.5,4,0.8,0.9028595682324148,0.7943195831424001,186.23445809635254,0.013499999999999998,0.011453747341731898,0.16629591129436988,0.15587713510136242,34.59018620953506,39,6,0,False
8.5,4,0.8,0.916668830749968,0.5589538376078202,211.06634636638856,0.013499999999999998,0.011247560683032218,0.09118464546629225,0.10056920331843161,45.17010040204573,39,6,0,False
8.5,4,0.8,1.0085616431522713,0.8655263933820121,178.92804646392503,0.013499999999999998,0.01152058081605869,0.17172953653158435,0.16976693442443752,32.46865681478885,39,6,0,False
8.5,4,0.8,0.9387287915373468,0.6978161350520112,174.70801020287448,0.013499999999999998,0.011372434269146277,0.12918264451439215,0.13563605484537158,38.07412016828883,39,6,0,True
8.5,4,0.8,0.9954121324728077,0.6189104248502986,193.96087816991624,0.013499999999999998,0.011323668865049258,0.09851213265631513,0.11492583710182112,41.97805738360807,39,7,0,False
8.5,4,0.8,0.8991981045254478,0.6828716147365967,173.94382825661697,0.013499999999999998,0.01134581384570587,0.13049118620009187,0.13270550200141495,38.64171042918498,39,7,0,True
8.5,4,0.8,0.8784225029402124,0.7197611417807057,179.48803538114794,0.013499999999999998,0.011377634261696735,0.14574631825905074,0.14069108597095917,37.14506650049787,39,7,0,False
8.5,4,0.8,0.8928730082362901,0.6259775147105564,185.64124780932553,0.013499999999999998,0.011286936320972931,0.1138566843594675,0.11850307165872877,41.255761493124204,39,7,0,False
8.5,4,0.8,0.8945348497160575,0.7285634357141582,177.73464369253443,0.013499999999999998,0.011390710085605658,0.14590073403022896,0.14250350073436638,36.825909857824755,39,7,0,False
8.5,4,0.8,0.8252074659176174,0.6843584626789947,184.86928901772364,0.013499999999999998,0.01132492404163475,0.14337910151106856,0.13349487755496078,38.486377346043945,39,7,0,False
8.5,4,0.8,0.9601777569255802,0.5810291744366844,205.55079916800892,0.013499999999999998,0.01128279203299255,0.09212046047068612,0.10548700714993464,44.01689227622374,39,7,0,False
8.5,4,0.8,0.9681276453186263,0.8772059316885833,188.25248174902987,0.013499999999999998,0.011523022986404606,0.1825492080754981,0.17174034992495993,32.18673056843553,39,7,0,False
8.5,4,0.8,1.05,0.8763954363721433,177.17736355373137,0.013499999999999998,0.011529250690213646,0.16862507202946372,0.1719508014478579,32.153027673446225,39,7,0,True
8.5,4,0.8,0.9340831111733747,0.693554518125943,174.66704747987694,0.013499999999999998,0.01136701023743887,0.12854640692026495,0.13474087842977028,38.24488785107641,39,7,0,True
8.5,4,0.8,0.9391875235610002,0.6506119704462684,181.32996486139905,0.013499999999999998,0.011327413261105089,0.11477603694325754,0.12419194556255937,40.17382778841527,39,7,0,False
8.5,4,0.8,1.0403940293438294,0.6121052656826876,199.72823284907625,0.013499999999999998,0.011340395190776672,0.09159596722494462,0.11219745743065274,42.55343893416643,39,7,0,False
8.5,4,0.8,0.9143608190762016,0.6971763723516827,174.13155751321221,0.013499999999999998,0.011364811249358679,0.13264991378307459,0.13567135139488917,38.067432757814906,39,7,0,True
8.5,4,0.8,0.9292000575580496,0.7041264170136586,174.403909266704,0.013499999999999998,0.011375933504296986,0.13256491513738414,0.13707776001993882,37.80375048505255,39,7,0,True
8.5,4,0.8,0.8732124462276994,0.6650856510450873,175.5115575452341,0.013499999999999998,0.011319210690853327,0.12895121259793862,0.12871402195114964,39.36794112955854,39,7,0,False
8.5,4,0.8,0.8622361294505378,0.7067689057091768,180.7250310397217,0.013499999999999998,0.011359702652121656,0.14425970241216451,0.13802036163169942,37.63000450884167,39,7,0,False
8.5,4,0.8,0.8960545268449287,0.7804032198769942,185.14541554811018,0.013499999999999998,0.011440103670026574,0.1628333613237648,0.15321509424710972,35.0330795773258,39,7,0,False
8.5,4,0.8,0.9825189468810918,0.6642523723720692,179.78549046082603,0.013499999999999998,0.011354862723332347,0.11305329357320021,0.12717657874628588,39.63666780616883,39,7,0,False
8.5,4,0.8,0.98969624689088,0.7020612035876233,175.89392597333443,0.013499999999999998,0.01139089201119107,0.12328716975140068,0.13615590808614061,37.975974987564754,39,7,0,True
8.5,4,0.8,0.9327177035735377,0.6721529173770795,175.83365368219074,0.013499999999999998,0.011345699197671835,0.12217503482429493,0.1298886697205617,39.16549025009041,39,7,0,False
8.5,4,0.8,0.9398178758034026,0.7532471050832384,174.50650341646826,0.013499999999999998,0.011425364158811574,0.14647836000506764,0.1476271792334695,35.95659646012746,39,7,0,True
8.5,4,0.8,0.7929822121982064,0.6642819100263988,190.45225884804466,0.013499999999999998,0.011292847854264007,0.1425762005266421,0.12920508229132707,39.28293238010494,39,7,0,False
8.5,4,0.8,0.8914242967061438,0.6045459162176879,191.90296361189385,0.013499999999999998,0.011266806998303397,0.10762907197287881,0.11306711984553301,42.36797904338781,39,7,0,False
8.5,4,0.8,0.9407077961863002,0.6813733063344413,175.07748349867325,0.013499999999999998,0.011357094813241576,0.12384555504344691,0.13203334056147384,38.77446106623938,39,7,0,True
8.5,4,0.8,0.9096862042860727,0.7224212053808782,174.2321503942691,0.013499999999999998,0.011388586610339852,0.1414178289346986,0.14113050657235438,37.06694064945881,39,7,0,False
8.5,4,0.796491275562244,0.9411946466203926,0.7325642962886998,175.09735415325179,0.013499999999999998,0.011431180644675876,0.13996699317319516,0.14242255929935904,36.840185273192645,39,7,0,True
8.5,4,0.8,0.9252585410552495,0.6680956362752049,176.47247926959508,0.013499999999999998,0.011339306534604366,0.12200891627002254,0.12892103864465473,39.332037888573424,39,7,0,False
8.5,4,0.8,0.8687786419279315,0.6814063478960977,176.15454579541162,0.013499999999999998,0.01133494195948548,0.13488635366426469,0.1326145197409371,38.659732778865724,39,7,0,False
8.5,4,0.8,0.9189268158490561,0.7775279093958911,180.36740635132875,0.013499999999999998,0.011442576659140932,0.15784594750447759,0.15267400440452197,35.12515300585813,39,7,0,False
8.5,4,0.8,0.8271522441433905,0.7181545827452779,189.35659800068703,0.013499999999999998,0.011361833452432466,0.15445385238405857,0.14051115540438577,37.17719686982806,39,7,0,False
8.5,4,0.8,0.999846269096784,0.7757629609466992,175.49079623776748,0.013499999999999998,0.011456986431027563,0.14439388684564108,0.15223316978358695,35.20069368249226,39,7,0,True
8.5,4,0.8,0.8664516623913258,0.6371857642342131,181.41133042458847,0.013499999999999998,0.011288163838211143,0.12122756854484251,0.12171490427476293,40.63581446202802,39,7,0,False
8.5,4,0.8,0.9044311760572966,0.6193177721344152,188.1721016185822,0.013499999999999998,0.011285316387768127,0.11022621806387578,0.11662142252798102,41.63107709855076,39,7,0,False
8.5,4,0.8,0.9122475485972252,0.6648122960418686,176.71653382544196,0.013499999999999998,0.011331753711617529,0.122897777536028,0.1282222479722212,39.45342248578416,39,7,0,False
8.5,4,0.8,0.872322262760612,0.6980349007370078,177.68018761535276,0.013499999999999998,0.011353485402033741,0.13967886435117388,0.1361157017329703,37.98353915494916,39,7,0,False
8.5,4,0.8,0.9014504433053754,0.5887615218767726,197.87066338874627,0.013499999999999998,0.011258414640862961,0.10162420289494896,0.10880507934916166,43.2849217534383,39,7,0,False
8.5,4,0.8,0.8644139194666367,0.6806116845143478,176.84771971747517,0.013499999999999998,0.011332806162062546,0.13534937863022117,0.13247412032593514,38.687380767598285,39,7,0,False
8.5,4,0.8,0.8524714376296452,0.6643207710844886,179.13378725204666,0.013499999999999998,0.011311762435616067,0.13207011612035957,0.12871989561036717,39.36692111985847,39,7,0,False
8.5,4,0.799991190900305,0.801273531114708,0.6302337275716982,193.05519979128402,0.013499999999999998,0.011257913182170906,0.1297135874555826,0.1207570074111296,40.81810898235385,39,7,0,False
8.5,4,0.8,0.8929546158599277,0.6617408297667913,176.6692743349981,0.013499999999999998,0.01132227052088632,0.12483064064129827,0.12764913008444845,39.553546863891924,39,7,0,False
8.5,4,0.8,0.8828914501112434,0.581808314370268,198.9850121261269,0.013499999999999998,0.01124429331416789,0.10208226855045713,0.10733227272101652,43.60556390560489,39,7,0,False
8.5,4,0.8,0.8829454886360759,0.7243026238915912,179.27166013393463,0.013499999999999998,0.011383397699439718,0.14646724394597158,0.141637959942346,36.977317365220614,39,7,0,False
8.5,4,0.8,0.8771901643793749,0.6595898788851852,176.550289173898,0.013499999999999998,0.01131482681269044,0.12658650498289964,0.12727189792195645,39.619859883966896,39,7,0,False
8.5,4,0.8,0.9160013615309046,0.6591282715335566,178.19738085848354,0.013499999999999998,0.011327426789712257,0.12060688986511686,0.12670601073877957,39.71995358055537,39,7,0,False
8.5,4,0.8,0.8868067657734269,0.7145946212648703,177.24722809661742,0.013499999999999998,0.011374645511627689,0.14264121173534683,0.13956328945786486,37.34781783912163,39,7,0,False
8.5,4,0.8,0.8986899803974074,0.6750296470841136,174.06764011072997,0.013499999999999998,0.011337685286594883,0.12810526907537234,0.13099774408222173,38.97712955684619,39,7,0,True
8.5,4,0.8,0.9580992430180193,0.7237859148873073,174.86042033359598,0.013499999999999998,0.011402506506421729,0.13437138998877834,0.1411723049846625,37.059534327135275,39,7,0,True
8.5,4,0.8,0.908357937680115,0.6935384022029627,174.03061524179242,0.013499999999999998,0.011359418535333975,0.13243088946703788,0.13492772465695943,38.20905812446414,39,7,0,True
8.5,4,0.8,0.8767795195274669,0.6287895989033261,184.06327849830882,0.013499999999999998,0.011283555183972529,0.11706388793963672,0.11945082215577926,41.0704655809443,39,7,0,False
8.5,4,0.8,0.9257853379157148,0.6237938330807046,188.05789064506214,0.013499999999999998,0.011297907225001598,0.10864287120709447,0.11743318130508387,41.46793113340262,39,7,0,False
8.5,4,0.8,0.9183927269026317,0.7245421979953043,174.05120270441432,0.013499999999999998,0.011392970183573199,0.14070069283901593,0.1415456090338356,36.99358039727071,39,7,0,True
8.5,4,0.8,0.9018449660828362,0.6616163182613162,177.04746320283147,0.013499999999999998,0.011325140198094823,0.12345167239987122,0.12751546860252244,39.57700556085817,39,7,0,False
8.5,4,0.8,0.8839044405098972,0.6989697390703384,175.7076465499402,0.013499999999999998,0.011357765020762835,0.13806317905133345,0.1362508817971889,37.95812482593683,39,7,0,False
8.5,4,0.8,0.8972930432048317,0.7308924343067118,177.556864848073,0.013499999999999998,0.011393759482558783,0.14619700506329142,0.14298775786079565,36.74159362853506,39,7,0,False
8.5,4,0.8,0.8646028524702893,0.8134440408262936,197.510418661004,0.013499999999999998,0.01146165444255928,0.18019625769072103,0.15934063480405503,34.031097928902625,39,7,0,False
8.5,4,0.8,0.8777378831931927,0.82235834564561,196.3705843274712,0.013499999999999998,0.011471605194904136,0.18070156524426753,0.1610586757913045,33.76261758978683,39,7,0,False
8.5,4,0.8,0.9262910922768814,0.7772070294116129,178.97514455636247,0.013499999999999998,0.011443819513283096,0.1564861005178211,0.15261257958619923,35.135650151277,39,7,0,False
8.5,4,0.8,0.9278550712657901,0.6889575841853448,174.58679271356382,0.013499999999999998,0.011360654068248583,0.1280445971670726,0.13379156240803142,38.428469368867276,39,7,0,True
8.5,4,0.8,0.9386664097674042,0.6682110065238729,176.97597159878654,0.013499999999999998,0.011343857981694579,0.12013402164063967,0.12879128479935784,39.35453001625419,39,8,0,False
8.5,4,0.8,0.8779171317830874,0.6761049080254629,173.8767930659531,0.013499999999999998,0.011332301463883771,0.13170028578572468,0.13141359706562736,38.897771985544296,39,8,0,False
8.5,4,0.8,0.9011214785118721,0.5,242.04580752501994,0.013499999999999998,0.011230238133935552,0.07692681440434758,0.08356822827093638,49.28802259839431,39,8,0,False
8.5,4,0.8,0.8497349201860797,0.602288243497883,190.084638878941,0.013499999999999998,0.011247371369432466,0.11296928923565629,0.11317699975365805,42.34471610747893,39,8,0,False
8.5,4,0.8,0.8931221192758106,0.5113729204553998,233.387801548864,0.013499999999999998,0.011221648031539319,0.08089989226999161,0.08738030899519833,48.33516480187651,39,8,0,False
8.5,4,0.8,0.9045902021812129,0.639894252331251,182.4810272721348,0.013499999999999998,0.011304659449167491,0.11639460403694504,0.12190211981921174,40.60046492381102,39,8,0,False
8.5,4,0.8,0.9357214777053463,0.6825409460823488,174.91852930796867,0.013499999999999998,0.011356729909074948,0.12491776859912487,0.1323325165805962,38.71529444847747,39,8,0,True
8.5,4,0.8,0.991309890455233,0.5,258.2218555270146,0.013499999999999998,0.011310580060502614,0.0675473682356075,0.08016933338713703,50.15644374602515,39,8,0,False
8.5,4,0.8,1.05,0.8010388225267967,176.17672103438005,0.013499999999999998,0.011483941613056874,0.14498526953967691,0.15717626022445116,34.37785210629435,39,8,0,True
8.5,4,0.8,0.9072037359651867,0.595144475835061,196.05377029833753,0.013499999999999998,0.011266061503626032,0.10271995836150222,0.11039025520189204,42.946631625969786,39,8,0,False
8.5,4,0.8,0.9504886222452977,0.6808580779895138,175.36246568749553,0.013499999999999998,0.011359649606137548,0.12230338191690318,0.1318293338531583,38.81492525866309,39,8,0,True
8.5,4,0.8,0.8817392435688618,0.6457446810724583,179.96594239865314,0.013499999999999998,0.011302194850784717,0.12155871914854906,0.1236953424484442,40.26530341277806,39,8,0,False
8.5,4,0.8,0.8948603559141067,0.6259432391392847,185.75916892683532,0.013499999999999998,0.01128770778600285,0.11356071555774527,0.11846371053880873,41.26351048946074,39,8,0,False
8.5,4,0.8,0.89357489151931,0.6359606158122357,182.97808891546705,0.013499999999999998,0.011296753450527748,0.11679043341565663,0.1210465487524029,40.762752714161856,39,8,0,False
8.5,4,0.8,0.8792960890394075,0.564064763694221,205.46558827638918,0.013499999999999998,0.01123001243716857,0.09739354302843128,0.10275188399618301,44.64825039150219,39,8,0,False
8.5,4,0.8,0.8706746840834871,0.7176969205219622,180.65105031486462,0.013499999999999998,0.011373418095470005,0.14640051928769005,0.14028412454183103,37.217854827820936,39,8,0,False
8.5,4,0.8,0.9088488523583046,0.7837331354564502,183.27784632644367,0.013499999999999998,0.01144583290669817,0.16166676450185802,0.15386118641634539,34.924060440386896,39,8,0,False
8.5,4,0.8,0.9102970413165965,0.6070956882926029,192.28180667568,0.013499999999999998,0.011277109564645485,0.10580646589523153,0.11339559318954216,42.298549140250685,39,8,0,False
8.5,4,0.8,0.9682423471186993,0.6137046484701396,193.8961766645319,0.013499999999999998,0.011307800468192792,0.10029911913491063,0.11406728339257334,42.15703775132484,39,8,0,False
8.5,4,0.8,0.8855044004162802,0.5109231254537472,232.5981283638652,0.013499999999999998,0.011216104461144604,0.08167551565981626,0.08748995228905276,48.30873175711989,39,8,0,False
8.5,4,0.8,0.9145538407933734,0.5,244.22962894461702,0.013499999999999998,0.011241270568543174,0.07543120610637419,0.08310298216406625,49.40840215542713,39,8,0,False
8.5,4,0.8,0.9664316463003084,0.6297564690308373,188.6136606742472,0.013499999999999998,0.011319503170703347,0.10510220387799656,0.11831455421720112,41.29291382059266,39,8,0,False
8.5,4,0.8,0.8922853438029017,0.6102863368024406,190.17342927286882,0.013499999999999998,0.011272224043363244,0.10922092376592331,0.11451189550275123,42.064069958225694,39,8,0,False
8.5,4,0.8,0.8950386867319141,0.6178554367765424,188.07034840848092,0.013499999999999998,0.01128019035592328,0.11110156033888846,0.1163957859413575,41.67676274802797,39,8,0,False
8.5,4,0.8,0.8577045859951195,0.5473953880745661,210.54654897146816,0.013499999999999998,0.011208703249915472,0.09544281102073955,0.0988921033250441,45.58335192417569,39,8,0,False
8.5,4,0.8,0.9024757363203041,0.6646749607853142,176.37667328089555,0.013499999999999998,0.011328440535689004,0.12430384009430018,0.12829587155856723,39.44061442320892,39,8,0,False
8.5,4,0.8,0.9236263183183208,0.6198610820414097,189.1150471355492,0.013499999999999998,0.011293620319166609,0.10777348897779497,0.11645104147094111,41.665561229756264,39,8,0,False
8.5,4,0.8,0.896381804991858,0.5592886678758013,208.9878532423067,0.013499999999999998,0.011236343028258695,0.09380604456624489,0.10112280887563706,45.03610257901848,39,8,0,False
8.5,4,0.8,0.9100591634922844,0.8018342589092695,186.15066191210877,0.013499999999999998,0.0114614846203458,0.1675328667925222,0.1573167868431476,34.35502346649196,39,8,0,False
8.5,4,0.8,0.9735311403907728,0.6078747871494536,196.2916339789341,0.013499999999999998,0.011306078012367497,0.0980162240658941,0.11243494195011554,42.50255626993871,39,8,0,False
8.5,4,0.8,0.838525233103698,0.8732861835445568,215.3732605732468,0.013499999999999998,0.011499991641143802,0.20741078899880344,0.17001248811621866,32.43395017035755,39,8,0,False
8.5,4,0.8,0.8930412033254767,0.5570645886220504,209.63311990073393,0.013499999999999998,0.011233257045374865,0.09360015782297704,0.10061545087910137,45.15886119222962,39,8,0,False
8.5,4,0.8,0.8953000809275226,0.6041570355966713,192.2702359152958,0.013499999999999998,0.011268137428718912,0.10697788533119014,0.11290194925378105,42.40301883275003,39,8,0,False
8.5,4,0.8,0.9432085025737661,0.5949307974697713,198.7323219865853,0.013499999999999998,0.011282737801713948,0.09805471996052245,0.10962110422161529,43.10998403178904,39,8,0,False
8.5,4,0.8,0.9259387334568536,0.5727513068151119,205.97113691060366,0.013499999999999998,0.011259883267906537,0.09391949922904975,0.10402732670190773,44.3505236437916,39,8,0,False
8.5,4,0.8,0.996392099028088,0.6004137943976424,200.7878038731326,0.013499999999999998,0.011312283657336516,0.0932833573075395,0.10999180571570334,43.03115497147043,39,8,0,False
8.5,4,0.8,0.8961915540394684,0.5746515048559281,202.70094825858578,0.013499999999999998,0.011245701112493385,0.0982273998622861,0.10517122597253384,44.08843933735484,39,8,0,False
8.5,4,0.8,0.9078433471242661,0.6194280082809192,188.3332578519508,0.013499999999999998,0.011286795630690032,0.1097875268328057,0.11659542190437383,41.636334025285805,39,8,0,False
8.5,4,0.8,0.8205212891413421,0.6294626337054169,189.63639127298646,0.013499999999999998,0.011263779882444574,0.12616027016960168,0.12034525215595185,40.89721312711053,39,8,0,False
8.5,4,0.8,0.9904525209180782,0.5874173421633877,205.55877050322113,0.013499999999999998,0.011302360395307243,0.09040031448979989,0.10653848441370653,43.78110937766916,39,8,0,False
8.5,4,0.8,0.8811256314328367,0.6371840850955819,182.0728015468536,0.013499999999999998,0.011293385853219021,0.11900264489377639,0.12152684018646656,40.6714148151855,39,8,0,False
8.5,4,0.8,1.0367866756001707,0.6861423300108389,177.69009901311335,0.013499999999999998,0.011390983450420928,0.11258563919115913,0.13210560576370023,38.76014824318102,39,8,0,True
8.5,4,0.8,0.9119630698035854,0.5621212272979738,209.215244361874,0.013499999999999998,0.011246470473246714,0.0926522570477456,0.10151692682069673,44.941421674304486,39,8,0,False
8.5,4,0.8,0.9188907330476905,0.6499784012495168,180.56270073131586,0.013499999999999998,0.011319559881076297,0.11741056697946677,0.1243033091476958,40.15339830772759,39,8,0,False
8.5,4,0.8,0.8890416780380529,0.6292909637900743,184.53952897318712,0.013499999999999998,0.011288662535298599,0.11541470334971163,0.11940545305130118,41.079279841838996,39,8,0,False
8.5,4,0.8,0.8996269336967081,0.5,241.8060450871248,0.013499999999999998,0.011229022600394276,0.07709577631865329,0.08361973429931835,49.274749147010134,39,8,0,False
8.5,4,0.8,0.9392363695116019,0.5908171385827463,199.9525738084415,0.013499999999999998,0.0112779845640064,0.09738054315061433,0.1085923787945597,43.33086583311053,39,8,0,False
8.5,4,0.8,0.8918890886978657,0.6624444689351038,176.47156992139344,0.013499999999999998,0.011322651455534483,0.12521148393374118,0.1278408696773874,39.51996642243133,39,8,0,False
8.5,4,0.8,0.8803601815453068,0.5791200465204671,199.78446660751078,0.013499999999999998,0.011241157088002924,0.1016339698275695,0.10667135750085008,43.75157899905522,39,8,0,False
8.5,4,0.8,0.938245962843818,0.6055241656973627,194.6386913479295,0.013499999999999998,0.011288179347677563,0.10169961881976355,0.11249052887154795,42.49067233335555,39,8,0,False
8.5,4,0.8,0.8950111017843864,0.5213809589870695,227.69663300293433,0.013499999999999998,0.011223071459163332,0.08340020354610886,0.09047223864782131,47.60579401167776,39,8,0,False
8.5,4,0.8,0.8910081867068934,0.5827750347812402,199.24906723343267,0.013499999999999998,0.011248944973566663,0.10126957290188586,0.10742468268216933,43.585262494598275,39,8,0,False
8.5,4,0.8,0.8962051591496528,0.5904648533299016,196.89505611262814,0.013499999999999998,0.011257294209924017,0.10282029651860905,0.10935929631360237,43.165882012756214,39,8,0,False
8.5,4,0.8,0.9194896712614026,0.5,245.06462920714648,0.013499999999999998,0.0112454884159642,0.0748890766474632,0.08292750339370326,49.45403320419416,39,8,0,False
8.5,4,0.8,0.8601375237711879,0.7501747659381923,187.41148744446394,0.013499999999999998,0.011403261559683475,0.1591755323186781,0.14710945192011296,36.04215479390222,39,8,0,False
8.5,4,0.8,0.8937026454554875,0.8951229182198316,207.33345150881956,0.013499999999999998,0.011523053264897654,0.2032406784014946,0.17408351768836827,31.817196590887423,39,8,0,False
8.5,4,0.8,0.922805058417242,0.7323515037969854,174.13646692875776,0.013499999999999998,0.011401663056801997,0.14249635790945905,0.14320522717265832,36.70382673818981,39,8,0,True
8.5,4,0.8,0.8156560400401722,0.6212848172180534,191.81028201904306,0.013499999999999998,0.011253372819743982,0.12434440631294169,0.11837856897908206,41.28028695549752,39,8,0,False
8.5,4,0.8,0.8447804072884144,0.6943625137053684,182.38278733812592,0.013499999999999998,0.011341575916031386,0.14320960532122354,0.1354836781368735,38.10302973692255,39,9,0,False
8.5,4,0.8,0.8914318297988082,0.5463398968382045,214.33343519075711,0.013499999999999998,0.011227259482558578,0.09076682422774066,0.09784651743893516,45.84671164096052,39,9,0,False
8.5,4,0.8,0.909788355622922,0.5,243.45701982611686,0.013499999999999998,0.011237383405386693,0.07595597186311749,0.08326704581519713,49.3658522286543,39,9,0,False
8.5,4,0.8,0.8592296442355932,0.657714275693147,178.8334387888187,0.013499999999999998,0.011306924524445086,0.1288467473031543,0.12698508456943983,39.6704981788215,39,9,0,False
8.5,4,0.8,0.8903583909203373,0.5414074987109284,216.57275943524417,0.013499999999999998,0.011224626971412492,0.08951540168937762,0.09658711283409717,46.169387885943635,39,9,0,False
8.5,4,0.8,0.9207612705789736,0.5901453137738214,198.79882311166443,0.013499999999999998,0.011268599237759018,0.09951136579962298,0.10878943988439212,43.2882950302435,39,9,0,False
8.5,4,0.8,0.8965767298254534,0.7127618050903723,175.2554549418036,0.013499999999999998,0.011375431622626121,0.14043634117239281,0.13912941489229347,37.42668960711652,39,9,0,False
8.5,4,0.8,0.9860291937531807,0.5,257.1727752033951,0.013499999999999998,0.011305476512620453,0.06805666169922799,0.08038210200491674,50.10159315373124,39,9,0,False
8.5,4,0.8,0.8296082304420578,0.5191482509068486,220.98759259238423,0.013499999999999998,0.011179993897725823,0.0910642912385549,0.09178992706100467,47.30471971503213,39,9,0,False
8.5,4,0.8,0.8869016936443306,0.5511294215019954,211.68683987335746,0.013499999999999998,0.011226887570757562,0.09269289212856079,0.09919960612842679,45.506742725570334,39,9,0,False
8.5,4,0.8,0.9400024666446191,0.6705631908795536,176.47886125971027,0.013499999999999998,0.011346532037769131,0.12065840496273876,0.12938924991717715,39.251189819246584,39,9,0,False
8.5,4,0.8,0.866989666395645,0.7506521831005071,186.11542951420685,0.013499999999999998,0.01140545227393894,0.15807317491525352,0.1472049154222468,36.026352914417885,39,9,0,False
8.5,4,0.8,0.8996348096532346,0.594600009456431,195.70945281329168,0.013499999999999998,0.011262137540876257,0.10357108673199972,0.11039100253724907,42.94646680309584,39,9,0,False
8.5,4,0.8,0.9021828994828112,0.6384790711821713,182.73211080568802,0.013499999999999998,0.011302378005157604,0.11631166727520578,0.1215727745197901,40.66271099846118,39,9,0,False
8.5,4,0.8,0.8949326782974123,0.6542487914331253,178.48459293076436,0.013499999999999998,0.011315374338707414,0.12220668085625075,0.12570472079444278,39.89890216726074,39,9,0,False
8.5,4,0.8,0.9398377235747224,0.6579025922045594,179.51164376565976,0.013499999999999998,0.011334466178042554,0.11686650615222809,0.12608336304907264,39.830952910724385,39,9,0,False
8.5,4,0.8,0.9063548485517647,0.6862574610337429,174.0737023943514,0.013499999999999998,0.011351407136263248,0.13045144969700068,0.13337794033645647,38.509272246405345,39,9,0,True
8.5,4,0.8,0.86314639878927,0.6633789149529529,177.42030853351753,0.013499999999999998,0.01131420616232537,0.13002026622709345,0.12837961594366673,39.42606056206613,39,9,0,False
8.5,4,0.8,0.864061766063991,0.5977438208081393,192.3457711693312,0.013499999999999998,0.011249189410259952,0.10946759841164908,0.1118044406436184,42.63804221845838,39,9,0,False
8.5,4,0.8,0.8897148885156536,0.6307101406630045,184.18411709582674,0.013499999999999998,0.011290233611898714,0.11575090958063675,0.11975999414026774,41.010432674091,39,9,0,False
8.5,4,0.8,0.866543684258857,0.7446358392617917,185.3100450538304,0.013499999999999998,0.011399470613365685,0.15612146055147658,0.14595001678849684,36.23560839672669,39,9,0,False
8.5,4,0.8,0.878718596687231,0.6283327216892365,184.27941017847954,0.013499999999999998,0.011283820588548907,0.11663635255283908,0.1193078670313445,41.09825768118555,39,9,0,False
8.5,4,0.8,0.8838066737789495,0.6129761936150303,188.87472080111945,0.013499999999999998,0.01127121425006701,0.11122570191700049,0.1153296286059434,41.89465236391496,39,9,0,False
8.5,4,0.8,0.8690437634974642,0.6367433673456249,181.62890128184,0.013499999999999998,0.011288560727524597,0.12069467548785577,0.12157260376839436,40.662743342927804,39,9,0,False
8.5,4,0.8,0.8685438042331971,0.5,237.02538477464262,0.013499999999999998,0.011204682161981191,0.08072207460338757,0.08466734973403521,49.007051508260446,39,9,0,False
8.5,4,0.8,0.8760871397460153,0.6385204516946048,181.5101470395436,0.013499999999999998,0.011292959087018512,0.12017176640951825,0.12193058578040561,40.59509568530278,39,9,0,False
8.5,4,0.8,0.8790743741204491,0.614640023016204,188.11773599088613,0.013499999999999998,0.011270837293624228,0.11240940780279782,0.11582548044088607,41.79289816021505,39,9,0,False
8.5,4,0.8,0.8901016839186887,0.5877304516129361,197.4203925297471,0.013499999999999998,0.011252362936559873,0.10283983868390274,0.10875181853255145,43.296412765035825,39,9,0,False
8.5,4,0.8,0.8943701201407682,0.5066975646158307,236.5393053842328,0.013499999999999998,0.011223281123135339,0.07948880422321357,0.08587360205072053,48.70409556811209,39,9,0,False
8.5,4,0.8,1.05,0.6151126481369743,199.31451590035903,0.013499999999999998,0.011346622517729525,0.0913748560926544,0.11280398999817541,42.42384068838812,39,9,0,False
8.5,4,0.8,0.8686410790068716,0.8041745273526573,194.92095372518475,0.013499999999999998,0.011454813341313604,0.17614609118306016,0.15763478579504658,34.30352789191429,39,9,0,False
8.5,4,0.8,0.8862866697584105,0.6276624044267561,184.83690603496098,0.013499999999999998,0.011286004580268056,0.11532091189040544,0.11903025892043245,41.152386760207584,39,9,0,False
8.5,4,0.8,0.8876267490945976,0.6737883587820717,173.84773209065074,0.013499999999999998,0.011332921609101793,0.12942919502664688,0.13078778563855137,39.01258327892171,39,9,0,False
8.5,4,0.8,0.8643181773898947,0.6026831556154307,190.8263384906887,0.013499999999999998,0.011253740545647654,0.11092755378121634,0.1130434801786352,42.37298878958287,39,9,0,False
8.5,4,0.8,0.9916167230896601,0.7077643258869211,175.8190633755114,0.013499999999999998,0.011396533398904327,0.12473601550832444,0.13741102783031514,37.74205118129372,39,9,0,True
8.5,4,0.8,0.9513701607776911,0.6863861281330327,175.25096264138026,0.013499999999999998,0.011365174751959516,0.12385617077227176,0.13303572640519257,38.5765047116065,39,9,0,True
8.5,4,0.8,0.8988771203382692,0.6587300710510873,177.58878656535913,0.013499999999999998,0.011321177266088158,0.12300455665364221,0.1268095466899262,39.70158450842412,39,9,0,False
8.5,4,0.8,0.9060720044300231,0.6170643292643886,188.9412051428755,0.013499999999999998,0.011284009251376336,0.10932672085556241,0.11601625302647792,41.75394348272369,39,9,0,False
8.5,4,0.8,0.988974697927773,0.6211302457358392,192.77667602862036,0.013499999999999998,0.011322395033266928,0.09989427432206496,0.11563516337281211,41.83186694094821,39,9,0,False
8.5,4,0.8,0.8924955588119917,0.6254913588517081,185.75419372122286,0.013499999999999998,0.011286310094443072,0.113764323793769,0.11838496188422137,41.27902658538942,39,9,0,False
8.5,4,0.8,0.8888311333802357,0.6013242312007347,192.76482001146664,0.013499999999999998,0.01126290886782302,0.10703059466663409,0.11229177938998458,42.53320828203255,39,9,0,False
8.5,4,0.8,1.0395568303872567,0.640065334262229,189.75624836213422,0.013499999999999998,0.01135709483595002,0.09930360030017833,0.11976695665442937,41.00908031895295,39,9,0,False
8.5,4,0.8,0.9175922951616581,0.5926073904871084,197.6745304865125,0.013499999999999998,0.011268874117583254,0.10062788000715521,0.1095128311773406,43.13307519632674,39,9,0,False
8.5,4,0.8,0.842823462327482,0.5765045568135697,197.96981711189855,0.013499999999999998,0.011221607171935285,0.10613960592191943,0.10671565671148328,43.741746803845665,39,9,0,False
8.5,4,0.8,0.8929396980943185,0.6410354670839824,181.64604629809688,0.013499999999999998,0.011301559800545886,0.11843266331112373,0.12235107264610408,40.51602680781415,39,9,0,False
8.5,4,0.8,0.883859440735077,0.6505471740752167,178.90955505090102,0.013499999999999998,0.011307874488625207,0.12272637750933926,0.12488946279671817,40.04637197576555,39,9,0,False
8.5,4,0.8,0.8758747348907729,0.5753210817170311,200.83631704901185,0.013499999999999998,0.011236133767143764,0.10113053014174612,0.10576478054833686,43.95423974386158,39,9,0,False
8.5,4,0.8,0.8866012171157241,0.5819942142129864,199.19116615281052,0.013499999999999998,0.01124617318243601,0.10163571504625703,0.10730855207660207,43.61077957032261,39,9,0,False
8.5,4,0.8,0.9186728192628941,0.6697125889517941,175.85385873124287,0.013499999999999998,0.011338757323333032,0.12346054803549025,0.12941455469046684,39.24683426970129,39,9,0,False
8.5,4,0.8,0.9304294273103805,0.6647292596313008,177.4561108786255,0.013499999999999998,0.011337709440061853,0.12024539722741326,0.12798556444939602,39.494680760107514,39,9,0,False
8.5,4,0.8,0.8866630545762221,0.5388432526865106,217.43523847769904,0.013499999999999998,0.011221499351778177,0.08925532694440007,0.09600801734686239,46.3198968342176,39,9,0,False
8.5,4,0.8,0.8908634405616216,0.6544445918075991,178.2683512963044,0.013499999999999998,0.011314154284437246,0.1228793934585852,0.1258040099461802,39.88105118080053,39,9,0,False
8.5,4,0.8,0.8937082066071605,0.5541218215232675,211.00400150894916,0.013499999999999998,0.011232190889797107,0.09267798179823458,0.09982651049295137,45.351733165472645,39,9,0,False
8.5,4,0.8,0.9109053792411972,0.6038595094636393,193.36559608173485,0.013499999999999998,0.011274648843836802,0.10477675405630288,0.1125554996036347,42.47679466415285,39,9,0,False
8.5,4,0.8,0.8811607038941606,0.6281293410725171,184.45221053719396,0.013499999999999998,0.011284513721323424,0.1162143918273658,0.11922253461785856,41.11487374633325,39,9,0,False
8.5,4,0.8,0.8977817993347541,0.5379118235772758,219.12436600361744,0.013499999999999998,0.011228052068709094,0.08762458120878101,0.09549409131815732,46.45459349099631,39,9,0,False
8.5,4,0.8,0.9149165085036438,0.5818021383018889,201.45663394517396,0.013499999999999998,0.011259904986630938,0.09786644353433915,0.10667833468865864,43.75002998096704,39,9,0,False
8.5,4,0.8,0.8636064287717786,0.5996969364379909,191.70109295127045,0.013499999999999998,0.01125070930229647,0.11012626970026168,0.11230419472650703,42.53054749332166,39,9,0,False
8.5,4,0.8,0.9678836876130118,0.5760803704794655,208.3584620986273,0.013499999999999998,0.011284508786878724,0.08986751589561816,0.10396794663423128,44.36425461081565,39,10,0,False
8.5,4,0.8,0.8970539641931722,0.5925863589319385,196.2212370588673,0.013499999999999998,0.011259365168092141,0.10332743153716303,0.10990596115674954,43.04937281052359,39,10,0,False
8.5,4,0.8,0.9007484143699421,0.7338999597155687,177.34397590286596,0.013499999999999998,0.011397565932570252,0.14660129013942758,0.14361590851009912,36.63281567751883,39,10,0,False
8.5,4,0.8,0.968674724382674,0.6013049456239696,198.31379534906262,0.013499999999999998,0.011299359704615191,0.09675483817376496,0.11080655344126648,42.855106612095554,39,10,0,False
8.5,4,0.8,0.8903667172373836,0.6366045146820992,182.66576212621192,0.013499999999999998,0.011296274063105861,0.11745328617589357,0.12125255726159158,40.72350165083567,39,10,0,False
8.5,4,0.8,0.8787979256016788,0.6372544386988682,181.95685431717257,0.013499999999999998,0.01129269047291424,0.11937041347266159,0.12157279962965988,40.66270624204764,39,10,0,False
8.5,4,0.8,0.9392248279251139,0.608246333890938,193.7875145101986,0.013499999999999998,0.011290722843667235,0.10235782127096074,0.11317897673837367,42.344297900813324,39,10,0,False
8.5,4,0.8,0.8438155240553904,0.6052551122684816,190.05166872464045,0.013499999999999998,0.011247758197670862,0.11478448669806668,0.11401009032902105,42.16904084614648,39,10,0,False
8.5,4,0.8,1.0294466321937246,0.5221596420221876,247.4900318842472,0.013499999999999998,0.011328480066840197,0.06942736331238814,0.08603084370139252,48.66501136111121,39,10,0,False
8.5,4,0.8,0.8961847931734537,0.6703314606558594,174.88440642663682,0.013499999999999998,0.011332077717628808,0.12701935507098458,0.12981737990036363,39.1776897358475,39,10,0,False
8.5,4,0.8,0.8786118961399108,0.5639616060775954,205.46105604365812,0.013499999999999998,0.01122968149581922,0.09745172926868251,0.10273696048153785,44.65176906347679,39,10,0,False
8.5,4,0.8,1.0440799077968816,0.633869702397402,192.08679335334145,0.013499999999999998,0.011354803824088947,0.0970985733116331,0.11800288660579235,41.354553302410096,39,10,0,False
8.5,4,0.8,0.8929529986583322,0.6377145125395101,182.4935215564216,0.013499999999999998,0.011298254827891282,0.1174160369502051,0.12150290006240304,40.67595326248158,39,10,0,False
8.5,4,0.8,0.9209604532179989,0.6510408198856753,180.38224449703233,0.013499999999999998,0.011321261263169404,0.11744066873159549,0.12455224005904081,40.10784285617524,39,10,0,False
8.5,4,0.8,0.8966171258773848,0.6881851861468247,173.80196924276098,0.013499999999999998,0.011350428938483339,0.13257413863621795,0.133862761290743,38.41461065062883,39,10,0,True
8.5,4,0.8,0.9310248044226486,0.5790089595993231,203.86540228376018,0.013499999999999998,0.0112662838200835,0.09505563964534743,0.10558824225350705,43.99402785502412,39,10,0,False
8.5,4,0.8,0.9019791672990217,0.6116950191697756,190.32522458010584,0.013499999999999998,0.011277538161857748,0.1082952439743792,0.11471079710086601,42.022675468067995,39,10,0,False
8.5,4,0.8,0.9076258439773353,0.6184980150080209,188.59546734968518,0.013499999999999998,0.011285864132967826,0.10954115291812322,0.11636062644474347,41.68389498606086,39,10,0,False
8.5,4,0.8,0.8557482336168253,0.6625813128928081,178.78780917580374,0.013499999999999998,0.011310980039999105,0.1309697421142214,0.12824942347910412,39.44869342175375,39,10,0,False
8.5,4,0.8,0.9239247104704821,0.6664771618147556,176.79648665625191,0.013499999999999998,0.01133731221543974,0.12170593262331833,0.128516247128763,39.40233189366429,39,10,0,False
8.5,4,0.8,0.9404527640117116,0.8220800946591008,183.88544664377733,0.013499999999999998,0.01148308644233618,0.16892360667302517,0.16124486494834034,33.73365074384243,39,10,0,False
8.5,4,0.8,0.8416497971235017,0.6899858823112829,182.39190607219848,0.013499999999999998,0.011335970538694777,0.14231074973980803,0.13458152054844075,38.27552466762408,39,10,0,False
8.5,4,0.8,0.8851443898484983,0.6433653785596453,180.70490765315083,0.013499999999999998,0.011301048391172304,0.12030744170309289,0.12304627787211266,40.38579410801198,39,10,0,False
8.5,4,0.8,0.8895462337193261,0.6554502731530496,177.9819678292342,0.013499999999999998,0.011314746269474221,0.12338995747125167,0.1260759614366518,39.83227789983081,39,10,0,False
8.5,4,0.8,0.8995281917565139,0.6638161311508134,176.4584735609818,0.013499999999999998,0.011326605631625032,0.12447990695581442,0.128107410539481,39.473424883403126,39,10,0,False
8.5,4,0.8,0.9436855267214806,0.6509714355229975,181.44779508271895,0.013499999999999998,0.011329372343126804,0.11427065642763697,0.12422245493757124,40.168227841848356,39,10,0,False
8.5,4,0.8,0.8871749768504945,0.6063608533472574,191.0748165628594,0.013499999999999998,0.011266611201365706,0.10876295830521594,0.11359942359736538,42.25552484065823,39,10,0,False
8.5,4,0.8,0.8708109951695324,0.6851488246484368,176.27456081127204,0.013499999999999998,0.011339548931637447,0.135756112256463,0.13339108600930652,38.506696481093336,39,10,0,False
8.5,4,0.8,0.8921094559902372,0.5216859214474648,227.1437618365349,0.013499999999999998,0.011221060219668254,0.08383059742215047,0.09066263330029742,47.561940232339545,39,10,0,False
8.5,4,0.8,1.0087350201049037,0.7071137664135324,176.24907100451725,0.013499999999999998,0.011400570709032724,0.1222528321491408,0.13711823617961483,37.79624112423639,39,10,0,True
8.5,4,0.8,0.9680706255928134,0.5002959179456974,253.47821456802214,0.013499999999999998,0.0112883381289749,0.06989636593474803,0.08119226287649531,49.89435537060971,39,10,0,False
8.5,4,0.8,0.8740937923401789,0.634151802832317,182.52482027953818,0.013499999999999998,0.011287822214340958,0.11912151468914596,0.12084878033681215,40.80053897757763,39,10,0,False
8.5,4,0.8,0.8884534765916529,0.6889152253207738,173.62532655009352,0.013499999999999998,0.01134872827477288,0.1341012935529576,0.1340755562329517,38.373278087539425,39,10,0,False
8.5,4,0.8,0.8933476846853673,0.6331866974998894,183.70407641425055,0.013499999999999998,0.011294012100345944,0.11597694198491768,0.12033985483963215,40.89825304077112,39,10,0,False
8.5,4,0.8,0.9869441604321292,0.74772575721164,175.28094527545198,0.013499999999999998,0.011430898871908464,0.1375681830016325,0.1462570136801995,36.18416541654849,39,10,0,True
8.5,4,0.8,0.8511523905903959,0.7265336268530529,185.68784121198013,0.013499999999999998,0.011377116044961022,0.1528273942735633,0.14220135527416833,36.878556375933286,39,10,0,False
8.5,4,0.8,0.8810358658246497,0.6425223257524296,180.73261756422272,0.013499999999999998,0.01129874885495293,0.1206640705700097,0.12288377203112802,40.41612808545619,39,10,0,False
8.5,4,0.8,0.8666862145762589,0.623499505785167,184.9777406582439,0.013499999999999998,0.011274534546462834,0.11694598098730208,0.11825069192994375,41.305521975739914,39,10,0,False
8.5,4,0.8,0.9330944751757819,0.6512055850450909,180.90056635974526,0.013499999999999998,0.011325822951273068,0.11578976659981362,0.12442901419316522,40.13037467301105,39,10,0,False
8.5,4,0.8,0.8701277020899361,0.6457731355277624,179.46864589627538,0.013499999999999998,0.011298205431378848,0.12334544302495165,0.12384196720972163,40.238230859470015,39,10,0,False
8.5,4,0.8,0.8922818760246088,0.6229110826466724,186.46783751826504,0.013499999999999998,0.011283805730696542,0.1130142872412716,0.11772836497188593,41.4090718567521,39,10,0,False
8.5,4,0.8,0.9077423595023416,0.6628543110420477,176.98955745726406,0.013499999999999998,0.011328304630375876,0.12295926294085455,0.1277682177805848,39.53268047176328,39,10,0,False
8.5,4,0.8,0.8638305577700456,0.6787178872146168,176.7126840603101,0.013499999999999998,0.011330615919422728,0.1348346279206609,0.13207553153791124,38.7661045523679,39,10,0,False
8.5,4,0.8,0.9169731351650541,0.5662060462007453,207.91329391771774,0.013499999999999998,0.011251358676364237,0.09318338378747117,0.10248843542444122,44.710487249155726,39,10,0,False
8.5,4,0.8,0.8896373809959287,0.6539353394120828,178.33888308278196,0.013499999999999998,0.011313227763126047,0.12290612924404758,0.12568796850893077,39.90191634827623,39,10,0,False
8.5,4,0.8,0.8878590095158277,0.7286541354024358,178.96533537120274,0.013499999999999998,0.011389077076157618,0.14705758217643453,0.14254477515051034,36.81873524482662,39,10,0,False
8.5,4,0.8,0.901648657105262,0.620957109854623,187.5461904288525,0.013499999999999998,0.01128576396291545,0.11110100975398016,0.11708285706032535,41.53810687945054,39,10,0,False
8.5,4,0.8,0.8935444678207989,0.5468937528223221,214.28962476620814,0.013499999999999998,0.011228731914469797,0.09065853550819632,0.09794128524733628,45.822669795363275,39,10,0,False
8.5,4,0.8,0.9234123872770432,0.7144176024225575,174.1852912827538,0.013499999999999998,0.011384367181910179,0.13669206560814318,0.13934303388585526,37.38779578321341,39,10,0,True
8.5,4,0.8,0.855897838122384,0.6253912071586867,184.37634738806386,0.013499999999999998,0.011272348006169688,0.11917803902446626,0.11887826182746311,41.18211300263435,39,10,0,False
8.5,4,0.8,0.894154666400565,0.8111068594485037,190.92224810776446,0.013499999999999998,0.011465879314378582,0.1736290767257362,0.15902181897324055,34.081532373238296,39,10,0,False
8.5,4,0.8,0.9009730972073916,0.6802023456263208,174.03466278076073,0.013499999999999998,0.011343657396381926,0.12937682766625258,0.13211582046854742,38.75812579703036,39,10,0,True
8.5,4,0.8,0.8899712242049078,0.6855726540363363,173.6757849367434,0.013499999999999998,0.011345820451506497,0.13279184539454944,0.13334927483891382,38.51489072838231,39,10,0,True
8.5,4,0.8,0.8917157685260529,0.7435853447855815,180.34879030531147,0.013499999999999998,0.011404808272034607,0.1513108371564061,0.14568729892420876,36.27971562814641,39,10,0,False
8.5,4,0.8,0.8999355788401463,0.5429425292756966,216.85973527573623,0.013499999999999998,0.011231048092134056,0.08876080743702816,0.09675482179542746,46.12603023961728,39,10,0,False
8.5,4,0.8,0.8902414173409591,0.5,240.31807246301034,0.013499999999999998,0.011221463588572284,0.07816837417888808,0.08394141976345852,49.192087819890695,39,10,0,False
8.5,4,0.8,0.886870600525871,0.664886092871352,175.74284444457618,0.013499999999999998,0.01132353604657598,0.1267442863725071,0.12851976918116878,39.40171867488376,39,10,0,False
8.5,4,0.8,0.8978888280618108,0.593220352980688,196.05694411998124,0.013499999999999998,0.01126021521372724,0.10340212677989262,0.11005952901961895,43.016798871561896,39,10,0,False
8.5,4,0.8,0.9569799961878228,0.8333530586512916,182.75177653581645,0.013499999999999998,0.011493886153123105,0.16980842448524963,0.16344257510820692,33.39683222653509,39,11,0,False
8.5,4,0.8,0.8920079945868624,0.6705575046665296,174.6877495549576,0.013499999999999998,0.011330981782693594,0.1277316962356994,0.1299176595347524,39.16053256182146,39,11,0,False
8.5,4,0.8,0.8908584533584943,0.7886276745988132,187.5917097299706,0.013499999999999998,0.011446298463259267,0.16656003945032302,0.15477044150065744,34.772307890172904,39,11,0,False
8.5,4,0.8,0.878563471627956,0.6650866324455112,175.39485762463144,0.013499999999999998,0.011321037826598867,0.12810228273638613,0.12865704867289599,39.37783905540078,39,11,0,False
8.5,4,0.8,0.8902740605685263,0.8210680418702391,193.51369194080795,0.013499999999999998,0.011473088405908086,0.17780373053307735,0.16087683845115527,33.79097779745216,39,11,0,False
8.5,4,0.8,0.8853435789546201,0.7224290493022175,178.57646752356277,0.013499999999999998,0.011382183071019816,0.14544369316621686,0.14123079796803706,37.04917716952619,39,11,0,False
8.5,4,0.8,0.9468671835873231,0.5755399253537711,206.67250900649043,0.013499999999999998,0.01127272873561655,0.09216864569857357,0.10430407951256195,44.28669310707393,39,11,0,False
8.5,4,0.8,0.9249225548367723,0.9242212327943684,206.9526735446771,0.013499999999999998,0.011541339442531382,0.20714914955020544,0.1789160375414125,31.084562002263066,39,11,0,False
8.5,4,0.8,1.05,0.6959591655114837,177.6865546521184,0.013499999999999998,0.011402796457499278,0.11379245265930928,0.13418280711313582,38.3524956042003,39,11,0,True
8.5,4,0.8,0.9150756472100653,0.7646282908427835,179.04673612733902,0.013499999999999998,0.011430129244582537,0.15425063411274495,0.15009866155100032,35.554957224650884,39,11,0,False
8.5,4,0.8,0.9013199997710322,0.6698057608013229,175.19051238827964,0.013499999999999998,0.011333244207300508,0.12607186173092905,0.1296271086452388,39.21030483982202,39,11,0,False
8.5,4,0.8,1.0460236603361643,0.7457361527838037,176.34513174005957,0.013499999999999998,0.011441738016956412,0.12881604863142357,0.14547970320655518,36.31468025915446,39,11,0,True
8.5,4,0.8,0.886055930211077,0.7938823847759542,189.46403439203866,0.013499999999999998,0.011449753042616783,0.16924779707328746,0.15576094980274027,34.60917482839123,39,11,0,False
8.5,4,0.8,0.8841377099088933,0.6937265172095133,174.9943642340713,0.013499999999999998,0.011352440477982178,0.1363366336390092,0.13512961369323231,38.17045461974035,39,11,0,False
8.5,4,0.8,0.8830488232595848,0.7054716224835541,176.70835921401508,0.013499999999999998,0.011364258736408383,0.14030479258573345,0.13764367174013917,37.699155988598235,39,11,0,False
8.5,4,0.8,0.8612635030444484,0.7213926108306061,182.96680505843352,0.013499999999999998,0.011374632581125557,0.1492783950383124,0.14109401261208523,37.073410627564755,39,11,0,False
8.5,4,0.8,0.8943600645389979,0.7232919761996474,177.05297018129795,0.013499999999999998,0.01138539495454614,0.1442130078116906,0.14138135190895887,37.022558174564026,39,11,0,False
8.5,4,0.8,1.0016853122984153,0.7471612829552261,175.54089776452795,0.013499999999999998,0.011433623661495959,0.13528099038254615,0.1460600217607414,36.217186584979075,39,11,0,True
8.5,4,0.8,0.9673895470812374,0.764641548085158,174.98597820911095,0.013499999999999998,0.011441390355483394,0.14579281269814087,0.15000812702797722,35.569438234422314,39,11,0,True
8.5,4,0.8,0.9008203389268579,0.7072364203765874,173.79961049282846,0.013499999999999998,0.011371099730630215,0.13797117975862436,0.13792529811813356,37.647420744519394,39,11,0,False
8.5,4,0.8,0.9461601621697382,0.8216810460348143,182.76309586655387,0.013499999999999998,0.011483740503174985,0.16779580285637608,0.16118470113157,33.74300292222813,39,11,0,False
8.5,4,0.8,0.9284172751971016,0.7254589365506248,174.25110724824248,0.013499999999999998,0.01139648716248932,0.1394090854944049,0.1416950190205182,36.96727973682694,39,11,0,True
8.5,4,0.8,0.8867341427622955,0.6906247314603385,174.14256283449367,0.013499999999999998,0.011349999343442243,0.13492251571622435,0.13445129240205925,38.300614956572325,39,11,0,False
8.5,4,0.8,0.9009992185814383,0.68900634922455,173.90226287771623,0.013499999999999998,0.011352601313489818,0.1321465933800529,0.13400690260073914,38.386598825423064,39,11,0,True
8.5,4,0.8,0.9153751594502093,0.7591194389215165,178.21702053867335,0.013499999999999998,0.011425142857892465,0.15239086041680067,0.14893018732299831,35.7431956214855,39,11,0,False
8.5,4,0.8,0.940545073771581,0.6868897846829359,174.9500329624064,0.013499999999999998,0.011362371269315103,0.12555545207592123,0.13324011574430644,38.53630819634127,39,11,0,True
8.5,4,0.8,0.8992357198771634,0.7908050786985568,186.33113573618198,0.013499999999999998,0.011449983385278457,0.16576526131640976,0.155199398735602,34.701383999751876,39,11,0,False
8.5,4,0.8,0.8726151273285337,0.7359300382395321,182.8562154387179,0.013499999999999998,0.011392375634496969,0.15211222094751473,0.14411889964205588,36.54635313761114,39,11,0,False
8.5,4,0.8,0.9083334109238949,0.6845249617207845,174.1521720488359,0.013499999999999998,0.011350265819292188,0.12960445060378045,0.1329903323392044,38.585448965262984,39,11,0,True
8.5,4,0.8,0.8360807571037984,0.7866772308352084,198.69042035700295,0.013499999999999998,0.011431852547854008,0.1765536330278297,0.15427163956421128,34.85531676276011,39,11,0,False
8.5,4,0.8,0.9653615452140757,0.5283783280553604,233.0631942805747,0.013499999999999998,0.011273811090362493,0.07738913548892279,0.09038580391016933,47.6257421907366,39,11,0,False
8.5,4,0.8,0.8662845681393335,0.6558759248491723,177.90991021329205,0.013499999999999998,0.011307333111758106,0.1271320503083351,0.12644540681836916,39.76630034535869,39,11,0,False
8.5,4,0.8,0.8888668403401805,0.6964786585901248,174.5167904392612,0.013499999999999998,0.011356721426349978,0.1364506596054104,0.13568642963098682,38.06457703487846,39,11,0,False
8.5,4,0.8,0.914208014624466,0.6890445648889738,174.23413789629254,0.013499999999999998,0.011356612622388802,0.13012237956996447,0.13391746145145542,38.40397336422793,39,11,0,True
8.5,4,0.8,0.8829200608057587,0.6852691368950573,174.13697881996407,0.013499999999999998,0.01134335585554682,0.1338222911487751,0.13333451422268158,38.51778477358822,39,11,0,False
8.5,4,0.8,0.8859911914564322,0.6846020163624682,173.58109558583124,0.013499999999999998,0.01134353046889215,0.13311973083047512,0.13317293218572698,38.54950733536168,39,11,0,True
8.5,4,0.8,0.8621603711413707,0.674674498537077,176.5041154956448,0.013499999999999998,0.01132579946940626,0.13380699721237987,0.13122811445443583,38.934902773215434,39,11,0,False
8.5,4,0.8,0.8817269188696336,0.7508936156897906,183.28134358349718,0.013499999999999998,0.011409366754991736,0.15549233055543393,0.14724164802065617,36.02027805984178,39,11,0,False
8.5,4,0.8,0.8662608989948067,0.7131990219506633,180.85065382824874,0.013499999999999998,0.0113674708049647,0.1456853124473356,0.13935736049630507,37.38519157445959,39,11,0,False
8.5,4,0.8,0.8908172492577369,0.7331815798517305,179.0473650500333,0.013499999999999998,0.011394304830751401,0.14804179198141595,0.14349452717891228,36.653761725729204,39,11,0,False
8.5,4,0.8,0.8868732891051166,0.6963205290187956,174.8427763702951,0.013499999999999998,0.011355917095945066,0.13672538802245898,0.1356666470610851,38.068323858060154,39,11,0,False
8.5,4,0.8,0.9069924041228843,0.7242809678708758,174.9479440108803,0.013499999999999998,0.011389745574468944,0.14245178163016722,0.14153964482094045,36.99463142050709,39,11,0,False
8.5,4,0.8,0.8644249215904274,0.7221852152852394,182.46859926912688,0.013499999999999998,0.011376295511774397,0.14898264433709393,0.141251136739964,37.04557784436607,39,11,0,False
8.5,4,0.8,0.9078864106255023,0.6302071164762848,185.2542566473866,0.013499999999999998,0.01129673896479699,0.11300187809172933,0.11936485217293291,41.087172471701685,39,11,0,False
8.5,4,0.8,0.885592165637805,0.709467155914107,176.77390497290492,0.013499999999999998,0.011369040562200455,0.14117957889218719,0.13848413236763102,37.54490345319116,39,11,0,False
8.5,4,0.8,0.8993125283703656,0.6632470290467313,176.57935141668267,0.013499999999999998,0.011325961986109589,0.12433562956505775,0.12796325279163523,39.49857665202788,39,11,0,False
8.5,4,0.8,0.9299892192319029,0.6513836245748825,180.70904616232983,0.013499999999999998,0.011324845757630694,0.11627531562611661,0.12451865348650593,40.11398045377193,39,11,0,False
8.5,4,0.8,0.9010051055077474,0.9223386750843172,211.85663888708393,0.013499999999999998,0.011537531300615788,0.2114946292441017,0.1783881149189752,31.163015119682488,39,11,0,False
8.5,4,0.8,0.889246320558423,0.7269463364392034,178.48019772427278,0.013499999999999998,0.01138776819787075,0.14626111029797767,0.14217588607740092,36.88300430352287,39,11,0,False
8.5,4,0.8,0.8857370308610727,0.6864258024638709,173.78894830170168,0.013499999999999998,0.011345390339729438,0.1337399891121431,0.13356178206322863,38.47329625887398,39,11,0,False
8.5,4,0.8,0.8969897465805825,0.8358757243456613,194.8503354304031,0.013499999999999998,0.011485623533881504,0.18164294487056115,0.16366377346879904,33.363259729738395,39,11,0,False
8.5,4,0.8,0.8920525733357693,0.6944115742705934,173.69423966231614,0.013499999999999998,0.01135547574073363,0.13527849072838555,0.13522577923565884,38.15210698129498,39,11,0,False
8.5,4,0.8,0.8865512820238793,0.7514886060877913,182.44814734549178,0.013499999999999998,0.011411123881823842,0.154836401377737,0.14736092325739727,36.00057298627521,39,11,0,False
8.5,4,0.8,0.883707971510909,0.7993468968399772,190.9157551983599,0.013499999999999998,0.011453940952439371,0.17156434656604483,0.1567838646339732,34.44183314395625,39,11,0,False
8.5,4,0.8,0.8909216056244509,0.6130018912903554,189.2757068522788,0.013499999999999998,0.011274128438769971,0.11022439923400774,0.11522352010791401,41.91652215961149,39,11,0,False
8.5,4,0.8,0.8860113395189869,0.8305207397982395,196.14376295507677,0.013499999999999998,0.011479513429129652,0.1819242438738136,0.16261413485142595,33.52283491209894,39,11,0,False
8.5,4,0.8,0.8997719574341387,0.770028111809397,182.66175059609617,0.013499999999999998,0.011431610892962784,0.15868922866263044,0.15123947347721975,35.37259086310668,39,11,0,False
8.5,4,0.8,0.9057683681310864,0.7314775456030624,176.1193188893196,0.013499999999999998,0.011396477442343993,0.14498029284117514,0.1430837911705104,36.724901892499446,39,11,0,False
8.5,4,0.8,0.9569262876029883,0.8736322952642958,189.72709407018715,0.013499999999999998,0.01151977660096742,0.18335567477710293,0.17103860257498604,32.29008288806616,39,12,0,False
8.5,4,0.8,0.8805879292663648,0.7262894222753608,179.98292634973933,0.013499999999999998,0.011384774586725347,0.14752463557005757,0.14206705167688394,36.902028869457425,39,12,0,False
8.5,4,0.8,0.8899534954411882,0.7134864698917145,176.53395756097828,0.013499999999999998,0.011374408652980242,0.14175711110121816,0.13931315602959696,37.39322852480709,39,12,0,False
8.5,4,0.8,0.841263101475874,0.7072294696245689,184.86514608775758,0.013499999999999998,0.011354228671767441,0.14813295193375517,0.13820342241804343,37.59653327548028,39,12,0,False
8.5,4,0.8,0.8903984348403523,0.66089448374491,176.7666323929339,0.013499999999999998,0.011320594655512835,0.1249546566130744,0.12745933046743724,39.586870503384446,39,12,0,False
8.5,4,0.8,0.8971199737879981,0.7133277044652766,175.23373545029133,0.013499999999999998,0.011376142083220325,0.14053050007039727,0.13924744859258575,37.40518439208765,39,12,0,False
8.5,4,0.8,0.905100082871831,0.6964278388800949,173.92078600413066,0.013499999999999998,0.011361388835054978,0.13385112851265107,0.1355719002947729,38.08628397712029,39,12,0,True
8.5,4,0.8,1.001783300612286,0.905579991499734,187.6125440224642,0.013499999999999998,0.011540057863798178,0.18614439298220448,0.17657072161710782,31.43757406992547,39,12,0,False
8.5,4,0.8,0.9727809867436716,0.8102354917245692,176.15799466849307,0.013499999999999998,0.01147946597724971,0.1595651734706208,0.15902595259591934,34.08087706143032,39,12,0,False
8.5,4,0.8,0.923660441505733,0.658563887052672,178.6541225946083,0.013499999999999998,0.011329509581795896,0.11933486264543398,0.12646425279660295,39.76294335859701,39,12,0,False
8.5,4,0.8,0.9077250951181647,0.7512132205558818,178.4863523576903,0.013499999999999998,0.011415977270591165,0.15108919939357834,0.14726947641420068,36.01567778900042,39,12,0,False
8.5,4,0.8,0.7918066407985025,0.6839901808352917,191.8489615878851,0.013499999999999998,0.011314480474947118,0.14953734350220532,0.1335776160485742,38.470202332676486,39,12,0,False
8.5,4,0.8,0.8831092786607625,0.7653990166490358,185.1574328528701,0.013499999999999998,0.01142342751289994,0.16011739523140045,0.1502759404422681,35.52654451689801,39,12,0,False
8.5,4,0.8,0.8789451041522871,0.7061463093459129,177.54094203934534,0.013499999999999998,0.011363808273568662,0.1412072507359662,0.1378082764966605,37.66889244021406,39,12,0,False
8.5,4,0.8,0.8906905446817424,0.6779891944894779,173.80081234764063,0.013499999999999998,0.011338200999997909,0.13027650950455655,0.13172005725661048,38.83665119693746,39,12,0,True
8.5,4,0.8,0.8688754262656542,0.7058101650300872,179.35002215672637,0.013499999999999998,0.011360606150452536,0.14280069774319992,0.13778575750346375,37.67302846928413,39,12,0,False
8.5,4,0.8,0.8862285490503782,0.7161270643393581,177.55969837151798,0.013499999999999998,0.011376056084044985,0.14323620634376175,0.13989031556478054,37.288691505451986,39,12,0,False
8.5,4,0.8,0.873820833767687,0.7698096648817565,187.65881757830314,0.013499999999999998,0.011425380662369363,0.16331402198801825,0.15118859034235463,35.38127230859936,39,12,0,False
8.5,4,0.8,1.0005525127672403,0.7257261498792248,175.71832114622256,0.013499999999999998,0.011414761195694763,0.12892244540011064,0.14132817847516174,37.03195318805585,39,12,0,True
8.5,4,0.8,0.8717104991206539,0.7142488867249347,179.97400217673948,0.013499999999999998,0.01137010500227989,0.14508764858809658,0.139555285231379,37.34926846217329,39,12,0,False
8.5,4,0.8,0.8929478850482941,0.7495143526855581,180.9648690856109,0.013499999999999998,0.011410846262030667,0.153058556163111,0.14693467677149843,36.07113778708287,39,12,0,False
8.5,4,0.8,0.8868137446755262,0.696564382472369,174.88739231060399,0.013499999999999998,0.011356189752581888,0.13681181246928611,0.13571795634565964,38.058608110410475,39,12,0,False
8.5,4,0.8,0.8838059091629317,0.6925545361604147,174.9021802646362,0.013499999999999998,0.011351116292495808,0.1360147634079124,0.13488215033115486,38.217788368757255,39,12,0,False
8.5,4,0.8,0.8797988063596706,0.7022200684740574,176.86710861221823,0.013499999999999998,0.01135994821072348,0.13979163393643007,0.136967402663775,37.82424691270358,39,12,0,False
8.5,4,0.8,0.8884350608374184,0.7869732026276609,187.77883235491666,0.013499999999999998,0.011444295455708046,0.1664457227479492,0.154452736870424,34.825112047794576,39,12,0,False
8.5,4,0.8,0.8735742219214546,0.7019440439072125,177.96900140923262,0.013499999999999998,0.011357949200076302,0.14073968164508538,0.13693938469569614,37.82945583434143,39,12,0,False
8.5,4,0.8,0.8984212202085,0.6608168280317579,177.09995581681764,0.013499999999999998,0.011323220165361322,0.12371557270633492,0.12734798071189635,39.60645903774079,39,12,0,False
8.5,4,0.8,0.8913157606891442,0.6706096106043853,174.64326030804392,0.013499999999999998,0.01133073801333928,0.12785784869853847,0.12994061599690312,39.156607977705754,39,12,0,False
8.5,4,0.8,0.8808988909038189,0.7660425060733719,185.68815111994738,0.013499999999999998,0.011423541987024638,0.16073443645462035,0.1504085090330385,35.50533404976408,39,12,0,False
8.5,4,0.8,0.9816022326938548,0.6277276426142637,190.15611294032237,0.013499999999999998,0.011324168363637841,0.1026450418725723,0.11751505899600846,41.451580072687285,39,12,0,False
8.5,4,0.8,0.8304001358587583,0.6168525351019488,190.03719373817756,0.013499999999999998,0.011254242780762421,0.1205122863237485,0.11708395965693952,41.53788546085664,39,12,0,False
8.5,4,0.8,0.8818983636709279,0.679979339223654,173.65376035954478,0.013499999999999998,0.01133753968661097,0.13229879844990802,0.13221424116095146,38.73865503992541,39,12,0,False
8.5,4,0.8,0.8886512148995235,0.6854765975803551,173.64362873856345,0.013499999999999998,0.011345317897240817,0.13297117210085324,0.13333825678057068,38.51705092712246,39,12,0,True
8.5,4,0.8,0.9166825923202984,0.7140827128279139,174.04998338337882,0.013499999999999998,0.011382291543223965,0.13763497504100053,0.1393059478210411,37.3945395533277,39,12,0,True
8.5,4,0.8,0.8331149333321779,0.6534871126557722,183.95527236821565,0.013499999999999998,0.011293811777111647,0.13181049276786436,0.12618487899217212,39.812793280172166,39,12,0,False
8.5,4,0.8,0.9034105918894504,0.6636362111171759,176.6362001893231,0.013499999999999998,0.011327600936910867,0.1238461462352952,0.12802109489619057,39.48847904071127,39,12,0,False
8.5,4,0.8,0.8621983678448223,0.6923240287995154,178.79443577545484,0.013499999999999998,0.011344553736595132,0.1395241511798126,0.13496110629748578,38.20266724120752,39,12,0,False
8.5,4,0.8,0.8761351145840257,0.7388178670661917,182.59871488995958,0.013499999999999998,0.011396147118750624,0.15245228718907816,0.14471699694726758,36.4439953468599,39,12,0,False
8.5,4,0.8,0.8800347378411085,0.6745807582930198,173.57744984798248,0.013499999999999998,0.01133137339133755,0.1308773794688232,0.13106154597276568,38.96637471542593,39,12,0,True
8.5,4,0.8,1.0085960676003776,0.757873751147365,175.6086915707486,0.013499999999999998,0.011444034142859837,0.13758690016853298,0.14838407394702133,35.832182012221075,39,12,0,True
8.5,4,0.8,0.8828018401890215,0.7103415612410198,177.39657740539607,0.013499999999999998,0.011369167756414266,0.14192818305870283,0.13868216682651144,37.508507393862985,39,12,0,False
8.5,4,0.8,0.8843940666401445,0.744497734190783,181.8472335534386,0.013499999999999998,0.011403834916531564,0.15288819248849228,0.14589490343109313,36.2448482239432,39,12,0,False
8.5,4,0.8,0.8978918360877343,0.6538653248316344,178.70161085521687,0.013499999999999998,0.011316033349249029,0.12164611823787728,0.1255699065526995,39.92317788268333,39,12,0,False
8.5,4,0.8,0.8871776875165587,0.7252532697411636,178.62365407663697,0.013499999999999998,0.011385478459325882,0.14605912223700673,0.14182477747805128,36.94448288065741,39,12,0,False
8.5,4,0.8,0.8838735231067721,0.7370407828246648,180.87997830216017,0.013499999999999998,0.011396375825040836,0.1505060547435593,0.14432657246302594,36.51071655629086,39,12,0,False
8.5,4,0.8,0.8920064558136732,0.6768249203157306,173.85672953330922,0.013499999999999998,0.01133743396665267,0.12970269653306077,0.13145863485558032,38.888771833861256,39,12,0,True
8.5,4,0.8,0.8934890853101223,0.7087655196078967,175.27611823183864,0.013499999999999998,0.0113705790384263,0.13965027970286492,0.1382942374860003,37.57990131051052,39,12,0,False
8.5,4,0.8,0.8998329601501112,0.9534253178717271,219.2995125120006,0.013499999999999998,0.011549183585250462,0.2230890425120533,0.18314972245455338,30.474543307191045,39,12,0,False
8.5,4,0.8,0.8826208808381556,0.6698116650339111,174.51527841690213,0.013499999999999998,0.011327198633202749,0.12895905162246388,0.12982142364902313,39.17699744896968,39,12,0,False
8.5,4,0.8,0.9010584720767746,0.7155517496987398,174.83769197277564,0.013499999999999998,0.011379489013498018,0.14060403804548144,0.13970098268240885,37.32288931472026,39,12,0,False
8.5,4,0.8,0.8962864664166668,0.5,241.266780669371,0.013499999999999998,0.01122628002038412,0.07747614626163567,0.0837357094435228,49.24490033763339,39,12,0,False
8.5,4,0.8,0.8861346508622094,0.6916644462405416,174.37810118368225,0.013499999999999998,0.011350877090802841,0.135352627167655,0.13467760757404362,38.257043135196014,39,12,0,False
8.5,4,0.8,0.8861125065460225,0.6793265386712581,173.65629016421317,0.013499999999999998,0.01133811318034841,0.1314227048725376,0.1320441963642882,38.77231132624342,39,12,0,True
8.5,4,0.8,0.8920176506643419,0.5781027669777818,201.05938911658646,0.013499999999999998,0.011246076526492482,0.09977342855067926,0.10616744382430719,43.86388438666017,39,12,0,False
8.5,4,0.8,0.8733142092236741,0.7076754139812425,178.7774398707787,0.013499999999999998,0.0113638152921981,0.14265484196533523,0.1381612180628846,37.604242243351635,39,12,0,False
8.5,4,0.8,0.8847207046077207,0.713030753541479,177.4120930635689,0.013499999999999998,0.011372455936573803,0.14248196389931797,0.1392420815079687,37.40616146246163,39,12,0,False
8.5,4,0.8,0.8876904468380519,0.6298344867736089,184.32328019025107,0.013499999999999998,0.01128866216969724,0.11577744871988792,0.11956416076462661,41.04847064032766,39,12,0,False
8.5,4,0.8,0.8714493620224137,0.7291419041171359,182.10635323237457,0.013499999999999998,0.011385258798851987,0.1500573999691947,0.1426967852990921,36.7923045807737,39,12,0,False
8.5,4,0.8,0.9032423171549105,0.5962417682995815,195.39645070513714,0.013499999999999998,0.011265067652244174,0.10356921973307355,0.11074414999601329,42.868789568239826,39,13,0,False
8.5,4,0.8,0.8762822123167607,0.6814575770720108,174.8253481211578,0.013499999999999998,0.011337371821111962,0.13367430536377028,0.13257085735509463,38.66834549029969,39,13,0,False
8.5,4,0.8,0.8884751407210569,0.6353642081993859,182.8905834481779,0.013499999999999998,0.011294295759590402,0.11735364505059709,0.12096389438492437,40.77853235890849,39,13,0,False
8.5,4,0.8,0.8513289558246374,0.7126987431263575,183.66331210253537,0.013499999999999998,0.011362878911352087,0.1481482597346983,0.1393055840223438,37.394605724595536,39,13,0,False
8.5,4,0.8,0.88657907490374,0.589720266863844,196.4762440790492,0.013499999999999998,0.011252294952914141,0.10390426278548837,0.10934614498542705,43.16869557486145,39,13,0,False
8.5,4,0.8,0.8828195215911914,0.6561700200695391,177.55052155263888,0.013499999999999998,0.011313238510040987,0.12463923479850945,0.12633587810413788,39.7858269704395,39,13,0,False
8.5,4,0.8,0.8622918054948249,0.7182618396729477,182.32390705374613,0.013499999999999998,0.011371677174498664,0.14805458538361752,0.1404334450023486,37.19109897915646,39,13,0,False
8.5,4,0.8,0.9421774734435894,0.7065111414610084,174.67472441586284,0.013499999999999998,0.011381847505470739,0.13136564360529532,0.1375105093879194,37.72369107482233,39,13,0,True
8.5,4,0.8,0.8293227068275667,0.7990813818701933,202.5919526251374,0.013499999999999998,0.011441355618815742,0.18238564587438155,0.15653937516979943,34.48187461772547,39,13,0,False
8.5,4,0.8,0.915924759192215,0.6440479202141466,181.93729637380093,0.013499999999999998,0.011312785459416864,0.11603885367158849,0.12281486773970841,40.42901033296207,39,13,0,False
8.5,4,0.8,0.8921505228130886,0.6659571770242141,175.69341525125756,0.013499999999999998,0.01132628621116994,0.12626992096126963,0.12873992733834927,39.36344302952928,39,13,0,False
8.5,4,0.8,0.7673342473781246,0.6579694478398386,196.59268164932595,0.013499999999999998,0.011277756728548239,0.14537769857924582,0.12784438272033474,39.51935194688769,39,13,0,False
8.5,4,0.8,0.8974028456665917,0.6587912689783703,177.5240206852504,0.013499999999999998,0.011320812851153866,0.1232415975881645,0.12684000840770723,39.696184837235826,39,13,0,False
8.5,4,0.8,0.9185302884450582,0.7083214804949901,174.12522145386976,0.013499999999999998,0.011377104691327404,0.13551952043366322,0.13805722049776095,37.623258105553894,39,13,0,True
8.5,4,0.8,0.8826381128244848,0.6602419300442797,176.61372351722838,0.013499999999999998,0.011317327298043535,0.1259434665786915,0.12737853263773985,39.60108153076268,39,13,0,False
8.5,4,0.8,0.9051577557249257,0.6588120996722531,177.82585318504016,0.013499999999999998,0.011323410376058008,0.12209573239483171,0.12675583186765116,39.711111322530925,39,13,0,False
8.5,4,0.8,0.8894859575482543,0.6566768106786054,177.69635676996936,0.013499999999999998,0.011315987618460472,0.12377990234648566,0.12638988246969396,39.77619561670008,39,13,0,False
8.5,4,0.8,0.8749235067793059,0.6791252696455823,174.77105681922905,0.013499999999999998,0.011334451794626318,0.13315003629707256,0.13208396628811808,38.76443374759774,39,13,0,False
8.5,4,0.8,0.9049821471083144,0.6121243130941484,190.3682121350636,0.013499999999999998,0.011279126726266488,0.10801203589413176,0.11477211269993423,42.009938984768176,39,13,0,False
8.5,4,0.8,0.8624355472158963,0.6586887172561133,178.1613181114864,0.013499999999999998,0.011309001248877947,0.12864063120121214,0.1271988676292673,39.632735656658085,39,13,0,False
8.5,4,0.8,0.8761119151565468,0.6136470521227313,188.23907875353177,0.013499999999999998,0.011268705812992908,0.11253813938399163,0.11562032636321186,41.83490943466074,39,13,0,False
8.5,4,0.8,0.8746577518832211,0.6655790214978309,175.21437874895568,0.013499999999999998,0.01132024328862976,0.12887629082842222,0.12882310140322498,39.349011272878684,39,13,0,False
8.5,4,0.8,0.8793830432899827,0.6596660911610478,176.61675818552575,0.013499999999999998,0.011315634509412987,0.12626845951224439,0.12726757831022437,39.62062111996317,39,13,0,False
8.5,4,0.8,0.872319603157532,0.6555744490978257,177.27231351544594,0.013499999999999998,0.011309071603408077,0.1260830765451637,0.12630215165280745,39.79184536849663,39,13,0,False
8.5,4,0.8,0.8713735055449637,0.6028890272554007,191.1890526630633,0.013499999999999998,0.011256876957417365,0.10996622902231387,0.11298029734007914,42.386387164559274,39,13,0,False
8.5,4,0.8,0.853971831682292,0.6660574280807527,178.6482533359452,0.013499999999999998,0.011314022052194717,0.13238429895798867,0.12914572351099013,39.29317940393605,39,13,0,False
8.5,4,0.8,0.8910893909475601,0.6044575643707902,191.9102253190892,0.013499999999999998,0.011266589246861462,0.10764919211870931,0.11305022418157297,42.37155941411158,39,13,0,False
8.5,4,0.8,0.8798150914294746,0.645571402673953,179.93624663326202,0.013499999999999998,0.01130143739273594,0.12179343462453755,0.12367190738092089,40.269635405460605,39,13,0,False
8.5,4,0.8,0.8799236980625598,0.6845495452568449,174.56799817507607,0.013499999999999998,0.011341634059018498,0.1340779243275011,0.13320412079583063,38.54337824653774,39,13,0,False
8.5,4,0.8,1.05,0.6896367516533806,177.9315421354662,0.013499999999999998,0.011397690688649776,0.11199057635221418,0.13274989108834034,38.63292652918678,39,13,0,True
8.5,4,0.8,0.8601959479374136,0.7053087970927268,180.91515668042763,0.013499999999999998,0.01135761438066059,0.14413138046558616,0.13771945107165873,37.68521463296277,39,13,0,False
8.5,4,0.8,0.8865452792873941,0.6825466007475278,173.62483716091333,0.013499999999999998,0.011341610257240248,0.13237569531575463,0.13273014260075652,38.63683371721881,39,13,0,True
8.5,4,0.8,0.8792674984689562,0.672558167036194,173.81961848295794,0.013499999999999998,0.011328992519639867,0.1303583106087342,0.13055404636875023,39.05216460822294,39,13,0,False
8.5,4,0.8,0.8544401114925425,0.6634099432494406,178.9003707319158,0.013499999999999998,0.011311376459483546,0.13145351486419327,0.12847366060333518,39.40973547584754,39,13,0,False
8.5,4,0.8,0.8455593673464924,0.6635767868911951,180.43810308021673,0.013499999999999998,0.011308699069802615,0.13298442359887036,0.1285986356024961,39.38799473236606,39,13,0,False
8.5,4,0.8,0.8558355186363804,0.6850737402316549,179.01576173891684,0.013499999999999998,0.011334930072769756,0.13823912123347679,0.13347055684170184,38.491135748241916,39,13,0,False
8.5,4,0.8,0.8851052236642565,0.6922305191814524,174.6308938740875,0.013499999999999998,0.011351155053537355,0.13570052784147754,0.13480507854756085,38.23256565420995,39,13,0,False
8.5,4,0.8,0.8615081507826537,0.609001251508379,188.7765190880463,0.013499999999999998,0.011258489900537806,0.11326657398181875,0.11467410067958189,42.03030350959891,39,13,0,False
8.5,4,0.8,0.8869216572642594,0.655271626464198,177.9181968513804,0.013499999999999998,0.011313676806750106,0.12373273814812687,0.12606062883669328,39.835023056785985,39,13,0,False
8.5,4,0.8,0.9408712796370055,0.7435210294495426,174.48282711667773,0.013499999999999998,0.011416628761445865,0.1432037229790144,0.1455348097835855,36.30538919932247,39,13,0,True
8.5,4,0.8,0.8787205931548252,0.6971795071900846,176.40913634015558,0.013499999999999998,0.011354475738072526,0.13833570834074524,0.13589697810980023,38.02476623361641,39,13,0,False
8.5,4,0.8,0.8769178011661991,0.6152314565433864,187.82988353540586,0.013499999999999998,0.01127055729461314,0.11290073841340613,0.11600754733482031,41.755718801545086,39,13,0,False
8.5,4,0.8,0.887341251358278,0.6593985067399717,176.98497675127402,0.013499999999999998,0.011318022883501597,0.12495584252754248,0.1271111853440095,39.6482109871515,39,13,0,False
8.5,4,0.8,0.8812065681199721,0.6943602853030272,175.59691808046264,0.013499999999999998,0.011352246376634201,0.137018252441403,0.1352824827688897,38.141300545505096,39,13,0,False
8.5,4,0.8,0.8810762463305102,0.6971895269312606,175.9851975439747,0.013499999999999998,0.011355138481115239,0.13795193492166055,0.13588641346311395,38.02676089256924,39,13,0,False
8.5,4,0.8,0.8851046519159237,0.6829634472249293,173.5830383017328,0.013499999999999998,0.011341603804222743,0.1327377539417837,0.13282921165367959,38.61724487050519,39,13,0,True
8.5,4,0.8,0.8788198979529486,0.6716814655020238,173.98346128645022,0.013499999999999998,0.011327895652962902,0.13015276674060205,0.13033630286107875,39.08914385120114,39,13,0,False
8.5,4,0.8,0.8896050512165041,0.8333424307385773,195.92041386473505,0.013499999999999998,0.011482419741032193,0.18219836125174885,0.1631544607678976,33.44069998167581,39,13,0,False
8.5,4,0.8,0.8924053831446326,0.6578010559192758,177.55165512953494,0.013499999999999998,0.011318106455701015,0.12368752349599486,0.12664440821750916,39.730894829414055,39,13,0,False
8.5,4,0.8,0.8970605608483652,0.6513655106171116,179.2680008620449,0.013499999999999998,0.01131326317158401,0.12099846324018426,0.12493873891045314,40.037412886443136,39,13,0,False
8.5,4,0.8,0.8954123068187105,0.5,241.14146561789644,0.013499999999999998,0.011225657006579536,0.07757386793467592,0.08376321299673721,49.23782954330717,39,13,0,False
8.5,4,0.8,0.8796545826171634,0.6866109236199743,174.87818196739804,0.013499999999999998,0.011343706305820288,0.13478169656420835,0.1336438244999174,38.45727327648539,39,13,0,False
8.5,4,0.8,0.8793432391323078,0.6346143056638242,182.65196047176528,0.013499999999999998,0.011290200626557917,0.11847617476350249,0.12089635057154109,40.79144061879562,39,13,0,False
8.5,4,0.8,0.9138037395066722,0.5961102055808597,196.17158557057178,0.013499999999999998,0.01126975874668982,0.10213445293605895,0.11051783551712996,42.918521168292564,39,13,0,False
8.5,4,0.8,0.8679397310155796,0.73738989576699,183.9706730056706,0.013499999999999998,0.01139260672081014,0.153434970447221,0.1444340573920218,36.49231223262726,39,13,0,False
8.5,4,0.8,0.8833407991659792,0.6387407795679049,181.78448398482294,0.013499999999999998,0.011295786977001362,0.11914995346168057,0.12189259835961672,40.60226132539058,39,13,0,False
8.5,4,0.8,0.8823937603433604,0.6895128332508141,174.76451026225806,0.013499999999999998,0.01134755643481442,0.13526751019727706,0.13424272003536786,38.34090042428817,39,13,0,False
8.5,4,0.8,0.8642480679897725,0.6260311952247257,184.16809924235656,0.013499999999999998,0.011276039468652188,0.11810014546655512,0.11892774252677135,41.17242905092446,39,13,0,False
8.5,4,0.8,0.8683155553303117,0.5860675598399074,196.45343858908683,0.013499999999999998,0.011240995551894955,0.10535494412891235,0.10873052878260976,43.30100854789927,39,14,0,False
8.5,4,0.8,0.9059805888806348,0.6159496306678479,189.26579222350085,0.013499999999999998,0.011282941096931032,0.10900923514210377,0.11573342660992061,41.81173345055401,39,14,0,False
8.5,4,0.8,0.8877171320560467,0.664683688971871,175.81776328754682,0.013499999999999998,0.011323595020356814,0.12655047087004662,0.12845936909117034,39.41221503676866,39,14,0,False
8.5,4,0.8,0.9192023845551236,0.6609219098889532,177.90276625907725,0.013499999999999998,0.011330265292041666,0.12069227630716892,0.1271316039563867,39.6446056493636,39,14,0,False
8.5,4,0.8,0.8873937664139067,0.7392537311398956,180.53712989674008,0.013499999999999998,0.011399462838290547,0.15062747472076662,0.14478384723960502,36.43260691239311,39,14,0,False
8.5,4,0.8,0.8872034137362325,0.6590449500090072,177.06571233409218,0.013499999999999998,0.011317663375497649,0.12486475843044777,0.1270206554767897,39.66420759827278,39,14,0,False
8.5,4,0.8,0.8708674601921907,0.6171443507088371,186.94672210482545,0.013499999999999998,0.011269927591913746,0.11437230224912469,0.11658449051262754,41.6385447700364,39,14,0,False
8.5,4,0.8,0.8720075874808721,0.54177195453514,214.48187756970506,0.013499999999999998,0.011213902502397528,0.09194479182027322,0.0971166089875144,46.03290680974926,39,14,0,False
8.5,4,0.8,0.9008962700868497,0.5149833514938968,232.2649611538496,0.013499999999999998,0.011227157672776178,0.08096968667472985,0.08825914960317649,48.12448903071992,39,14,0,False
8.5,4,0.8,0.8756949576102689,0.6870021351330977,175.63342843856498,0.013499999999999998,0.011342931330420825,0.13555230192098566,0.13375290500584844,38.436000122149856,39,14,0,False
8.5,4,0.8,0.8831560447486068,0.6330589069219117,183.2392677622367,0.013499999999999998,0.011290073716064098,0.11743091066799313,0.12044914984151228,40.87721010854802,39,14,0,False
8.5,4,0.8,0.9866918906219442,0.6831724730456982,176.32676526552763,0.013499999999999998,0.011373057321738222,0.11806933658163836,0.13198468251627607,38.78410097832718,39,14,0,True
8.5,4,0.8,0.892080729171496,0.6229151259926315,186.455296995349,0.013499999999999998,0.011283725687800757,0.11304441749981288,0.11773258994645168,41.40823119100507,39,14,0,False
8.5,4,0.8,0.9201080614576703,0.6167580139472654,189.85415358903697,0.013499999999999998,0.011289491578366086,0.1073314026257216,0.11570883314500369,41.81676980512826,39,14,0,False
8.5,4,0.8,0.8828269466156298,0.6531609967297137,178.24349971758997,0.013499999999999998,0.011310119529862744,0.12370013520199807,0.12556986429156863,39.92318549938422,39,14,0,False
8.5,4,0.8,0.9200901274079513,0.6315618615277596,185.5159615472127,0.013499999999999998,0.011302708464890086,0.11171367324207326,0.11953084805753872,41.054931829431034,39,14,0,False
8.5,4,0.8,0.8930362719635352,0.6324478138711608,183.88816591261255,0.013499999999999998,0.01129320045351121,0.11579653457011096,0.12015497935822976,40.93392060905542,39,14,0,False
8.5,4,0.8,0.8794370157580591,0.5890282823385051,196.21926306584604,0.013499999999999998,0.011248507336810286,0.1046808879688801,0.10929803407410482,43.178992922492164,39,14,0,False
8.5,4,0.8,0.8549284532993231,0.686529545506864,179.37765890914008,0.013499999999999998,0.011336182409234738,0.13887034048086971,0.13378312352159014,38.43011295690431,39,14,0,False
8.5,4,0.8,0.8889508949304076,0.6631224077026804,176.20815138491193,0.013499999999999998,0.011322375360795969,0.1258726441735815,0.12804678525411528,39.48399666287566,39,14,0,False
8.5,4,0.8,0.9318791398396259,0.5693810802523176,207.93251396558392,0.013499999999999998,0.01126130624279626,0.09224951962030768,0.10299328438605862,44.591446628448566,39,14,0,False
8.5,4,0.8,0.902042381568827,0.6566588691476277,178.20522622647871,0.013499999999999998,0.011320202160398233,0.1218932504170395,0.12623885116722644,39.80314842552976,39,14,0,False
8.5,4,0.8,0.881699289738657,0.6511106530651933,178.68118845402267,0.013499999999999998,0.011307658457867083,0.12323262294648073,0.12506011946781131,40.01536937940929,39,14,0,False
8.5,4,0.8,0.8999438129237117,0.6427825477011347,181.5182856515551,0.013499999999999998,0.011305761251258588,0.11794483041568585,0.12270602214940622,40.44938464634378,39,14,0,False
8.5,4,0.8,0.8841565311310423,0.6586052965016609,177.04192292086753,0.013499999999999998,0.011316148784891128,0.12519658008881146,0.1269438063240702,39.67780176796017,39,14,0,False
8.5,4,0.8,0.9734587250899603,0.6483020313026112,183.6005791521908,0.013499999999999998,0.011337771251842786,0.1095700795564261,0.12308890077116094,40.37784905973623,39,14,0,False
8.5,4,0.8,0.886934370518677,0.5865531059314635,197.59491243774502,0.013499999999999998,0.011249882814177884,0.10292593498716691,0.10850477840986993,43.349829781712565,39,14,0,False
8.5,4,0.8,0.8794417094582448,0.6413096626954881,180.95873440947017,0.013499999999999998,0.011296927551277454,0.12053026059497861,0.12259732461798317,40.46976149712136,39,14,0,False
8.5,4,0.8,0.880128907066669,0.5982476142079152,193.19773330888944,0.013499999999999998,0.011256494527395473,0.10732820665321997,0.11166100919147681,42.66904218144783,39,14,0,False
8.5,4,0.8,0.9252844827388221,0.7629484705281204,176.98263429074092,0.013499999999999998,0.01143087371839618,0.15198535632146176,0.1497297078282515,35.614080127856596,39,14,0,False
8.5,4,0.8,1.0434014524493236,0.7839470668119005,176.06664303692313,0.013499999999999998,0.011470717829476363,0.1406767444535056,0.15374859892874182,34.942986451156195,39,14,0,True
8.5,4,0.8,0.8890311249595115,0.6554268569927976,177.96654763413673,0.013499999999999998,0.011314546752305034,0.12346075908194458,0.12607598967519365,39.832272844501546,39,14,0,False
8.5,4,0.8,0.8813448814874373,0.6502428070699902,178.87601083052942,0.013499999999999998,0.011306686593975764,0.12301505339912173,0.12484221897934103,40.05496711765232,39,14,0,False
8.5,4,0.8,0.8993015269632776,0.6511054387151977,179.42633237850688,0.013499999999999998,0.011313782486603573,0.12058707110261652,0.12484439484337911,40.05457113979914,39,14,0,False
8.5,4,0.8,0.9189881027428151,0.6653625129819085,176.86124868433618,0.013499999999999998,0.011334595290545492,0.12207913641188148,0.12828436028114637,39.44261619563977,39,14,0,False
8.5,4,0.8,0.8837003829682012,0.648041664962268,179.49995308860775,0.013499999999999998,0.01130525744901066,0.12197279149180791,0.12425393530665736,40.16245208302703,39,14,0,False
8.5,4,0.8,0.8990053624381666,0.6751158832559476,174.07459497077278,0.013499999999999998,0.011337873147968783,0.12808388784129385,0.13101676214498945,38.973922839858275,39,14,0,True
8.5,4,0.8,0.8728151429480187,0.6569604834460809,176.97178852443673,0.013499999999999998,0.011310625648661364,0.12644408629610507,0.12665065259981115,39.72978535750473,39,14,0,False
8.5,4,0.8,0.8869666499214316,0.6582584448012876,177.23156905836927,0.013499999999999998,0.011316742299356539,0.12465686668465399,0.12682343610436683,39.699122189964214,39,14,0,False
8.5,4,0.8,0.8860151171539145,0.697338343056312,175.12465760814604,0.013499999999999998,0.011356716169588376,0.13719200680382962,0.13588931601767967,38.026212844846874,39,14,0,False
8.5,4,0.8,0.8817804627295647,0.6321640148399724,183.4140057606334,0.013499999999999998,0.011288733817884066,0.1173581064240556,0.12023887399789276,40.91772365390083,39,14,0,False
8.5,4,0.8,0.8783198250663911,0.662108467193335,176.03636133527164,0.013499999999999998,0.01131784288534845,0.12720189542932417,0.12790092511489937,39.50946584051628,39,14,0,False
8.5,4,0.8,0.8749194740349115,0.6653854525216696,175.19685413840898,0.013499999999999998,0.01132012650531689,0.128773454442401,0.12877129883711486,39.357997844305494,39,14,0,False
8.5,4,0.8,0.8826804842900492,0.6499144949987541,179.00257245186864,0.013499999999999998,0.011306754026686957,0.122711437801618,0.12474471132046039,40.07272405085076,39,14,0,False
8.5,4,0.8,0.8885968555490353,0.6679054510591941,175.14409355658154,0.013499999999999998,0.011327197845011893,0.12742507057437544,0.12927286531172122,39.2712407150093,39,14,0,False
8.5,4,0.8,0.8826658593795732,0.6700807360150586,174.46577562718446,0.013499999999999998,0.011327546875785542,0.1290348988884523,0.129887726182444,39.165651640177515,39,14,0,False
8.5,4,0.8,0.8843068837374334,0.6341488032441911,183.01556029883153,0.013499999999999998,0.011291622611935608,0.11759334715390347,0.12070911413374934,40.8272863916957,39,14,0,False
8.5,4,0.8,0.8897332097106527,0.5,240.2375381716902,0.013499999999999998,0.011221052900042959,0.07822715261668682,0.08395890461376189,49.187606632717014,39,14,0,False
8.5,4,0.8,0.9006298771017226,0.6545114473454913,178.65644186137257,0.013499999999999998,0.011317576233128757,0.12144083971312554,0.12570402604079073,39.89902715855022,39,14,0,False
8.5,4,0.8,0.8762944602010555,0.6441849973922359,180.11781663368572,0.013499999999999998,0.011298762360013667,0.12189972212411851,0.1233643476442552,40.326615773336734,39,14,0,False
8.5,4,0.8,0.9117728485341378,0.5837619502335859,200.4705506631455,0.013499999999999998,0.011259712130465192,0.09883082387445837,0.10726610691501753,43.620116962348355,39,14,0,False
8.5,4,0.8,0.8786948270432365,0.6871358247240567,175.11585565943682,0.013499999999999998,0.011343971244340743,0.13510578536747142,0.13376157728344965,38.43431031909833,39,14,0,False
8.5,4,0.8,0.8895362004684236,0.6843486985473182,173.67348839499795,0.013499999999999998,0.011344346966627917,0.13247502972104577,0.13309362397055732,38.56510567541875,39,14,0,True
8.5,4,0.8,0.8875262067586224,0.7380600174877293,180.34403224550383,0.013499999999999998,0.011398331684176337,0.15020985608576448,0.14453174091674129,36.47560979501208,39,14,0,False
8.5,4,0.8,0.8690779717286418,0.6172387456236575,186.8241402912698,0.013499999999999998,0.01126931748503397,0.11466598308007496,0.11663494345890567,41.62834414831574,39,14,0,False
8.5,4,0.8,0.883824509956369,0.6382188046003118,181.93308346144667,0.013499999999999998,0.011295389373141323,0.11891892207452749,0.12175493624226426,40.62824830795746,39,14,0,False
8.5,4,0.8,0.9048791963534031,0.737224553674376,177.0618459641153,0.013499999999999998,0.011401891708709538,0.14699383427504362,0.14430795607321817,36.51390695673604,39,14,0,False
8.5,4,0.8,0.8738034254980874,0.6494193128252811,178.75466709763737,0.013499999999999998,0.011303210156784678,0.12391853188249739,0.12472292987828149,40.07669380002389,39,14,0,False
8.5,4,0.8,0.9138832180318024,0.6857518253236434,174.2739548306042,0.013499999999999998,0.011353170743049612,0.12914437257578149,0.13321156834216782,38.541915102185804,39,15,0,True
8.5,4,0.8,0.8981798651797175,0.7010442829593753,173.7204635789274,0.013499999999999998,0.011364080741760811,0.136414102971439,0.13660838923283503,37.89115258095205,39,15,0,True
8.5,4,0.8,0.8948984925838617,0.684991460335054,173.79986093884636,0.013499999999999998,0.011346631857654057,0.13183309989520092,0.1331921337726268,38.54573355963852,39,15,0,True
8.5,4,0.8,0.8859345582847603,0.6289261471760959,184.47651355521023,0.013499999999999998,0.011287090052414043,0.1157576681111085,0.11935802673414439,41.08849974601694,39,15,0,False
8.5,4,0.8,0.8895032294189987,0.6046695861267383,191.74358886571756,0.013499999999999998,0.011266089218018171,0.10793317765491185,0.11313122955576155,42.354401638922255,39,15,0,False
8.5,4,0.8,0.8962632229560142,0.6783920689444255,173.9400367582552,0.013499999999999998,0.011340336367355732,0.1295359033174948,0.13176308742861315,38.828091835214714,39,15,0,True
8.5,4,0.8,0.9087738390678662,0.6475834760000644,180.70874828035275,0.013499999999999998,0.011313635099613941,0.11812973681274112,0.12381984067606985,40.24231282724684,39,15,0,False
8.5,4,0.8,0.8756624099112189,0.7471425814407623,183.90099168736404,0.013499999999999998,0.011404238591181306,0.15531814461585744,0.14646258379179425,36.149768472673784,39,15,0,False
8.5,4,0.8,0.9523107556314314,0.532282783980254,228.90133399478913,0.013499999999999998,0.011263970582358208,0.0798135593661435,0.09209497537145592,47.23582091331954,39,15,0,False
8.5,4,0.8,0.9218918426476591,0.6578658481500432,178.74279367166534,0.013499999999999998,0.011328180756587806,0.1193767181107629,0.1263069780067927,39.790983953560925,39,15,0,False
8.5,4,0.8,0.8992043238267782,0.7040092500471045,173.72020019630037,0.013499999999999998,0.01136733817869913,0.13719948609474703,0.13724110999097106,37.773471751504026,39,15,0,True
8.5,4,0.8,0.9635354926415952,0.6491491241562688,182.8816343547089,0.013499999999999998,0.011334915164458823,0.11109572625799362,0.12345938172785949,40.30898380979543,39,15,0,False
8.5,4,0.8,0.8996307318320065,0.7126406895720647,174.70437154176824,0.013499999999999998,0.011376167628835431,0.1398994582023867,0.13908785394640222,37.43427048702181,39,15,0,False
8.5,4,0.8,0.8671896994643253,0.7177488929534317,181.31732648136995,0.013499999999999998,0.011372513292195777,0.14702394465167734,0.14030787217435114,37.21359584523612,39,15,0,False
8.5,4,0.8,0.8912839259930477,0.668381176532936,175.1389354580394,0.013499999999999998,0.01132856536661406,0.12715898223799157,0.12936638429820052,39.25512675780997,39,15,0,False
8.5,4,0.8,0.8614144245974166,0.6315480604026571,182.59641234770893,0.013499999999999998,0.011280543977505626,0.12024810375375386,0.12035839563958202,40.8946810674146,39,15,0,False
8.5,4,0.8,0.8953386450099724,0.7010533550670539,173.96707183976145,0.013499999999999998,0.011363273365703138,0.13687267997763158,0.1366274644941691,37.887588956216746,39,15,0,False
8.5,4,0.8,0.89386128016186,0.6455289570917417,180.55381797164097,0.013499999999999998,0.011306295495878903,0.11967736570417972,0.12348700628459233,40.30386280486305,39,15,0,False
8.5,4,0.8,0.9172570239602746,0.7267045745505877,174.02805316985982,0.013499999999999998,0.011394787562494785,0.1415740956563764,0.14201570281211162,36.91101481905595,39,15,0,True
8.5,4,0.8,0.9001270262089047,0.6521319161380166,179.20115694954157,0.013499999999999998,0.011314989424059048,0.12078448945263479,0.12510079567274185,40.007990314330634,39,15,0,False
8.5,4,0.8,0.9367576172689128,0.7978369794109114,180.4821810676015,0.013499999999999998,0.011463396742331204,0.16150697905309638,0.15659954805901363,34.47200709533494,39,15,0,False
8.5,4,0.8,0.9179820437351248,0.6646144155123724,176.98221958409462,0.013499999999999998,0.011333419056681341,0.12200006246911026,0.1281056740881262,39.47372756810391,39,15,0,False
8.5,4,0.8,0.8901925044946966,0.668344983206817,175.09346615465827,0.013499999999999998,0.011328055336177796,0.12732049892725783,0.12937252567253807,39.2540692388113,39,15,0,False
8.5,4,0.8,0.9043375097534515,0.666806197052898,175.95965290802204,0.013499999999999998,0.01133112794827527,0.12468806333355709,0.1288259557294538,39.348516287687694,39,15,0,False
8.5,4,0.8,0.9019968993828743,0.6840856658123581,173.99625326167464,0.013499999999999998,0.011347893857141947,0.13044032031586586,0.1329445622319693,38.59447349767735,39,15,0,True
8.5,4,0.8,0.918890876518203,0.6792119394967849,174.52816753799652,0.013499999999999998,0.011348181736263806,0.12636055687834472,0.1317540359808724,38.82989184567832,39,15,0,True
8.5,4,0.8,0.8862600154909492,0.7727094618312254,185.71375174610264,0.013499999999999998,0.011430983752855813,0.1620097767845793,0.1517456431061405,35.284792921668306,39,15,0,False
8.5,4,0.8,0.891338852471486,0.6855184972714239,173.71086467757925,0.013499999999999998,0.011346180256971405,0.13255786932364713,0.13332792205537877,38.51907747594081,39,15,0,True
8.5,4,0.8,0.9080583770373379,0.6451997216327029,181.2791396472142,0.013499999999999998,0.011311067904105934,0.11750747092383351,0.12321669672305322,40.35405507744577,39,15,0,False
8.5,4,0.8,0.9012975005067776,0.7293345637097224,176.62613547497142,0.013499999999999998,0.011393256418722218,0.14502251483501732,0.14264315235677855,36.80165117033323,39,15,0,False
8.5,4,0.8,1.05,0.5700030155272622,219.8871244204094,0.013499999999999998,0.011332315280755718,0.07952654383460753,0.10022307714834967,45.254480585448356,39,15,0,False
8.5,4,0.8,0.8866854609929897,0.6651094067314535,175.6791582551181,0.013499999999999998,0.011323639409998991,0.12684545435869418,0.12858093427033684,39.39107380419071,39,15,0,False
8.5,4,0.8,0.8875545325648325,0.6839706033385407,173.62852701095898,0.013499999999999998,0.011343354841778557,0.13266946723251513,0.13302722551170076,38.57817922692185,39,15,0,True
8.5,4,0.8,0.9082021805693382,0.6759470924644576,174.30785925823375,0.013499999999999998,0.011341606262540719,0.12694517373902076,0.13113592216832368,38.953397144706095,39,15,0,True
8.5,4,0.8,0.9209621911866503,0.6726058572528262,175.28983717140844,0.013499999999999998,0.01134234283260817,0.12401532377854493,0.13013882016118827,39.12277156949995,39,15,0,False
8.5,4,0.8,0.9037031715773595,0.6552867219178363,178.602085745495,0.013499999999999998,0.011319425448015202,0.12122495122315319,0.12586520839947452,39.87006016193612,39,15,0,False
8.5,4,0.8,0.9025650027953537,0.6319585325024253,184.4986945879455,0.013499999999999998,0.011296341680090076,0.1142806738096899,0.1198933183304801,40.9845594616953,39,15,0,False
8.5,4,0.8,0.8900269375057283,0.6793716004325285,173.7572298464713,0.013499999999999998,0.011339370077181063,0.13081952733817043,0.13202397920649514,38.776315147393575,39,15,0,True
8.5,4,0.8,0.8844476263990273,0.6689639754445801,174.7641882261625,0.013499999999999998,0.011326931505906928,0.12840429955120383,0.1295860938230177,39.21734582934622,39,15,0,False
8.5,4,0.8,0.879501147162256,0.6768722986477503,173.6930343010416,0.013499999999999998,0.011333586550520754,0.13169159087071233,0.13156600885920222,38.86733940895642,39,15,0,False
8.5,4,0.8,0.8886107229591076,0.6537793147520812,178.33595036151485,0.013499999999999998,0.011312738816963132,0.12301216870900032,0.12565951477083442,39.90703747010881,39,15,0,False
8.5,4,0.8,0.9086287050749832,0.6917016939877896,174.05799834765423,0.013499999999999998,0.01135762279781577,0.13181135196351798,0.13453099606434404,38.28525317657781,39,15,0,True
8.5,4,0.8,0.8882301546864106,0.6681245454759975,175.07938240418318,0.013499999999999998,0.011327271309062852,0.12755192964964077,0.12933376325417356,39.260745372723825,39,15,0,False
8.5,4,0.8,0.8960583364446127,0.6400569097436856,182.03725603512635,0.013499999999999998,0.011301701409394684,0.11767770976512723,0.12205985709019783,40.5707389078492,39,15,0,False
8.5,4,0.8,0.8903119331787879,0.641741187188121,181.33897664156268,0.013499999999999998,0.011301242070853828,0.11903904465310985,0.12256760464538304,40.475338188544704,39,15,0,False
8.5,4,0.8,0.8860645639998025,0.6563211975324788,177.64477038539187,0.013499999999999998,0.011314491172320541,0.12418920673658156,0.12633746972918541,39.785543015362286,39,15,0,False
8.5,4,0.8,0.8888188683311361,0.6403026282748507,181.64205303069994,0.013499999999999998,0.01129933918067384,0.11881576014071608,0.1222183467403533,40.54093567016391,39,15,0,False
8.5,4,0.8,0.9070048215562467,0.5,243.0008640173897,0.013499999999999998,0.011235076510552855,0.07626598222515472,0.08336406418610877,49.34074158277715,39,15,0,False
8.5,4,0.8,0.8809692010952899,0.6609674442678187,176.3865963883444,0.013499999999999998,0.011317512515476753,0.12643042326867546,0.12758223779355127,39.56528189087795,39,15,0,False
8.5,4,0.8,0.8814575414844271,0.6589202204602881,176.86607966346338,0.013499999999999998,0.011315571076307075,0.12571174721059622,0.12705408594638276,39.658298225298985,39,15,0,False
8.5,4,0.8,0.8959948975974029,0.8654825122409116,200.624269836335,0.013499999999999998,0.011505873010062805,0.19221228559182005,0.16910744937412323,32.56240847528622,39,15,0,False
8.5,4,0.8,0.8965369043108606,0.6606188419407183,177.06210282010855,0.013499999999999998,0.011322310266269092,0.12394042660109263,0.12732128780763702,39.611159072434006,39,15,0,False
8.5,4,0.8,0.8907453267032462,0.6906640986698046,173.63145183170732,0.013499999999999998,0.011351238521087475,0.13429172504372258,0.13443288839055006,38.30416465482128,39,15,0,True
8.5,4,0.8,0.8790869411335438,0.7321169628802954,181.08202788464527,0.013499999999999998,0.011390255138968986,0.14970776375591488,0.14330138117115396,36.68716445233783,39,15,0,False
8.5,4,0.8,0.8640397768143327,0.6103710917849511,188.51950553680018,0.013499999999999998,0.011260805035247208,0.1133099777851797,0.11497923186687639,41.96700030836967,39,15,0,False
8.5,4,0.8,0.8893559556969863,0.6851815380713223,173.65754183396632,0.013499999999999998,0.011345142832342368,0.13276862583308088,0.13327279523926383,38.5298926663702,39,15,0,True
8.5,4,0.8,0.902241263948358,0.5977605845869999,194.82057758064283,0.013499999999999998,0.011265879775037723,0.10414699585262804,0.11114820695727463,42.78042166095459,39,15,0,False
8.5,4,0.8,0.9021884523595152,0.6826046504175599,174.023714135193,0.013499999999999998,0.011346439584510157,0.12994539723600462,0.13262594358735147,38.65746851120901,39,15,0,True
8.5,4,0.8,0.8949835766202098,0.7141105173915377,175.71875698274758,0.013499999999999998,0.011376395798533256,0.14113081023175272,0.13942278075758316,37.37330663218202,39,16,0,False
8.5,4,0.8,0.8725542188437978,0.6804013438920854,175.35278903296197,0.013499999999999998,0.011335074253419902,0.1339434732876774,0.13237300745733102,38.70730661793494,39,16,0,False
8.5,4,0.8,0.8988787367296213,0.6869256018656305,173.87961108115118,0.013499999999999998,0.01134987800121312,0.13181893165341174,0.13357515463687147,38.47068323906883,39,16,0,True
8.5,4,0.8,0.8682646147207703,0.6520102359907106,178.14330170448454,0.013499999999999998,0.01130402719370433,0.12559560610939047,0.1254421752491389,39.94621840639705,39,16,0,False
8.5,4,0.8,0.8869691594721546,0.5908241651939214,196.12520049029007,0.013499999999999998,0.011253366289056595,0.10417628138066504,0.10963046444031152,43.10798951292937,39,16,0,False
8.5,4,0.8,0.8837136210478023,0.6984466059131964,175.67765357773956,0.013499999999999998,0.011357216096200952,0.1379239138256925,0.13613888565067195,37.97917693910147,39,16,0,False
8.5,4,0.8,0.8840737186829546,0.6792750617656532,173.604432271326,0.013499999999999998,0.011337431039788255,0.13172979800391973,0.13204850636155635,38.77145792857327,39,16,0,True
8.5,4,0.8,0.9038767304539712,0.8185624903393045,190.3102716627312,0.013499999999999998,0.01147380174731924,0.17435587031398012,0.1604594241302803,33.855827468930364,39,16,0,False
8.5,4,0.8,0.9690184739890414,0.9325545319669812,199.4778202959984,0.013499999999999998,0.011548716835875612,0.20133752175948205,0.18063312216003907,30.833317440003878,39,16,0,False
8.5,4,0.8,0.9114981594759872,0.6388487958968914,183.08321515747724,0.013499999999999998,0.011306166707971582,0.11509677639865869,0.12153802934652018,40.66929414316061,39,16,0,False
8.5,4,0.8,0.8998318548928087,0.7109704343145519,174.45325088356424,0.013499999999999998,0.011374583147948186,0.13932827511645024,0.1387298394252513,37.49976130151364,39,16,0,False
8.5,4,0.8,0.8697275417573344,0.6563216986636146,177.29021811569396,0.013499999999999998,0.011309015233255912,0.1267253419377782,0.1265190457286905,39.75318797416557,39,16,0,False
8.5,4,0.8,0.9052727792960146,0.6706707844833868,175.13496442594848,0.013499999999999998,0.011335307764618082,0.12574756360382322,0.12981060310042752,39.178849999964335,39,16,0,False
8.5,4,0.8,0.9007165555283466,0.6690669733422709,175.33623852614497,0.013499999999999998,0.011332347710038975,0.12593142753322872,0.12944209578709712,39.242095414030835,39,16,0,False
8.5,4,0.8,0.8887839260955477,0.6717683123463134,174.31093835807243,0.013499999999999998,0.01133116437422418,0.12861330293673423,0.13026104032450656,39.10194964997861,39,16,0,False
8.5,4,0.8,0.9084796462388041,0.6640520578918174,176.75450606683359,0.013499999999999998,0.011329839207749107,0.12321603366984052,0.12806586881473478,39.48066798996014,39,16,0,False
8.5,4,0.8,0.8829218054923108,0.645957977129197,179.96811892562508,0.013499999999999998,0.01130285116352595,0.12144505840662759,0.12373415078383297,40.258132679349565,39,16,0,False
8.5,4,0.8,0.8745770194105943,0.6984255682992668,177.32280118230156,0.013499999999999998,0.011354581457837411,0.139427166096321,0.13618526567846054,37.97045463619717,39,16,0,False
8.5,4,0.8,0.900783728746665,0.6302730095120918,184.86469240593348,0.013499999999999998,0.011294037390534318,0.11402595119908376,0.11948805494383818,41.06323620279245,39,16,0,False
8.5,4,0.8,0.894214675352555,0.6970006955483765,173.65711860458381,0.013499999999999998,0.011358781800769758,0.1357582898375137,0.13576594851817628,38.0495270815816,39,16,0,True
8.5,4,0.8,0.9124553650408178,0.6497868885083753,180.31652132239265,0.013499999999999998,0.011317039072013731,0.11827235184702017,0.12434024194665974,40.14662980327417,39,16,0,False
8.5,4,0.8,0.8993066177943886,0.6900422786441852,173.84635894006644,0.013499999999999998,0.011353137550584154,0.1327396281505375,0.13424145582082692,38.34114498605307,39,16,0,True
8.5,4,0.8,0.8906019890600457,0.6630669274957879,176.28007173206444,0.013499999999999998,0.011322837924821616,0.12560321485585285,0.12801544802257425,39.48946449160552,39,16,0,False
8.5,4,0.8,0.8945631517914108,0.6975820529751137,173.65608944903406,0.013499999999999998,0.01135942178730873,0.13589042117834016,0.1358900673969862,38.02607097646334,39,16,0,False
8.5,4,0.8,0.9046551555081179,0.6472639660056353,180.6061135952501,0.013499999999999998,0.011311873646878943,0.11862713791913154,0.12379101381991887,40.247632722408625,39,16,0,False
8.5,4,0.8,0.8575209713711169,0.6714737510984414,177.38093666100636,0.013499999999999998,0.011321004147324992,0.13353985791208578,0.13047721683304414,39.06520075095674,39,16,0,False
8.5,4,0.8,0.9040509189688496,0.5894517884149217,197.8069691293872,0.013499999999999998,0.011260102423318635,0.10148305140309079,0.108939226011716,43.256019532476905,39,16,0,False
8.5,4,0.8,0.8964482297787009,0.704333073077025,174.18854265208822,0.013499999999999998,0.011366901347049853,0.137745657785121,0.13732616118371813,37.757734787797084,39,16,0,False
8.5,4,0.8,0.904562394304922,0.7017812162280688,173.85685144164106,0.013499999999999998,0.011366605814566775,0.13563608369342295,0.13672934652095659,37.86857212502668,39,16,0,True
8.5,4,0.8,0.927634753225308,0.6160080368575848,190.5397435392794,0.013499999999999998,0.011291998204959137,0.10611135914168028,0.1153891149981795,41.88240648061705,39,16,0,False
8.5,4,0.8,0.7320550365388157,0.7995328322779521,227.80153676839092,0.013499999999999998,0.011415710801332343,0.20569659295644768,0.15604671230018485,34.56252627488953,39,16,0,False
8.5,4,0.8,0.8855834428566056,0.6538254469646937,178.19569636175515,0.013499999999999998,0.011311700511521429,0.1234879221764491,0.12570848702951848,39.89822461397248,39,16,0,False
8.5,4,0.8,0.8911083718906485,0.660323785116468,176.92738664848352,0.013499999999999998,0.01132028093285749,0.12466742925046662,0.12730407867475957,39.614190094771025,39,16,0,False
8.5,4,0.8,0.8782529773883873,0.7019505245166464,177.11568427218864,0.013499999999999998,0.01135928001122664,0.1399592168454236,0.13691658499888731,37.83369616626002,39,16,0,False
8.5,4,0.8,0.8851991810348736,0.668358057473331,174.91400310332315,0.013499999999999998,0.011326482053840879,0.1280984991393006,0.12942610490701087,39.24484667772994,39,16,0,False
8.5,4,0.8,0.8915235931017169,0.6790423523238054,173.802718533264,0.013499999999999998,0.011339509062787393,0.1304801069359012,0.1319411365793095,38.79273409011805,39,16,0,True
8.5,4,0.8,0.8752408814995813,0.6581059958884832,176.81375889376233,0.013499999999999998,0.01131268256917969,0.1264225592480145,0.12691366623377695,39.68313712561668,39,16,0,False
8.5,4,0.8,0.8957019991335844,0.6720339032854344,174.49801599268753,0.013499999999999998,0.011333649672437655,0.12762668322639104,0.1302594363236552,39.10222270264631,39,16,0,False
8.5,4,0.8,0.8832644663339659,0.6606272086743074,176.55369542976987,0.013499999999999998,0.011317954325700964,0.12596655509080876,0.12746936906930365,39.585105925687465,39,16,0,False
8.5,4,0.8,0.8833402172837787,0.6509186193872857,178.80075882473852,0.013499999999999998,0.011308080857877777,0.12292062346316324,0.12499002278937257,40.02809502999319,39,16,0,False
8.5,4,0.8,0.8893336762788328,0.6915431605196963,173.80765403548688,0.013499999999999998,0.011351757009760663,0.13479686621304282,0.1346291330425231,38.26636352016185,39,16,0,False
8.5,4,0.8,0.8914796087033876,0.702026453312327,174.7615889943755,0.013499999999999998,0.011363105395422351,0.13781040597439667,0.13686051882748074,37.84412941251465,39,16,0,False
8.5,4,0.8,0.8924854438910764,0.649562934292487,179.5074808521449,0.013499999999999998,0.011309856861138638,0.12112336185647088,0.12453423118149021,40.11113344733073,39,16,0,False
8.5,4,0.8,0.8921368357753904,0.682812721993848,173.7641496235067,0.013499999999999998,0.011343600911834378,0.13157549679075717,0.1327457017931431,38.63375527335668,39,16,0,True
8.5,4,0.8,0.8865623465306011,0.6528157328873722,178.48402361822255,0.013499999999999998,0.011311104332938703,0.1230214812649245,0.12543608012401117,39.947318842011505,39,16,0,False
8.5,4,0.8,0.8872286820356633,0.6623669529850861,176.31773521076454,0.013499999999999998,0.011321082790060846,0.12589906446877386,0.12787026171481886,39.514826251695844,39,16,0,False
8.5,4,0.8,0.8848485774392981,0.6895982994752494,174.3438512157058,0.013499999999999998,0.01134838706856746,0.1348975361673485,0.13424450210606262,38.340555691269714,39,16,0,False
8.5,4,0.8,0.909999196906243,0.8454426464431959,193.9431753079785,0.013499999999999998,0.01149485683564446,0.18244957356161803,0.16550952445484013,33.086916817853734,39,16,0,False
8.5,4,0.8,0.8955309483337434,0.681947016645151,173.86695255935757,0.013499999999999998,0.011343785620650623,0.1307686924093221,0.1325339043524611,38.675613603472684,39,16,0,True
8.5,4,0.8,0.887110384266951,0.6732889173766259,173.9340227215495,0.013499999999999998,0.011332231697724886,0.1293527978612901,0.1306653984263191,39.03329354104441,39,16,0,False
8.5,4,0.8,0.8840222009512156,0.7754451337659559,186.62646989099832,0.013499999999999998,0.01143293183430543,0.16334598674754647,0.15226317615888973,35.19553671913698,39,16,0,False
8.5,4,0.8,0.8960872604458551,0.6686214173001106,175.25991151663519,0.013499999999999998,0.01133035484355551,0.12649783343761473,0.12937812399732937,39.253105303805704,39,16,0,False
8.5,4,0.8,0.891295651647009,0.6859221829983132,173.70409666870677,0.013499999999999998,0.011346576283469694,0.13269314766212809,0.13341460273258146,38.502089875574775,39,16,0,True
8.5,4,0.8,0.8867125925768232,0.6866587442194534,173.64995383049245,0.013499999999999998,0.011345948462773066,0.1336571902868973,0.13360400687857749,38.46504724959013,39,16,0,False
8.5,4,0.8,0.8932286464029203,0.6535670984808898,178.58085291538123,0.013499999999999998,0.011314147845849542,0.12224935197646017,0.12554904814984333,39.9269377022299,39,16,0,False
8.5,4,0.8,0.8879371783002882,0.7043366658451978,175.68739783628635,0.013499999999999998,0.011364494382925102,0.13913077915997446,0.13737434016736963,37.748828817335344,39,16,0,False
8.5,4,0.8,0.9016388038234968,0.7121919667023093,174.29391327408115,0.013499999999999998,0.01137625490532478,0.13943071266823634,0.1389824470787242,37.45351738383432,39,16,0,False
8.5,4,0.8,0.8853540002795908,0.680387423507445,173.62389268837194,0.013499999999999998,0.0113390064914681,0.131878779245825,0.13227668791266337,38.72631600411946,39,16,0,True
8.5,4,0.8,0.8815429628428897,0.7004332491432564,176.3257364674619,0.013499999999999998,0.01135867603259738,0.13892108662841257,0.1365743082902935,37.89752201078524,39,17,0,False
8.5,4,0.8,0.9080442419485028,0.643400001853169,181.735585316236,0.013499999999999998,0.011309297263856915,0.1169637107456126,0.1227556533616454,40.44009064906259,39,17,0,False
8.5,4,0.8,0.877362405812432,0.6830464777144624,174.83219288154515,0.013499999999999998,0.011339317552737512,0.13400999912274225,0.13290181530923387,38.60290756135449,39,17,0,False
8.5,4,0.8,0.877829769799159,0.6799414998524009,174.36232103668226,0.013499999999999998,0.01133624637029495,0.13293981629476068,0.13223599199070066,38.73435591610563,39,17,0,False
8.5,4,0.8,0.8876326086566857,0.7122059286445235,176.77738911314572,0.013499999999999998,0.011372445786236671,0.14172754207062815,0.13905310419492264,37.44061244605849,39,17,0,False
8.5,4,0.8,0.8863227000248116,0.629830265767127,184.25691257577898,0.013499999999999998,0.011288148596877375,0.11597561855785458,0.11958229883961964,41.0449539188999,39,17,0,False
8.5,4,0.8,0.8758968553236278,0.6528785273624237,178.0302417607729,0.013499999999999998,0.011307475530207143,0.12467861525694776,0.12557756478623702,39.92179771409664,39,17,0,False
8.5,4,0.8,0.9319741732274467,0.641032851299414,183.51666218924322,0.013499999999999998,0.011315920539923257,0.11290703640209974,0.12180605220699854,40.618593285583955,39,17,0,False
8.5,4,0.8,0.9191836467583796,1.0536972948925978,238.84278574846283,0.013499999999999998,0.011562525433742876,0.25603031371169305,0.19807434910253785,28.48898249907234,39,17,0,False
8.5,4,0.8,0.9113743260633218,0.6681937339669084,175.92177143833393,0.013499999999999998,0.01133488683507435,0.12406668480414407,0.12910312978580704,39.30053715473773,39,17,0,False
8.5,4,0.8,0.8793184100880312,0.6849707799559707,174.72802140216635,0.013499999999999998,0.01134188435773989,0.13431096413630808,0.13329791551719047,38.52496327397353,39,17,0,False
8.5,4,0.8,0.9265096582891389,0.6718253536624139,175.6702607252652,0.013499999999999998,0.011343350123136928,0.12296901704636232,0.12987494574112116,39.167837899140146,39,17,0,False
8.5,4,0.8,0.8962135295984018,0.6550438779425256,178.35171735167424,0.013499999999999998,0.011316632023349421,0.12226031718947063,0.1258925496310866,39.86515266158028,39,17,0,False
8.5,4,0.8,0.9113478639851328,0.6678886777333999,175.98519746809777,0.013499999999999998,0.011334537725820928,0.12397778211504124,0.1290259928614769,39.313872326815414,39,17,0,False
8.5,4,0.8,0.8866453139168459,0.6589455260014044,177.06523396828584,0.013499999999999998,0.011317363153571569,0.12491960196111088,0.12700187169854865,39.66752907208903,39,17,0,False
8.5,4,0.8,0.9218951264771282,0.6645329039696793,177.16196232316872,0.013499999999999998,0.011334689697689597,0.12140662110184489,0.12803660583636192,39.48577255828277,39,17,0,False
8.5,4,0.8,0.8839822735978102,0.6387788291424229,181.80425091829736,0.013499999999999998,0.011296056452983656,0.11906602391187378,0.12189388556615144,40.60201845607738,39,17,0,False
8.5,4,0.8,0.8783189979040168,0.7053700255221548,177.55395348518152,0.013499999999999998,0.011362846987223457,0.14105883581921033,0.1376452290741768,37.69886932836805,39,17,0,False
8.5,4,0.8,0.8837828642615047,0.6620313170235445,176.25019880469048,0.013499999999999998,0.011319494297577613,0.12632966274286822,0.12782526242293635,39.522696668646454,39,17,0,False
8.5,4,0.8,0.8874788275138146,0.7093714281797053,176.42429108577596,0.013499999999999998,0.011369496870628576,0.14083471883027252,0.1384537736027176,37.55049217234196,39,17,0,False
8.5,4,0.8,0.8654459323646297,0.6600649458911115,177.4770329878238,0.013499999999999998,0.011311484496497744,0.12859352606835486,0.12751512218913713,39.57706641255995,39,17,0,False
8.5,4,0.8,0.8674873638553144,0.6535012767583471,178.05241256550073,0.013499999999999998,0.011305291614229503,0.12618938088214826,0.12582940013977126,39.87649011064093,39,17,0,False
8.5,4,0.8,0.8828036406490225,0.6560452295955955,177.57566926149812,0.013499999999999998,0.011313080295546712,0.12460359098710645,0.12630505808743228,39.79132661707872,39,17,0,False
8.5,4,0.8,0.8822640729719287,0.6891512422354406,174.74245099175025,0.013499999999999998,0.011347156996393855,0.1351720098736551,0.13416614349845252,38.35572241336856,39,17,0,False
8.5,4,0.8,0.8715915375833472,0.6607483186353498,176.3660073139739,0.013499999999999998,0.011314201029456869,0.1278322391790636,0.12762561233650344,39.55767145258954,39,17,0,False
8.5,4,0.8,0.8750384731455888,0.6522040430760057,178.15290562282345,0.013499999999999998,0.011306494128040644,0.1246000313162877,0.12541578861173955,39.95098298809787,39,17,0,False
8.5,4,0.8,0.909493121681509,0.5375038075838974,220.6741147349891,0.013499999999999998,0.011235415048063429,0.08609984402347134,0.09509452924140124,46.560121369104955,39,17,0,False
8.5,4,0.8,0.8891282455890905,0.6714925590922342,174.3838986588531,0.013499999999999998,0.011331008224597535,0.1284722375635058,0.13018644386145214,39.114654320515704,39,17,0,False
8.5,4,0.8,0.8876897296176345,0.666534597265051,175.41101742255262,0.013499999999999998,0.011325500574459146,0.12713482469401474,0.12893187075094387,39.33016191410843,39,17,0,False
8.5,4,0.8,0.982896718509818,0.6037487786431313,198.48183550586867,0.013499999999999998,0.011307778263911153,0.09575640744775712,0.11116318003935156,42.77715735804221,39,17,0,False
8.5,4,0.8,0.6775332503902048,0.6878139649925135,222.0491526754128,0.013499999999999998,0.011284856783760632,0.1767310845050933,0.13460753006245682,38.27051936204854,39,17,0,False
8.5,4,0.8,0.8864933303126453,0.6589963542124467,177.0490515559995,0.013499999999999998,0.0113173755166405,0.12495834966002037,0.12701619156324928,39.6649968631872,39,17,0,False
8.5,4,0.8,0.8855800203220373,0.6519908244605773,178.63469043457323,0.013499999999999998,0.01130989935033954,0.12291519586688976,0.12523820209010958,39.98309306866587,39,17,0,False
8.5,4,0.8,0.9031300471095685,0.6864024731949083,173.99590723833697,0.013499999999999998,0.011350649630856597,0.1309919462552574,0.13343115401528177,38.49884867760213,39,17,0,True
8.5,4,0.8,0.8659936202394496,0.6572024514078343,177.77316770484308,0.013499999999999998,0.011308623295015228,0.12759872157394658,0.12678480802860623,39.70597129892432,39,17,0,False
8.5,4,0.8,0.8846734436244672,0.6520524747746833,178.58407002203242,0.013499999999999998,0.011309661686351141,0.12307172547727134,0.1252642786424697,39.97837330373717,39,17,0,False
8.5,4,0.8,0.8790186291477868,0.6821350093858841,174.42361886842957,0.013499999999999998,0.01133886834780923,0.1334505330005861,0.13269690409772644,38.6434124986566,39,17,0,False
8.5,4,0.8,0.8874399341416174,0.6511717242434074,178.91056328364306,0.013499999999999998,0.011309746654436703,0.12237779155390979,0.1250058057917613,40.025228675450435,39,17,0,False
8.5,4,0.8,0.8823741423549769,0.6639469177153785,175.78526826496636,0.013499999999999998,0.011321111811271893,0.12714633775533019,0.12832649409151967,39.43529072489637,39,17,0,False
8.5,4,0.8,0.887201001349175,0.654991692158379,177.99334325523395,0.013499999999999998,0.011313475994132504,0.12360348744975978,0.1259862331558739,39.84835082226005,39,17,0,False
8.5,4,0.8,0.8852063343369854,0.6502330987172924,179.0364831159307,0.013499999999999998,0.011307986715821778,0.12242565411611787,0.12479444451614496,40.063664334311106,39,17,0,False
8.5,4,0.8,0.8893414253770439,0.6718543365484622,174.31273143772927,0.013499999999999998,0.011331436230508701,0.12855342799436423,0.13027732214235632,39.09917827741583,39,17,0,False
8.5,4,0.8,0.8806777376622524,0.6567127560086344,177.34070587014108,0.013499999999999998,0.011313065858181015,0.12513939742742614,0.12649871178897837,39.75680742432678,39,17,0,False
8.5,4,0.8,0.8855997878945412,0.6688444813435757,174.83112600080256,0.013499999999999998,0.011327180611859583,0.12818667560628763,0.1295439130389215,39.22459086567404,39,17,0,False
8.5,4,0.8,0.8860113617155033,0.6653953578022883,175.59589381043273,0.013499999999999998,0.011323752229272285,0.12703813873400882,0.12865964848301295,39.37738723261218,39,17,0,False
8.5,4,0.8,0.8856533963907176,0.6813226480544545,173.620181418874,0.013499999999999998,0.011340086442989955,0.13212770866725101,0.132474594529376,38.687287389648034,39,17,0,True
8.5,4,0.8,0.8818345930579109,0.6778372061238319,173.57202148384195,0.013499999999999998,0.011335295931004748,0.1316270280478552,0.13175556610015565,38.82958754220792,39,17,0,True
8.5,4,0.8,0.9102852579220176,0.8430785102931254,193.4530589791419,0.013499999999999998,0.01149323613489022,0.18157803953019871,0.1650710213975348,33.15196199408401,39,17,0,False
8.5,4,0.8,0.89424144484887,0.6883546786302884,173.7444204377087,0.013499999999999998,0.011349928084032523,0.13300088874661567,0.13391464075112572,38.404521680689456,39,17,0,True
8.5,4,0.8,0.8889946520227134,0.6654882995454092,175.6826235479122,0.013499999999999998,0.011324797171897822,0.1266072350298591,0.12865281510591825,39.37857484261194,39,17,0,False
8.5,4,0.8,0.8833923158675884,0.5568083266849432,208.85337729536943,0.013499999999999998,0.011227866685782606,0.09476600519143986,0.10076372511684556,45.12288290106502,39,17,0,False
8.5,4,0.8,0.8909369681841657,0.6792852781215477,173.7826578396966,0.013499999999999998,0.011339567010089384,0.1306492084346158,0.13199826283705507,38.7814097964909,39,17,0,True
8.5,4,0.8,0.8914341533102252,0.6493034394538341,179.52567631202035,0.013499999999999998,0.011309232546203168,0.12120007964459256,0.12448079792992388,40.120901484756786,39,17,0,False
8.5,4,0.8,0.8907851516133619,0.6112019119329067,189.80506102710774,0.013499999999999998,0.011272412366783583,0.10970541463246294,0.11476924559915738,42.010534285229966,39,17,0,False
8.5,4,0.8,0.8969935024306475,0.688082075423174,173.81194223554795,0.013499999999999998,0.011350428922507453,0.13248261256193278,0.133838235750536,38.41938283588502,39,17,0,True
8.5,4,0.8,0.8878129197071124,0.6603504318576188,176.79015375762626,0.013499999999999998,0.01131917880281829,0.12518000718729047,0.12734869338664687,39.60633357388286,39,17,0,False
8.5,4,0.8,0.9140674181427376,0.6667721136240728,176.34466882526627,0.013499999999999998,0.0113343445187964,0.12323160686548125,0.12870650670891118,39.36924632735547,39,17,0,False
8.5,4,0.8,0.879088582396483,0.6445330796852855,180.1557628989146,0.013499999999999998,0.01130011385810951,0.12158178570537206,0.1234177369222226,40.31670749867068,39,17,0,False
8.5,4,0.8,0.9012922701539641,0.6686161886057755,175.45023723006364,0.013499999999999998,0.011332020912523387,0.12570616463459175,0.1293221094740163,39.262753182293096,39,18,0,False
8.5,4,0.8,0.879234357911763,0.7193664037580237,179.2786985077494,0.013499999999999998,0.011377393479345469,0.14548045912003163,0.14060635349627126,37.16018708239646,39,18,0,False
8.5,4,0.8,0.8926861618047872,0.691513451658812,173.67131622634807,0.013499999999999998,0.011352706882222868,0.13425210310443958,0.13460093702798284,38.27178795209806,39,18,0,True
8.5,4,0.8,0.8860281531409073,0.6930949497042934,174.58445226687422,0.013499999999999998,0.011352399099363475,0.13582514928788902,0.13498132234962193,38.19879842665302,39,18,0,False
8.5,4,0.8,0.879706190047756,0.6718771994646923,173.97362284477313,0.013499999999999998,0.011328389033104624,0.1300739146001659,0.13037742041433595,39.08215298259727,39,18,0,False
8.5,4,0.8,0.8891115406210441,0.6585886429496368,177.23993991707113,0.013499999999999998,0.011317797071500994,0.12443252937294298,0.12688376167932924,39.68843287948061,39,18,0,False
8.5,4,0.8,0.8876381656369852,0.6857688358125826,173.61456704260414,0.013499999999999998,0.011345310748570231,0.1332256403815138,0.1334077768076817,38.50342681407923,39,18,0,True
8.5,4,0.8,0.9070182591590109,0.5797438090748076,201.61047867173167,0.013499999999999998,0.011254551325793609,0.09828954802860283,0.10629539792105465,43.83528700820235,39,18,0,False
8.5,4,0.8,0.9202380715695148,0.5366308317280658,222.38636675527192,0.013499999999999998,0.011242145230107383,0.08459729073840133,0.09455400343590556,46.69307788686389,39,18,0,False
8.5,4,0.8,0.9042030407593555,0.685500148014783,174.0297838186534,0.013499999999999998,0.011349983506778424,0.1305451325268992,0.1332317193752235,38.53795705158424,39,18,0,True
8.5,4,0.8,0.873216791414765,0.6722684137172338,174.60071871321543,0.013499999999999998,0.011326784200712963,0.13123272596656432,0.13053686034560236,39.05507955442569,39,18,0,False
8.5,4,0.8,0.8986560424173257,0.6866261954909384,173.87778596650438,0.013499999999999998,0.011349502302147107,0.13175922998304734,0.1335127302546102,38.48288552731856,39,18,0,True
8.5,4,0.8,0.8879546342884823,0.70829683089795,176.19450144681895,0.013499999999999998,0.011368508091730194,0.14040923782904774,0.1382240245878137,37.59277181018591,39,18,0,False
8.5,4,0.8,0.8809041598363754,0.6849338890672544,174.44355075568006,0.013499999999999998,0.011342326792894443,0.13404272303453224,0.1332791870557744,38.52863821382561,39,18,0,False
8.5,4,0.8,0.8781542225959614,0.6965730031204582,176.43007280029633,0.013499999999999998,0.0113536522709743,0.13823436082441443,0.13577194573810517,38.04839274204452,39,18,0,False
8.5,4,0.8,0.8916487242143849,0.6718034336488807,174.41025403968663,0.013499999999999998,0.011332169748279636,0.12817752376521813,0.13023953239002403,39.10561146136571,39,18,0,False
8.5,4,0.8,0.8912227602080653,0.6458019825797514,180.3669640175889,0.013499999999999998,0.011305609521053046,0.12015319737409079,0.12359100183203754,40.284601436582676,39,18,0,False
8.5,4,0.8,0.8786315681542396,0.6965325807603784,176.33909099412512,0.013499999999999998,0.011353751560822889,0.138142348763911,0.1357604960204578,38.050558476437146,39,18,0,False
8.5,4,0.8,0.9032540086732365,0.7571849793001684,180.14616228579965,0.013499999999999998,0.01142049683150971,0.15381918563709976,0.14853869613475848,35.80692113720712,39,18,0,False
8.5,4,0.8,0.8855272624563727,0.6547246344832941,177.99211460002516,0.013499999999999998,0.01131266978455411,0.12377390958882938,0.12593625975771283,39.85731079234022,39,18,0,False
8.5,4,0.8,0.8597485647698457,0.7257545393480135,183.8786051343946,0.013499999999999998,0.011378633402124345,0.15100888222382977,0.1420166916604395,36.910841711815095,39,18,0,False
8.5,4,0.8,0.8643598889619387,0.6503139342662927,179.02349399297964,0.013499999999999998,0.011300912948379548,0.12567679490488945,0.12505750468125257,40.015843864775775,39,18,0,False
8.5,4,0.8,0.8783777084559466,0.6870182955782546,175.15734089279752,0.013499999999999998,0.011343755656796557,0.13511957087129167,0.13373863853162724,38.43878043664704,39,18,0,False
8.5,4,0.8,0.8797005669004875,0.6886103981628015,175.12446398580144,0.013499999999999998,0.011345791669878856,0.13541625610859928,0.13406893853275897,38.374561515112596,39,18,0,False
8.5,4,0.8,0.8761036821783513,0.6932336121704232,176.36885575709462,0.013499999999999998,0.011349616073145547,0.1374920674793753,0.13507234488910022,38.181393408418145,39,18,0,False
8.5,4,0.8,0.9263918547603665,0.6561615867996845,179.35580495350493,0.013499999999999998,0.011328133999561597,0.1182197152133897,0.12580613591711445,39.88066921441164,39,18,0,False
8.5,4,0.8,0.8958423178449951,0.5693936763003792,204.74067841956878,0.013499999999999998,0.011242048251218368,0.09676060142746551,0.10379291037384664,44.4048030401125,39,18,0,False
8.5,4,0.8,0.8801303017328608,0.6748969480304995,173.5750770889237,0.013499999999999998,0.011331734308441047,0.13096257177690113,0.13113816678444054,38.95294655275458,39,18,0,True
8.5,4,0.8,0.8838097624003045,0.6672030362187831,175.12389154994017,0.013499999999999998,0.011324925101055636,0.1279482399248751,0.1291426639490672,39.29370778531841,39,18,0,False
8.5,4,0.8,0.8729422919049511,0.7740508844296652,188.58464007069296,0.013499999999999998,0.011429102178852537,0.16492406103969715,0.15198866492277543,35.24279762359644,39,18,0,False
8.5,4,0.8,0.9249726065811079,0.702314708982978,174.32054576045263,0.013499999999999998,0.011372905895842781,0.1326411490740954,0.13671389162013325,37.87145505881126,39,18,0,True
8.5,4,0.8,0.8825062601882063,0.6726086064514507,173.91851465307656,0.013499999999999998,0.011330061387782291,0.1298617909801058,0.13053629542537912,39.055175382241295,39,18,0,False
8.5,4,0.8,0.8793903881879802,0.7044201671022188,177.23388800815783,0.013499999999999998,0.011362164455897147,0.1405711964402947,0.13743722536848707,37.737213669069114,39,18,0,False
8.5,4,0.8,0.9110051655834025,0.6672367309999949,176.11490934129546,0.013499999999999998,0.011333738576965423,0.12382868267070937,0.1288629856131196,39.34209638430332,39,18,0,False
8.5,4,0.8,0.8792165078095622,0.70083600539629,176.79381688917368,0.013499999999999998,0.011358380299739393,0.13943842804039383,0.1366744000144137,37.87882469756133,39,18,0,False
8.5,4,0.8,0.8785306284086116,0.6942378945407759,176.05948365632568,0.013499999999999998,0.011351332912788753,0.13741803932862076,0.13527264150268423,38.14317542648328,39,18,0,False
8.5,4,0.8,0.8926022728263171,0.6880693767785497,173.70410555094466,0.013499999999999998,0.011349107114074497,0.13317109496508006,0.13386616899066017,38.41394771766886,39,18,0,True
8.5,4,0.8,0.8794814530718014,0.6788136376827137,173.93064315308794,0.013499999999999998,0.011335549697600537,0.13231543207875934,0.13198338667110315,38.78435780181596,39,18,0,False
8.5,4,0.8,0.8813575531598021,0.6755661072227597,173.59688702899155,0.013499999999999998,0.011332815432869537,0.13097995985116392,0.13127185710072453,38.92613675662585,39,18,0,True
8.5,4,0.8,0.8787832774701787,0.705123888307347,177.43326648645535,0.013499999999999998,0.011362674962451528,0.14090313242197147,0.137591860403804,37.70869661670526,39,18,0,False
8.5,4,0.8,0.8791011006874965,0.6676015530555639,174.87358867092183,0.013499999999999998,0.011323854164438797,0.12881134721863902,0.1292905040074691,39.268199956508504,39,18,0,False
8.5,4,0.8,0.8878301319714162,0.6626803822162801,176.26966284323518,0.013499999999999998,0.011321596454664223,0.12590489767974208,0.12794421253750823,39.50190221212247,39,18,0,False
8.5,4,0.8,0.8778510018083664,0.675031800768752,173.75700413293023,0.013499999999999998,0.011331162756874244,0.13136901595877928,0.13118458269079186,38.94363230411217,39,18,0,False
8.5,4,0.8,0.875835445028803,0.6780293166836228,174.47723230071315,0.013499999999999998,0.011333629654051224,0.13265041026119206,0.131841742706704,38.8124604422658,39,18,0,False
8.5,4,0.8,0.882602119911671,0.6774069191844403,173.5993485573222,0.013499999999999998,0.011335097509563663,0.1313676771897529,0.1316572060710005,38.84916325489743,39,18,0,True
8.5,4,0.8,0.8832388140931539,0.6867993488349766,174.2708574786968,0.013499999999999998,0.011344991081007786,0.13426208632888662,0.13365943512225864,38.45422672816023,39,18,0,False
8.5,4,0.8,0.8803276008672173,0.6719566594481232,173.9783949729188,0.013499999999999998,0.01132867053754282,0.13000057601130396,0.130391665508021,39.07973186913963,39,18,0,False
8.5,4,0.8,0.8875312343966538,0.5,239.90947713797246,0.013499999999999998,0.011219398874897833,0.07847954998516658,0.0840308897199405,49.169170334671676,39,18,0,False
8.5,4,0.8,0.8881027382283515,0.6867694005617855,173.61466206584734,0.013499999999999998,0.011346489503623956,0.1334700419908644,0.13361773802672744,38.462365864253705,39,18,0,True
8.5,4,0.8,0.8795668578160014,0.688842960906265,175.18131060283557,0.013499999999999998,0.011346038049449428,0.1355109461267287,0.13411795828874007,38.36505768943912,39,18,0,False
8.5,4,0.8,0.9023351697714346,0.5,242.24027999794984,0.013499999999999998,0.011231222756213822,0.07679008757635522,0.08352649168623696,49.29878617968392,39,18,0,False
8.5,4,0.8,0.8745846025279653,0.6893727326135209,176.1423877840417,0.013499999999999998,0.011345134660562846,0.1364960260172422,0.13426152268381425,38.337263601924356,39,18,0,False
8.5,4,0.8,0.8735813518267267,0.7023737152198297,178.02051896396412,0.013499999999999998,0.011358346300479319,0.14088060851386805,0.1370323558366847,37.81217934614611,39,18,0,False
8.5,4,0.8,0.8757485622809238,0.6431106382863286,180.34737922937725,0.013499999999999998,0.011297402975914491,0.1216514408244156,0.1231012562826696,40.375546813523,39,18,0,False
8.5,4,0.8,0.8780106958885543,0.6914120193398704,175.78548245795858,0.013499999999999998,0.011348209093459244,0.13659340287116906,0.13467545777563297,38.257456343623716,39,18,0,False
8.5,4,0.8,0.8836190407866585,0.6758442244690821,173.65193141682377,0.013499999999999998,0.011333809981732355,0.13070962506391698,0.13131389848223113,38.91771714930485,39,18,0,True
8.5,4,0.8,0.8855721012914465,0.7145957250417144,177.47122583480663,0.013499999999999998,0.011374312618516721,0.1428477423342517,0.13956886925501225,37.34680669857946,39,18,0,False
8.5,4,0.8,0.8800333991798637,0.6844941431818433,174.54167522310865,0.013499999999999998,0.011341610416935795,0.13404242831599988,0.13319157065384737,38.54584421646668,39,18,0,False
8.5,4,0.8,0.9138797057404213,0.6577253494385428,178.4460323260098,0.013499999999999998,0.011325343719122397,0.12048487249662464,0.12636868377848656,39.77997545627329,39,19,0,False
8.5,4,0.8,0.874720451943725,0.726333187651783,181.08980206288632,0.013499999999999998,0.011383273188243434,0.14855387822750815,0.14209446787444663,36.89723372163156,39,19,0,False
8.5,4,0.8,0.8903166957730145,0.6891904818097223,173.63792691635143,0.013499999999999998,0.011349607367006864,0.1338899195604149,0.13412053581486966,38.36455815695508,39,19,0,True
8.5,4,0.8,0.8830880951547465,0.6712109592040845,174.23918490068016,0.013499999999999998,0.011328844415251995,0.129326071358837,0.13017226886107613,39.117069867974834,39,19,0,False
8.5,4,0.8,0.8758482514581348,0.6517736183733989,178.28950617407259,0.013499999999999998,0.011306358560972287,0.1243385008010258,0.1252960888220044,39.97261799575299,39,19,0,False
8.5,4,0.8,0.8962524615837638,0.695426535783903,173.71569893014998,0.013499999999999998,0.011357732893576554,0.13493214345041316,0.1354165148525358,38.11579277534144,39,19,0,True
8.5,4,0.8,0.8803915120604522,0.6877509723810594,174.89361339886156,0.013499999999999998,0.011345122207956347,0.13502742264465767,0.13388108426552336,38.411046500674175,39,19,0,False
8.5,4,0.8,0.9265956894234562,0.7150130839564641,174.257231620134,0.013499999999999998,0.011385890802422796,0.1363836301700129,0.1394507448532705,37.368229765250845,39,19,0,True
8.5,4,0.8,0.9064061557779386,0.5,242.90620974365274,0.013499999999999998,0.011234600470408817,0.0763324325695051,0.08338433324004665,49.335500255259134,39,19,0,False
8.5,4,0.8,0.8667912973026223,0.693795184277584,178.14092221363614,0.013499999999999998,0.011347484174246086,0.13922633757214936,0.13524547050114907,38.14835324157694,39,19,0,False
8.5,4,0.8,0.9021259219812398,0.6961614702522468,173.85098465224172,0.013499999999999998,0.011360231469047067,0.13423462395754376,0.13553491790483937,38.09330109816404,39,19,0,True
8.5,4,0.8,0.8809133462618017,0.6698143553835486,174.4650937638124,0.013499999999999998,0.011326743854970251,0.12922523423476912,0.12983589845489213,39.17451966792639,39,19,0,False
8.5,4,0.8,0.8800861796388308,0.7196260415966806,179.15599265380195,0.013499999999999998,0.011377877433013297,0.1454207981078885,0.14065836750842958,37.15090299360377,39,19,0,False
8.5,4,0.8,0.8967362945678803,0.7084514830894272,174.66559332178076,0.013499999999999998,0.01137118310935982,0.13902012911365128,0.1382093430857649,37.59545218926853,39,19,0,False
8.5,4,0.8,0.8797531979454225,0.6969379602281766,176.19485185702464,0.013499999999999998,0.011354560059171142,0.13808581505257156,0.13583848835607848,38.035813264525295,39,19,0,False
8.5,4,0.8,0.8635632754288894,0.6756531248040344,176.37053778589748,0.013499999999999998,0.01132724337451927,0.1338921455498364,0.1314268345074412,38.89512603745588,39,19,0,False
8.5,4,0.8,0.897444211133918,0.6938381417592547,173.76236642067605,0.013499999999999998,0.01135649474908891,0.1342360763719054,0.13506706227955909,38.182402892946996,39,19,0,True
8.5,4,0.8,0.8803640479492381,0.6797113612331724,173.88993446639856,0.013499999999999998,0.011336801479713337,0.13245846620619448,0.13216777512843986,38.74784391518717,39,19,0,False
8.5,4,0.8,0.867532047893387,0.7041147589934701,179.37261382695158,0.013499999999999998,0.011358451722025851,0.14247464760463346,0.13743211502934777,37.738157176663705,39,19,0,False
8.5,4,0.8,0.8921815839388211,0.6489395105950164,179.6466067491173,0.013499999999999998,0.011309134407036299,0.12097597615071067,0.12437840171450215,40.139639970457516,39,19,0,False
8.5,4,0.8,0.9018276138196596,0.7240037391467911,175.82022817304843,0.013499999999999998,0.01138812186387241,0.14320652381598065,0.14150171344950488,37.00131780311721,39,19,0,False
8.5,4,0.8,0.8887191369049243,0.7060498830363686,175.7703289311573,0.013499999999999998,0.011366474245769287,0.1395552266855857,0.13773700242098985,37.681987820181625,39,19,0,False
8.5,4,0.8,0.8797550369166731,0.6725267731426576,173.84249096332675,0.013499999999999998,0.011329111540962623,0.13027103685132996,0.13054149859371836,39.0542927913175,39,19,0,False
8.5,4,0.8,0.8833717091272774,0.6740271154653289,173.67426527105096,0.013499999999999998,0.011331835846916738,0.1301732614178524,0.13088924973181584,38.99543812901916,39,19,0,True
8.5,4,0.8,0.8890242511250176,0.6901324162182217,173.6815396858229,0.013499999999999998,0.011350183710369983,0.13439713581373877,0.13433068304097567,38.3238952858542,39,19,0,False
8.5,4,0.8,0.8805551499111959,0.6864280494569694,174.70022718896675,0.013499999999999998,0.011343847808872773,0.13457470109720732,0.13359710830541796,38.46639459396397,39,19,0,False
8.5,4,0.8,0.8683168084129781,0.5996325243436862,192.01010181951324,0.013499999999999998,0.011252630178614996,0.10942482349407791,0.11221043225928676,42.550654340785805,39,19,0,False
8.5,4,0.8,0.8759148635686075,0.6763096966387648,174.25361648057347,0.013499999999999998,0.011331890149732933,0.13208703849672332,0.13147255965678117,38.885990404623506,39,19,0,False
8.5,4,0.8,0.8943616404186355,0.6837035548060667,173.80682407628126,0.013499999999999998,0.01134517853027629,0.1315086201791989,0.1329199449088586,38.59932988800399,39,19,0,True
8.5,4,0.8,0.928450474034638,0.7953810611279359,181.5858435842862,0.013499999999999998,0.01145976296902873,0.1621216670094423,0.1561202652550174,34.55054910859084,39,19,0,False
8.5,4,0.8,1.0429116664136329,0.7041396674025586,177.20225220672663,0.013499999999999998,0.0114073512306658,0.11701534003015492,0.13611873672444427,37.98296801625589,39,19,0,True
8.5,4,0.8,0.8799203695593749,0.6881498599633121,175.02676738230895,0.013499999999999998,0.011345380035791726,0.1352325744409621,0.13396949974214,38.39386176411424,39,19,0,False
8.5,4,0.8,0.8796206279309271,0.6762767502041862,173.5997957960134,0.013499999999999998,0.011333010148823802,0.13148266259191047,0.1314374292113357,38.89300871134473,39,19,0,False
8.5,4,0.8,0.8890686383671494,0.6663190469753176,175.50493897496085,0.013499999999999998,0.011325694562230395,0.12685542723636506,0.1288635342870677,39.342001283423116,39,19,0,False
8.5,4,0.8,0.8878410993794337,0.6738609835544697,173.8398877702528,0.013499999999999998,0.011333065245255956,0.12941853614939014,0.13080426267412917,39.00979752024325,39,19,0,False
8.5,4,0.8,0.8810769582043978,0.7031169754456357,176.75674412762842,0.013499999999999998,0.011361280919448866,0.13986844007432117,0.13715073876638706,37.790214240791094,39,19,0,False
8.5,4,0.8,0.8925033431642281,0.6815829281215515,173.79288472776275,0.013499999999999998,0.01134246589066691,0.1311280407787917,0.13247902386787727,38.686415216829886,39,19,0,True
8.5,4,0.8,0.8822862476723519,0.6922996885935097,175.14160389742577,0.013499999999999998,0.011350443256551854,0.13617843505695865,0.1348362309275039,38.22659065728927,39,19,0,False
8.5,4,0.8,0.8800212641278586,0.680672363562279,174.0648523220683,0.013499999999999998,0.011337647843662873,0.13282197188075928,0.13237748200767704,38.70642419957577,39,19,0,False
8.5,4,0.8,0.877543843926368,0.7014052251955227,177.1689521281707,0.013499999999999998,0.01135846147760244,0.1399024764211367,0.13680567255638354,37.85434384539863,39,19,0,False
8.5,4,0.8,0.8855264016093298,0.6971300998763165,175.19082696985157,0.013499999999999998,0.011356443404251682,0.13720127204755203,0.1358452292866724,38.0345396152107,39,19,0,False
8.5,4,0.8,0.8781229043826935,0.6805435056288995,174.38254698972565,0.013499999999999998,0.011336929005200348,0.13308637167887308,0.1323637042032582,38.709141486280615,39,19,0,False
8.5,4,0.8,0.8773723994566057,0.6828036885478064,174.79987439130454,0.013499999999999998,0.01133907122222607,0.13393042937891234,0.13285011274365205,38.61311584877952,39,19,0,False
8.5,4,0.8,0.8746702242299468,0.6825985041898965,175.25402140697986,0.013499999999999998,0.011338035233406095,0.13430353754557098,0.1328252329122936,38.618031020348766,39,19,0,False
8.5,4,0.8,0.878825917288122,0.6821004042308325,174.45307704770593,0.013499999999999998,0.011338771537609212,0.13347063469399342,0.1326909723508068,38.6445868956117,39,19,0,False
8.5,4,0.8,0.8803252828112824,0.661682163994981,176.20012510376188,0.013499999999999998,0.011318012767052512,0.1267562941810426,0.12777248855539566,39.5319327545897,39,19,0,False
8.5,4,0.8,0.8797971013033207,0.6726533941231755,173.81786431177773,0.013499999999999998,0.011329260728767547,0.1303043816266216,0.13057324453380115,39.048909137449066,39,19,0,False
8.5,4,0.8,0.8832548856478147,0.5248832038961809,224.25858002292037,0.013499999999999998,0.011215523735800679,0.08578402778080182,0.0919526051338988,47.26793990599463,39,19,0,False
8.5,4,0.8,0.8710955882823237,0.6684272836534726,175.43799572346552,0.013499999999999998,0.011322087786127946,0.13034903234318793,0.12958085557062704,39.2182453452234,39,19,0,False
8.5,4,0.8,0.8820394634077493,0.6929681525487313,175.27329958491782,0.013499999999999998,0.011351093094073254,0.13643233269739688,0.13497933885225455,38.19917796425812,39,19,0,False
8.5,4,0.8,0.8776155222171523,0.855967147701054,202.79639345556672,0.013499999999999998,0.011496317336439186,0.19259405934575374,0.16723434664528153,32.83306354314526,39,19,0,False
8.5,4,0.8,0.8806917848332085,0.6815791541719649,174.06336060939066,0.013499999999999998,0.011338851592703394,0.13300159006773696,0.13256524956173482,38.66944820206444,39,19,0,False
8.5,4,0.8,0.8787132256323884,0.674797817941756,173.57757695669835,0.013499999999999998,0.011331187330372845,0.13115686972559026,0.1311279396228198,38.95499971271288,39,19,0,False
8.5,4,0.8,0.8761048115241652,0.722781445091677,180.33252864052434,0.013499999999999998,0.011380013610081532,0.14714171994898712,0.1413400466402403,37.02985563913281,39,19,0,False
8.5,4,0.8,0.8825205950835574,0.6851910772041229,174.19170557799373,0.013499999999999998,0.011343081047684514,0.13386450117137613,0.13332280872497776,38.52008027120828,39,19,0,False
8.5,4,0.8,0.8771983967092606,0.6783546695304278,174.27633035442994,0.013499999999999998,0.011334381254388693,0.13253511607116972,0.13190156759221036,38.800583669522105,39,19,0,False
8.5,4,0.8,0.8689233549984482,0.7114920078562835,180.1148717032204,0.013499999999999998,0.011366485960166211,0.1446602185221511,0.13898641143745039,37.45279298006795,39,19,0,False
8.5,4,0.8,0.884399948368505,0.6838000599787118,173.68846284446371,0.013499999999999998,0.01134221949043239,0.13311837860608083,0.13301335446338458,38.58091202081373,39,19,0,False
8.5,4,0.8,0.8959948798694488,0.6881992302618876,173.78681319259795,0.013499999999999998,0.011350261762304949,0.13267629377175827,0.13387001942860813,38.41319869510743,39,20,0,True
8.5,4,0.8,0.8858444121569967,0.6654805114362482,175.56777333510448,0.013499999999999998,0.011323757113261865,0.12709182942767397,0.1286840827349466,39.373141533501276,39,20,0,False
8.5,4,0.8,0.8829992590849505,0.6689955403119555,174.69927393979194,0.013499999999999998,0.011326439777025849,0.1286432594783884,0.12961068359470546,39.21312407110246,39,20,0,False
8.5,4,0.8,0.8776650681316417,0.6606139573810845,176.3441068361577,0.013499999999999998,0.011316083446390417,0.12683329008230143,0.12752653161967784,39.57506235307183,39,20,0,False
8.5,4,0.8,0.8846725868806399,0.6488555334343221,179.34045408544836,0.013499999999999998,0.011306378237929779,0.12207977091895417,0.12445076469310126,40.12639488728116,39,20,0,False
8.5,4,0.8,0.8847271129071417,0.6911051674740998,174.55715463186425,0.013499999999999998,0.011349917727960287,0.1353994535367013,0.13456634403426093,38.27844614664295,39,20,0,False
8.5,4,0.8,0.8773096604035677,0.6570349084516257,177.13331110026488,0.013499999999999998,0.011312245656239417,0.12576348229533013,0.1266189865481438,39.73541257263639,39,20,0,False
8.5,4,0.8,0.9243635263376944,0.7599583058576046,176.7348584475963,0.013499999999999998,0.011427992789956591,0.15116131052294607,0.14909312066926952,35.71677186249545,39,20,0,False
8.5,4,0.8,0.9150243361497709,0.8291189367583396,189.98537984704274,0.013499999999999998,0.011483948959603417,0.17588890071099755,0.16248540844227496,33.542489845279505,39,20,0,False
8.5,4,0.8,0.9052465194537449,0.6524926391947963,179.3428101774304,0.013499999999999998,0.011317216290249586,0.12014018230338794,0.12512680763726083,40.00327358980097,39,20,0,False
8.5,4,0.8,0.8902066473446351,0.7035736022000658,175.1833176143521,0.013499999999999998,0.01136431151290675,0.13851559251943463,0.13719975613414187,37.78113040287365,39,20,0,False
8.5,4,0.8,0.8848644936875727,0.6658706821063599,175.44314479284003,0.013499999999999998,0.011323812141759202,0.12736762706963012,0.12879475714955554,39.353927609492985,39,20,0,False
8.5,4,0.8,0.9003008868655347,0.6254386919599527,186.18822570335135,0.013499999999999998,0.01128934961272663,0.11263602907245332,0.11825290902225011,41.305084070924345,39,20,0,False
8.5,4,0.8,0.887839567947189,0.6826008202955391,173.65709583392933,0.013499999999999998,0.011342063196481214,0.13218732649512932,0.1327322439110829,38.63641792299656,39,20,0,True
8.5,4,0.8,0.882040933539421,0.6869438296683015,174.50148884790036,0.013499999999999998,0.011344802409428704,0.13450073092847759,0.13369764960222497,38.44677183870298,39,20,0,False
8.5,4,0.8,0.8694174308093993,0.6722485497132001,175.24311951796486,0.013499999999999998,0.011325571322813949,0.13183917592209757,0.13056662591565227,39.05003137930577,39,20,0,False
8.5,4,0.8,0.8716496586850175,0.6856119911571094,176.1831224488515,0.013499999999999998,0.011340288746977038,0.13576732233828154,0.13348367680152168,38.48856858346623,39,20,0,False
8.5,4,0.8,0.8812005402081395,0.6712584614893468,174.15724947116198,0.013499999999999998,0.011328235988086478,0.12964078397519874,0.1302047166607278,39.11154111954748,39,20,0,False
8.5,4,0.8,0.8697799843483677,0.6742974438873356,175.09330243867237,0.013499999999999998,0.011327781204956913,0.13243846914379018,0.1310858497295566,38.96228022226878,39,20,0,False
8.5,4,0.8,0.8903296242676848,0.6941090037262514,173.95823340805086,0.013499999999999998,0.01135468976397377,0.13545701545825597,0.13517117090208583,38.16252264124512,39,20,0,False
8.5,4,0.8,0.9048372404750868,0.6268760538837396,186.02043800137625,0.013499999999999998,0.011292421982901533,0.11243069877183469,0.11855448235339511,41.245646770672245,39,20,0,False
8.5,4,0.8,0.8964521995268802,0.6899204090098691,173.7766155518039,0.013499999999999998,0.011352150121506605,0.13315044774189574,0.13423560449347058,38.34227698265849,39,20,0,True
8.5,4,0.8,0.8828575429623043,0.66700703164309,175.13252286883363,0.013499999999999998,0.01132441800238162,0.12803509043208458,0.1291022768758725,39.300684530077994,39,20,0,False
8.5,4,0.8,0.8919211784256801,0.6637469840187331,176.1838751134678,0.013499999999999998,0.011324019738055281,0.12561196722673484,0.12817374255898747,39.46186752000346,39,20,0,False
8.5,4,0.8,0.8887271817753231,0.6689753081967003,174.91569093957787,0.013499999999999998,0.01132833163949789,0.12774126449452664,0.12954525778840179,39.224359828577164,39,20,0,False
8.5,4,0.8,0.8642638296191957,0.6890270006756639,177.97708396969375,0.013499999999999998,0.011341700676453277,0.13810050537150895,0.13425170623679825,38.33916217976868,39,20,0,False
8.5,4,0.8,0.9002615586156218,0.7112562801288205,174.41301236742902,0.013499999999999998,0.011374954110200883,0.1393520343826676,0.13878957361039815,37.48881083318302,39,20,0,False
8.5,4,0.8,0.876428839467172,0.6758044944722097,174.1012544041128,0.013499999999999998,0.01133152549268542,0.1318431194197506,0.1313606101882526,38.90836850640493,39,20,0,False
8.5,4,0.8,0.8875989983310393,0.6819613702061745,173.65654141588053,0.013499999999999998,0.011341292761000403,0.13202376788821849,0.13259885111746847,38.662839019376605,39,20,0,True
8.5,4,0.8,0.9187428679471252,0.7126486158775328,174.09648738539943,0.013499999999999998,0.01138137832431954,0.13685889375210028,0.1389886066714302,37.45239186462984,39,20,0,True
8.5,4,0.8,0.8093517890157147,0.6906697229252289,189.04436301829668,0.013499999999999998,0.011327049821831121,0.14845172648173208,0.13487887463539158,38.218416089132916,39,20,0,False
8.5,4,0.8,0.881665761348202,0.687457393848868,174.63059925576027,0.013499999999999998,0.011345193350913468,0.13472705052726294,0.13381032695447173,38.424815459517134,39,20,0,False
8.5,4,0.8,0.8799098580066305,0.6564908111916669,177.35590136819147,0.013499999999999998,0.011312533220081881,0.12519026223999039,0.12645228048392523,39.76507585979799,39,20,0,False
8.5,4,0.8,0.8768525665306063,0.6712382549821854,174.12625239274723,0.013499999999999998,0.01132687095987646,0.13032253521401133,0.13024006247772593,39.105521199683594,39,20,0,False
8.5,4,0.8,0.878710789752072,0.6575934405153453,177.06347521610127,0.013499999999999998,0.011313312996774983,0.12572027763687346,0.1267450758338645,39.713019813186264,39,20,0,False
8.5,4,0.8,0.8858816230062316,0.6692088046234078,174.75557764976594,0.013499999999999998,0.011327585541781706,0.12825982752138573,0.12963621341368833,39.208742334864425,39,20,0,False
8.5,4,0.8,0.8820933373877309,0.670018222883041,174.45936308478127,0.013499999999999998,0.011327301640997007,0.12910506476678194,0.12987733529337003,39.16742910814904,39,20,0,False
8.5,4,0.8,0.8844934393641283,0.6648719740027516,175.6561267106634,0.013499999999999998,0.011322726813978003,0.1271088451349133,0.1285417613234869,39.397890294904364,39,20,0,False
8.5,4,0.8,0.879697151727769,0.6683904860556056,174.71971982904202,0.013499999999999998,0.011324816331864558,0.12896879631509323,0.12948713872526862,39.23434873794157,39,20,0,False
8.5,4,0.8,0.8823913961404524,0.6456076696905619,180.04075203293644,0.013499999999999998,0.011302396600871031,0.12141350242086837,0.12364880605083745,40.27390705196096,39,20,0,False
8.5,4,0.8,0.8901274202148409,0.6973895538817654,174.41074993919298,0.013499999999999998,0.011358011772593456,0.13653941477867046,0.13587394808296763,38.02911481570822,39,20,0,False
8.5,4,0.8,0.9064238045809275,0.6905445538286853,174.015582266837,0.013499999999999998,0.011355766030711848,0.13178919726444746,0.13429881422882095,38.33005364665327,39,20,0,True
8.5,4,0.8,0.8781298646631444,0.6789593238825121,174.18526967643558,0.013499999999999998,0.011335277205784831,0.13257922450922607,0.13202477444676264,38.77615763440579,39,20,0,False
8.5,4,0.8,0.8833260030549629,0.6880615352019313,174.4181231211933,0.013499999999999998,0.011346361428390876,0.13465048352267922,0.13392655700081482,38.402205435663106,39,20,0,False
8.5,4,0.8,0.8785607000649728,0.6649680485190006,175.4143501706966,0.013499999999999998,0.011320859975926913,0.12806731356280945,0.12862875117615494,39.382757885080984,39,20,0,False
8.5,4,0.8,0.8813539088592899,0.6658637415829421,175.32155064438297,0.013499999999999998,0.011322704021294453,0.12791152209217904,0.1288278307076488,39.34819114687799,39,20,0,False
8.5,4,0.8,0.8815857125009509,0.6722489595190696,173.9612071744513,0.013499999999999998,0.011329383751242162,0.129893762546593,0.13045378621144457,39.06917892106478,39,20,0,False
8.5,4,0.8,0.8884436623502283,0.6951770670026401,174.42067670776254,0.013499999999999998,0.011355196733597103,0.1361043150811805,0.13541261381331468,38.11653447648002,39,20,0,False
8.5,4,0.8,0.8672228482441257,0.6652496988728167,176.49381619871758,0.013499999999999998,0.01131751467642942,0.1299585811053892,0.12881259193928793,39.350833937853444,39,20,0,False
8.5,4,0.8,0.881718171778557,0.6730658810637382,173.79756132068067,0.013499999999999998,0.011330303685741734,0.13013053376244474,0.1306599679831336,39.034213226657606,39,20,0,False
8.5,4,0.8,0.880159672443109,0.7392546802907211,181.89305731573245,0.013499999999999998,0.011397575336824537,0.15189023365624235,0.14480152445608394,36.429597217211715,39,20,0,False
8.5,4,0.8,0.89265285043291,0.6730674644200602,174.16910595808932,0.013499999999999998,0.011333730243633811,0.12842140976991753,0.13055533723620544,39.05194568820626,39,20,0,False
8.5,4,0.8,0.8820727019399053,0.6577752589360739,177.1533023556978,0.013499999999999998,0.011314629970194296,0.1252566928001325,0.12675403128259488,39.711430789462725,39,20,0,False
8.5,4,0.8,0.8815167916081853,0.7063944036936045,177.10590240072884,0.013499999999999998,0.011364777354389484,0.14085882810039496,0.13784870173676184,37.66147094838949,39,20,0,False
8.5,4,0.8,0.8869702351852946,0.6700761382543552,174.61146440479112,0.013499999999999998,0.011328861585792304,0.12836210134888557,0.12984574092549486,39.17283510851873,39,20,0,False
8.5,4,0.8,0.8817437568241536,0.6715024088008616,174.12727222730177,0.013499999999999998,0.01132868671496061,0.12963131804093694,0.13026082738701877,39.101985898482084,39,20,0,False
8.5,4,0.8,0.8675248676485849,0.671915336274242,175.60430281148786,0.013499999999999998,0.01132461937623288,0.1320397707676124,0.13049949497453384,39.06141936125532,39,20,0,False
8.5,4,0.8,0.8818358930950124,0.6621500625676625,176.1555026435282,0.013499999999999998,0.011319017179460406,0.1266674279356024,0.1278750641834359,39.51398656832938,39,20,0,False
8.5,4,0.8,0.8670896784812702,0.6825354454279798,176.60868362763867,0.013499999999999998,0.01133565088278688,0.13552783559435996,0.13286348427463007,38.61047497730593,39,21,0,False
8.5,4,0.8,0.8881462007278023,0.6445028053361094,180.55573961470614,0.013499999999999998,0.011303250264196527,0.12020983611417883,0.12329782839709495,40.33897083308816,39,21,0,False
8.5,4,0.8,0.8807293408986377,0.6728994818931736,173.79856790141662,0.013499999999999998,0.011329816251429441,0.1302344209127296,0.1306269869669341,39.03980017646703,39,21,0,False
8.5,4,0.8,0.8792979067687083,0.6748799874038812,173.55341706925378,0.013499999999999998,0.011331456225526632,0.13108974735704756,0.13114098570484828,38.95238069473335,39,21,0,True
8.5,4,0.8,0.8836551235845573,0.6847334041618115,173.9355539597124,0.013499999999999998,0.011342955170748579,0.1335357402497241,0.13321739173647487,38.54077115253426,39,21,0,False
8.5,4,0.8,0.8821533002774397,0.6555456943884436,177.66182090754842,0.013499999999999998,0.011312322297150647,0.12454836251467787,0.12618590434492763,39.812609984920556,39,21,0,False
8.5,4,0.8,0.8819166438601698,0.6836323009287598,174.10348162266854,0.013499999999999998,0.0113413137480353,0.1334622055124634,0.13299448137186068,38.58463120395666,39,21,0,False
8.5,4,0.8,0.9008046756347874,0.7000686273998955,173.78403911487894,0.013499999999999998,0.011363797426624874,0.1356864278126228,0.13638394858432443,37.933156609236086,39,21,0,True
8.5,4,0.8,0.8666518959516661,0.7526629381824295,186.4869799324396,0.013499999999999998,0.011407359401908774,0.15881427597971357,0.14762259727859095,35.95735348482451,39,21,0,False
8.5,4,0.8,0.877797583879092,0.6704737347728054,174.20630462764976,0.013499999999999998,0.011326342646591213,0.129930696518562,0.1300374223142381,39.140070928407276,39,21,0,False
8.5,4,0.8,0.8724316133984271,0.6871200596773402,176.23435047320692,0.013499999999999998,0.011342071735350946,0.1361263211143068,0.13379917589323712,38.42698671652142,39,21,0,False
8.5,4,0.8,0.8839972161454769,0.6890911266658032,174.43143258583456,0.013499999999999998,0.011347638713543839,0.1348713537167856,0.13414112997166028,38.36056763363214,39,21,0,False
8.5,4,0.8,0.887956213730416,0.703533084230334,175.5806500529121,0.013499999999999998,0.011363681962088716,0.13886821000900693,0.13720198123278915,37.780718202764106,39,21,0,False
8.5,4,0.8,0.8812067979419373,0.6660284921862487,175.281986070328,0.013499999999999998,0.011322840755022625,0.12798598362365157,0.12887081974648348,39.34073856924568,39,21,0,False
8.5,4,0.8,0.8800562732886732,0.6714088615338762,174.08939278015632,0.013499999999999998,0.011328057671246883,0.12986823664305844,0.13025311893464925,39.10329818059741,39,21,0,False
8.5,4,0.8,0.9043884881372538,0.6701920330921355,175.2180467498756,0.013499999999999998,0.011334627663782454,0.1257286321938415,0.12969377942368077,39.19886745133994,39,21,0,False
8.5,4,0.8,0.8966422374904172,0.6845247474028426,173.8506682612793,0.013499999999999998,0.011346685012615085,0.13141225567744846,0.13307948030376146,38.567889404983354,39,21,0,True
8.5,4,0.8,0.8802457829796385,0.6688166834853498,174.6401612583911,0.013499999999999998,0.011325368528879921,0.12901966873485965,0.12959254883665852,39.21623745408945,39,21,0,False
8.5,4,0.8,0.9124712110736118,0.6598261192744492,177.88864136002522,0.013499999999999998,0.011326926431127177,0.12133275225726899,0.126928912969992,39.68043790490408,39,21,0,False
8.5,4,0.8,0.8723547438966992,0.7139515167461717,179.81178996434073,0.013499999999999998,0.011369968181382731,0.14487948007948967,0.1394902909639314,37.361053650516105,39,21,0,False
8.5,4,0.8,0.9252052165279714,0.6991599682540861,174.36675721527112,0.013499999999999998,0.011369907204358261,0.13161675219723815,0.1360257397169373,38.00048010759662,39,21,0,True
8.5,4,0.8,0.8781550485192193,0.6678903248542701,174.7638714677797,0.013499999999999998,0.011323726658694354,0.12905678079234265,0.1293776434201165,39.25318804817942,39,21,0,False
8.5,4,0.8,0.8801610800963983,0.6716654275197851,174.0415975278396,0.013499999999999998,0.011328381158728189,0.12993206891930345,0.13031671566820063,39.09247539104398,39,21,0,False
8.5,4,0.8,0.8907446247071561,0.6932934950020033,173.78479984111235,0.013499999999999998,0.011353999430157047,0.13512873890468194,0.13499332505502945,38.1965019736871,39,21,0,False
8.5,4,0.8,0.8853242310055223,0.673873333254534,173.7520211781812,0.013499999999999998,0.011332288776611847,0.12981703434527156,0.13083145699337162,39.00520108067903,39,21,0,False
8.5,4,0.8,0.9086085888076093,0.6593040340153994,177.8475535382621,0.013499999999999998,0.011325043888113362,0.12173981375385606,0.12684237084914304,39.69576615920868,39,21,0,False
8.5,4,0.8,0.8823776977273746,0.7327890725523708,180.55910430497528,0.013499999999999998,0.011391775685778812,0.14935926070500166,0.14343427956444654,36.66417137315776,39,21,0,False
8.5,4,0.8,0.8832695213094016,0.6721254869689784,174.04326222587238,0.013499999999999998,0.011329774098172606,0.1295896414664039,0.13040657458389962,39.077198377615574,39,21,0,False
8.5,4,0.8,0.8741159812603077,0.6640801195404739,175.4993997460294,0.013499999999999998,0.011318486958713474,0.1284879352148228,0.1284484125177378,39.41411630100908,39,21,0,False
8.5,4,0.8,0.8524581410648234,0.6597625840353911,179.71323070551375,0.013499999999999998,0.011306835687973943,0.1306080527834544,0.1275721248756639,39.56705691010499,39,21,0,False
8.5,4,0.8,0.8756317150589087,0.6706624643042343,174.39412269490938,0.013499999999999998,0.011325818742679778,0.13033661444473435,0.13010733606591227,39.128140619881,39,21,0,False
8.5,4,0.8,0.883112021325091,0.6797908193354194,173.57753928786386,0.013499999999999998,0.011337729036223786,0.13204459726721698,0.13216451491371606,38.748488878907004,39,21,0,True
8.5,4,0.8,0.8806317985889359,0.679812452784966,173.85513644292027,0.013499999999999998,0.011336984039995408,0.13244799424410192,0.13218760029514118,38.74392261072045,39,21,0,False
8.5,4,0.8,0.8921921539782589,0.6795425560815672,173.81038258485023,0.013499999999999998,0.011340209029026093,0.13053430126360488,0.13204424413095403,38.7723018679386,39,21,0,True
8.5,4,0.8,0.882301684215713,0.6622398840920799,176.1518283665347,0.013499999999999998,0.011319253170573508,0.12662365111798646,0.1278933805493025,39.510784542245666,39,21,0,False
8.5,4,0.8,0.8782706012473862,0.6648324547006718,175.4373353376874,0.013499999999999998,0.011320659219353352,0.1280687924507733,0.1285960679838811,39.388441314783464,39,21,0,False
8.5,4,0.8,0.8818314843389713,0.6668537719038548,175.12894125006906,0.013499999999999998,0.011323928495085945,0.12814728279761603,0.1290736243371953,39.30563638332678,39,21,0,False
8.5,4,0.8,0.880375268664038,0.6634052463041235,175.83019042987766,0.013499999999999998,0.011319892944209478,0.12728778278140568,0.1282092281802323,39.455688773531435,39,21,0,False
8.5,4,0.8,0.8799854800556903,0.6688138335475035,174.631433114803,0.013499999999999998,0.011325280567951913,0.12905986198518662,0.1295944511473943,39.21591083038027,39,21,0,False
8.5,4,0.8,0.882137298242001,0.6493398137125194,179.12378801853222,0.013499999999999998,0.01130604059892282,0.12261316355118192,0.12460295837035555,40.098579856583946,39,21,0,False
8.5,4,0.8,0.8739493288343791,0.6528784212471652,177.95689535329817,0.013499999999999998,0.011306852964431043,0.1249796216205955,0.1255983760536074,39.91804781316625,39,21,0,False
8.5,4,0.8,0.8845881022140113,0.6691588786960014,174.7199545434145,0.013499999999999998,0.011327114503963003,0.12844620948564736,0.12963660698311863,39.20867479700995,39,21,0,False
8.5,4,0.8,0.8785459939526806,0.6666536809173599,175.0542224160429,0.013499999999999998,0.011322657425591244,0.12860033718341254,0.1290559466445773,39.30869243429959,39,21,0,False
8.5,4,0.8,0.89237358788622,0.6839553533366344,173.7526350548005,0.013499999999999998,0.011344829632026212,0.1319009053707959,0.13298839217913055,38.585831382232314,39,21,0,True
8.5,4,0.8,0.881332310521387,0.6656714191870886,175.35699400367704,0.013499999999999998,0.01132244898601313,0.1278561180039967,0.12878074193736852,39.35635922965556,39,21,0,False
8.5,4,0.8,0.8842837851521368,0.6865648340280112,174.06204716202018,0.013499999999999998,0.01134511680854749,0.13401680142588354,0.13360078115198337,38.46567724149789,39,21,0,False
8.5,4,0.8,0.8816089583758387,0.6763793943450929,173.5904392851257,0.013499999999999998,0.011333735684512701,0.13119851351336762,0.13144420424395264,38.89165491530329,39,21,0,True
8.5,4,0.8,0.886013773069668,0.7791962479918872,186.89464605202187,0.013499999999999998,0.011436828789350782,0.16425019932850438,0.15297425508279675,35.07397395880477,39,21,0,False
8.5,4,0.8,0.8756234152945505,0.6826765966356719,175.0942064185984,0.013499999999999998,0.01133840651599996,0.13417352140065722,0.13283524141122952,38.61605355518019,39,21,0,False
8.5,4,0.8,0.8828611530781207,0.676156021134624,173.62691559104672,0.013499999999999998,0.011333895678141744,0.1309286574214265,0.1313866431193647,38.90316127771378,39,21,0,True
8.5,4,0.8,0.8837780132006817,0.5361409898675558,218.45832989236027,0.013499999999999998,0.01121880193803287,0.08885753274590662,0.09537666537667673,46.48553319590751,39,21,0,False
8.5,4,0.8,0.8934270300165469,0.6697392347095219,174.91057047972672,0.013499999999999998,0.01133055720702212,0.12725810487375386,0.12969501052945484,39.19865634725756,39,21,0,False
8.5,4,0.8,0.8813463735031287,0.6808956580595851,173.86123041588283,0.013499999999999998,0.01133829970537595,0.1326801060030696,0.13241528874731923,38.698970761741776,39,21,0,False
8.5,4,0.8,0.8866367296645349,0.6394855820788669,181.74778793302798,0.013499999999999998,0.011297727727823042,0.11888844182092487,0.1220388997875626,40.574684670375746,39,21,0,False
8.5,4,0.8,0.8931183405190652,0.6655529103790652,175.8194560316586,0.013499999999999998,0.011326194494194551,0.12599529567567264,0.12862602135496776,39.38323249367889,39,21,0,False
8.5,4,0.8,0.8846238024738936,0.6698230858718774,174.58109568888602,0.013499999999999998,0.011327832873779078,0.12864932939880103,0.12980510084352787,39.179792122495115,39,21,0,False
8.5,4,0.8,0.910028325410096,0.6874416516856876,174.15510356975994,0.013499999999999998,0.011353777155376877,0.1302569575187104,0.13360286669135277,38.465269927336394,39,21,0,True
8.5,4,0.8,0.8829697066093788,0.6750116729199048,173.6479669267764,0.013499999999999998,0.011332739583023253,0.13054851083016533,0.13114067016407238,38.95244403383514,39,21,0,True
8.5,4,0.8,0.8685821885261272,0.6744896651106784,175.32340067319888,0.013499999999999998,0.01132761050562832,0.1326947686031657,0.13114155112558368,38.952267197509514,39,22,0,False
8.5,4,0.8,0.8821212920126106,0.6599812338195385,176.6550645573206,0.013499999999999998,0.011316908336134277,0.12594090183392645,0.12731687653417048,39.611935959180336,39,22,0,False
8.5,4,0.8,0.8798172072586871,0.6793238105576713,173.93290421499697,0.013499999999999998,0.011336162579161507,0.13242516102575022,0.1320908027356181,38.76307969958898,39,22,0,False
8.5,4,0.8,0.8801143260872417,0.6820130024152795,174.21467574486294,0.013499999999999998,0.011339067502911191,0.13323531632996197,0.1326634981919434,38.650027738179794,39,22,0,False
8.5,4,0.8,0.8826200935537524,0.6970307339556215,175.69430760836744,0.013499999999999998,0.011355493774090305,0.13764437212095412,0.13584135181076445,38.035272220463995,39,22,0,False
8.5,4,0.8,0.879658821479257,0.695941423384102,176.07982232025537,0.013499999999999998,0.011353461317745284,0.1377810607879791,0.13562783032316222,38.07567891240815,39,22,0,False
8.5,4,0.8,0.879492332345778,0.6886233045907879,175.16336159968404,0.013499999999999998,0.011345746432570277,0.13545415454547524,0.13407293583856947,38.3737862680703,39,22,0,False
8.5,4,0.8,0.8864415005865599,0.6461787703576809,180.06530023130142,0.013499999999999998,0.011304299241113333,0.12098369187726649,0.12374709539232738,40.25574170233354,39,22,0,False
8.5,4,0.8,0.9556696637681936,0.7035936259666247,175.0289273825136,0.013499999999999998,0.011382781001958543,0.128496424736774,0.13677350120479223,37.86033913373465,39,22,0,True
8.5,4,0.8,0.8903700706477069,0.6985100761341513,174.5082111464716,0.013499999999999998,0.011359195991717894,0.13686092863618696,0.13611341164949747,37.983970130149,39,22,0,False
8.5,4,0.8,0.8975829967900533,0.6764508023204094,174.01200024868928,0.013499999999999998,0.011338794779356193,0.12872077680771554,0.13133307256987087,38.91387894464222,39,22,0,True
8.5,4,0.8,0.8966760737424233,0.6944296497377052,173.74119075559204,0.013499999999999998,0.011356907287862966,0.13454467009455223,0.13519794959879483,38.157413990594605,39,22,0,True
8.5,4,0.8,0.8705318475288936,0.7101906271467919,179.63223565250934,0.013499999999999998,0.011365565139965556,0.1439569295052817,0.13870651912698767,37.504038931748894,39,22,0,False
8.5,4,0.8,0.87939229437342,0.6753525925810646,173.54838247043114,0.013499999999999998,0.01133197697491956,0.13122504257852832,0.13124139626875864,38.93224048588308,39,22,0,True
8.5,4,0.8,0.8781133756347731,0.6736061365924512,173.6216206354451,0.013499999999999998,0.011329745583071522,0.13087398011868429,0.13083118313065306,39.00524736156504,39,22,0,False
8.5,4,0.8,0.9036953125903453,0.6700767663972533,175.20995137608745,0.013499999999999998,0.01133421745093748,0.12579985316897688,0.1296739057965722,39.20227574863314,39,22,0,False
8.5,4,0.8,0.8942970591094176,0.6789489604427916,173.87728568279277,0.013499999999999998,0.011340277371637876,0.13001741293182767,0.131899215379478,38.80105044188893,39,22,0,True
8.5,4,0.8,0.8798017546463458,0.680122566342949,174.03741398154054,0.013499999999999998,0.011337033359184545,0.1326807523134624,0.1322606167320664,38.72949044947112,39,22,0,False
8.5,4,0.8,0.9373335757910307,0.7131254530224906,174.49687291754128,0.013499999999999998,0.011386881201151142,0.1341523427615496,0.13898212951266536,37.453575414182346,39,22,0,True
8.5,4,0.8,0.8718887060422722,0.7076506456014611,179.03794969923126,0.013499999999999998,0.011363387772324499,0.14288909802719135,0.1381626188719682,37.60398629959992,39,22,0,False
8.5,4,0.8,0.8542821525477197,0.7295332919028386,185.5036545159443,0.013499999999999998,0.011381049385337386,0.1532662982711643,0.1428212876736995,36.77058103348387,39,22,0,False
8.5,4,0.8,0.8780695267477242,0.6619004983965232,176.06973118531613,0.013499999999999998,0.011317516497005565,0.1271766143391473,0.12785148113840544,39.5181104299107,39,22,0,False
8.5,4,0.8,0.8808231565181119,0.6771006456248723,173.5581020669586,0.013499999999999998,0.011334231812167172,0.13155333840361763,0.13160496930118315,38.859571294090465,39,22,0,True
8.5,4,0.8,0.8763208736691108,0.6762557520268694,174.17553637184417,0.013499999999999998,0.011331960639836372,0.13200452267891485,0.13145795946094185,38.888906756425236,39,22,0,False
8.5,4,0.8,0.8744614447262147,0.6858067774221561,175.70293182991645,0.013499999999999998,0.011341339926751567,0.1353683911443076,0.1335065166238247,38.484100748737866,39,22,0,False
8.5,4,0.8,0.9005688868406078,0.66373151895883,176.51193012595496,0.013499999999999998,0.011326815838271985,0.12429899323612027,0.12807563251775173,39.478965264128384,39,22,0,False
8.5,4,0.8,0.8781096741050243,0.6580817841904112,176.9235032696596,0.013499999999999998,0.011313563362593095,0.12596910254132834,0.12687791618250632,39.68946829338184,39,22,0,False
8.5,4,0.8,0.8803083102851617,0.6735177648597711,173.65696267972586,0.013499999999999998,0.011330343123154143,0.13049672339346555,0.13078812544354074,39.012525822457164,39,22,0,False
8.5,4,0.8,0.8756088840039667,0.6664173416845373,175.00021970199668,0.013499999999999998,0.011321461838306754,0.12898976200695586,0.1290253077441577,39.31399082733392,39,22,0,False
8.5,4,0.8,0.8764030400710581,0.6736046806663165,173.90586372614774,0.013499999999999998,0.011329207781166558,0.13114667813638697,0.13084665396992945,39.002633151327956,39,22,0,False
8.5,4,0.8,0.9362384241872551,0.6765449560094917,175.0749216277228,0.013499999999999998,0.011351067635337182,0.12301067614375862,0.13099428408973568,38.977713044556,39,22,0,True
8.5,4,0.8,0.8778938629497833,0.6720384997641923,173.8798809786624,0.013499999999999998,0.01132800010261212,0.1304123384817048,0.1304352005652953,39.072335335498074,39,22,0,False
8.5,4,0.8,0.877732831779137,0.6823976420970621,174.68526138718406,0.013499999999999998,0.011338767146481002,0.13374163174783124,0.1327611608069155,38.630697365394006,39,22,0,False
8.5,4,0.8,0.8802585792553508,0.681510985044578,174.13066099099342,0.013499999999999998,0.011338644314782294,0.13304958784483442,0.1325538785335088,38.671684475766064,39,22,0,False
8.5,4,0.8,0.880536422519918,0.686302975501345,174.68654328339215,0.013499999999999998,0.011343697638185572,0.1345382328942668,0.13357106560503298,38.47148218621516,39,22,0,False
8.5,4,0.8,0.8764861454613401,0.6781973053247066,174.38278516381632,0.013499999999999998,0.011334001544172538,0.1325993705366188,0.13187301643105695,38.806250471246166,39,22,0,False
8.5,4,0.8,0.8849514291751616,0.6839734086922951,173.61409792598522,0.013499999999999998,0.011342566802430799,0.13308543353109678,0.13304634609208876,38.57441313469,39,22,0,False
8.5,4,0.8,0.880237780317827,0.6776582270098788,173.65944861997843,0.013499999999999998,0.011334618509547872,0.13182470955529557,0.13172916458047698,38.834839146809955,39,22,0,False
8.5,4,0.8,0.8801300583726337,0.6785542560654544,173.78603967023403,0.013499999999999998,0.011335490461632208,0.13212843291453863,0.13192269903727222,38.79639109358596,39,22,0,False
8.5,4,0.8,0.8777768267952325,0.6677712972714611,174.7838097175471,0.013499999999999998,0.011323548823664074,0.1290762964737321,0.1293487889513697,39.25815706783977,39,22,0,False
8.5,4,0.8,0.8717769537568273,0.6502332704312046,178.48678870893835,0.013499999999999998,0.011303404287707378,0.12448642863190068,0.12495118545527911,40.03515086454305,39,22,0,False
8.5,4,0.8,0.8882480448774731,0.6683052533157013,175.0326239550641,0.013499999999999998,0.011327392162584545,0.12760860931025209,0.12938218139612406,39.25240673327677,39,22,0,False
8.5,4,0.8,0.8790425832715547,0.6661037929291035,175.1888844419393,0.013499999999999998,0.011322228861934604,0.1283490217380753,0.12891162765015898,39.333667959736005,39,22,0,False
8.5,4,0.8,0.8847794523658645,0.6852053004150667,173.7981123872121,0.013499999999999998,0.011343779891544262,0.1335062452025382,0.1333101472542498,38.52256369271387,39,22,0,False
8.5,4,0.8,0.8808946451290475,0.6804637374801119,173.88654895209072,0.013499999999999998,0.011337705201695823,0.13261501646337034,0.13232625086845567,38.71653094949183,39,22,0,False
8.5,4,0.8,0.8794709051853815,0.6850936459337852,174.71658186255465,0.013499999999999998,0.011342057237204804,0.1343256818403021,0.13332301607812252,38.52003960487498,39,22,0,False
8.5,4,0.8,0.8777073401381049,0.6778903250996327,174.13071073902594,0.013499999999999998,0.011334068961949674,0.13230444701961142,0.1317980054473233,38.82115018734112,39,22,0,False
8.5,4,0.8,0.9017449703334139,0.6065696117709798,191.90967001698746,0.013499999999999998,0.011272980993269977,0.10680901796840543,0.11340790471608168,42.295953364576086,39,22,0,False
8.5,4,0.8,0.8953792517492555,0.6903678407046291,173.74951444637244,0.013499999999999998,0.011352337040827406,0.1334600397555438,0.1343373764960685,38.3226022060508,39,22,0,True
8.5,4,0.8,0.8811545598101023,0.6767103408354169,173.57316323096362,0.013499999999999998,0.011333934749893798,0.1313761615955357,0.13151867582888774,38.87678304598017,39,22,0,True
8.5,4,0.8,0.9101199143714496,0.5,243.51141163048615,0.013499999999999998,0.01123765818049287,0.07591917552507893,0.08325549453023909,49.36884449973535,39,22,0,False
8.5,4,0.8,0.8911889620650655,0.6931462308554993,173.6873838703808,0.013499999999999998,0.011353958425064354,0.13501131704728928,0.13495956030548556,38.20296315042142,39,22,0,False
8.5,4,0.8,0.8753327563050552,0.6803773564971651,174.85569771686932,0.013499999999999998,0.011335906232851236,0.13348395102405639,0.13234800704777538,38.71223799602243,39,22,0,False
8.5,4,0.8,0.8848695849556849,0.6228297414936328,186.09838390072582,0.013499999999999998,0.011280851232863227,0.11405566844296491,0.11781800608741518,41.3912462823245,39,22,0,False
8.5,4,0.8,0.8828068007717961,0.6794891377897863,173.57529552495188,0.013499999999999998,0.011337336817794731,0.13199667082913905,0.13210168919097262,38.76092378193505,39,22,0,True
8.5,4,0.8,0.8852183879720873,0.6774112310330687,173.6676285720321,0.013499999999999998,0.011335915475548372,0.13095419233437178,0.13163805417403343,38.852978266712284,39,22,0,True
8.5,4,0.8,0.8971836214819586,0.7178806508770649,175.82928818570835,0.013499999999999998,0.011380784560731567,0.1419883762805927,0.140215122337446,37.23023805912995,39,22,0,False
8.5,4,0.8,0.8805969269811711,0.6835818237952858,174.3271938504109,0.013499999999999998,0.011340836534968271,0.13365943660639237,0.13299367439998042,38.58479025158241,39,22,0,False
8.5,4,0.8,0.8923649840527197,0.6836628794206183,173.7565200374947,0.013499999999999998,0.011344527243747045,0.1318095532998283,0.13292598986784906,38.598137200104354,39,23,0,True
8.5,4,0.8,0.8880550499495148,0.7251064864200489,178.4425156050263,0.013499999999999998,0.01138555573229556,0.14586284095377539,0.14179069727560986,36.95046632261074,39,23,0,False
8.5,4,0.8,0.882498747203126,0.6901882300508903,174.83123862607698,0.013499999999999998,0.01134827769230614,0.1354675340047431,0.1343861973717643,38.31317459417082,39,23,0,False
8.5,4,0.8,0.8790086343731901,0.6793301242206964,174.07541025775018,0.013499999999999998,0.011335918859411624,0.13255698122987178,0.1320981360980411,38.76162738590225,39,23,0,False
8.5,4,0.8,0.8791845063793589,0.6732655649101346,173.67074310094523,0.013499999999999998,0.01132971851772457,0.1305955232730576,0.1307346530727081,39.02157035072893,39,23,0,False
8.5,4,0.8,0.8860808970210651,0.7051296683890503,176.11891323178696,0.013499999999999998,0.011364753524542772,0.13969322565721087,0.1375549553160092,37.71549671609308,39,23,0,False
8.5,4,0.8,0.8796982705815125,0.6632297270059976,175.84335925761695,0.013499999999999998,0.011319485478563734,0.12733846285474723,0.1281716450004078,39.46223283557851,39,23,0,False
8.5,4,0.8,0.8801908828578461,0.7191502464342703,179.07173441146278,0.013499999999999998,0.011377426971652097,0.14524667866686294,0.14055713158809552,37.16897908789649,39,23,0,False
8.5,4,0.8,0.907984006410409,0.6468787958439819,180.8570091792888,0.013499999999999998,0.011312723256467344,0.1180270727557871,0.12364728841758328,40.27418772296065,39,23,0,False
8.5,4,0.8,0.8928517319452457,0.7030939877219945,174.66175364851955,0.013499999999999998,0.011364648263516812,0.13792831279605083,0.13707973290906234,37.80338436198921,39,23,0,False
8.5,4,0.8,0.890069462746496,0.6773083742706093,173.79686499719287,0.013499999999999998,0.011337321054406683,0.13015814201619202,0.131578118143956,38.86492451337912,39,23,0,True
8.5,4,0.8,0.8720368578055262,0.6597434388980632,176.43281038605159,0.013499999999999998,0.01131331605932471,0.12744330591485153,0.12736479765504322,39.60349878690635,39,23,0,False
8.5,4,0.8,0.8938788850791555,0.6406232471674279,181.7930368935587,0.013499999999999998,0.011301482668699344,0.11816894706753861,0.12223346691770381,40.53809576468145,39,23,0,False
8.5,4,0.8,0.8784850425891614,0.6800146427784726,174.25574461991292,0.013499999999999998,0.011336520759571181,0.13285778316838862,0.1322469779410031,38.73218504048364,39,23,0,False
8.5,4,0.8,0.8777252580672625,0.6757538499326434,173.86749464626763,0.013499999999999998,0.011331877023327329,0.13161909636587654,0.13133993087307147,38.912506343172645,39,23,0,False
8.5,4,0.8,0.8810330928866446,0.6759640627229891,173.58203273580185,0.013499999999999998,0.011333126990847145,0.13115802728977377,0.13135960479942596,38.9085696501573,39,23,0,True
8.5,4,0.8,0.8702662219843698,0.6811918356283979,175.86480592690492,0.013499999999999998,0.0113352414786997,0.13457012033173407,0.1325565895643187,38.67115127859804,39,23,0,False
8.5,4,0.8,0.8793173867364161,0.6849318106310167,174.72328070762396,0.013499999999999998,0.011341843864869312,0.13429862853862629,0.1332896313093579,38.526588692141466,39,23,0,False
8.5,4,0.8,0.9182471954283506,0.7275288801702712,174.05236980657526,0.013499999999999998,0.011395903453714776,0.14167733032182145,0.1421869188031241,36.881077360328185,39,23,0,True
8.5,4,0.8,0.8923990600050979,0.6729880024583084,174.1768421435383,0.013499999999999998,0.011333565119859026,0.12843584356240523,0.13053759403885418,39.054955098556235,39,23,0,False
8.5,4,0.8,0.9243988308848428,0.72254530290659,174.17370547653115,0.013499999999999998,0.011392578636135445,0.13911492444427995,0.1410874077768615,37.0745819471288,39,23,0,True
8.5,4,0.8,0.8878450104605685,0.6968459104457914,174.74017604537022,0.013499999999999998,0.01135676078334132,0.1367356110010793,0.1357724348392416,38.04830023577652,39,23,0,False
8.5,4,0.8,0.8795165215361058,0.6785116975341825,173.888276829981,0.013499999999999998,0.01133525760426456,0.13221308281062058,0.13191811937253123,38.797299606899536,39,23,0,False
8.5,4,0.8,0.8844228020769082,0.6677352029503534,175.02613832473844,0.013499999999999998,0.01132563414578323,0.1280216816635291,0.12927348390528315,39.27113406309366,39,23,0,False
8.5,4,0.8,0.8799543986592949,0.6897037073973481,175.2197954440049,0.013499999999999998,0.011347012021782813,0.13572583703350333,0.13429964339848163,38.32989338017426,39,23,0,False
8.5,4,0.8,0.9024655784479662,0.6858408026022648,173.98014976184317,0.013499999999999998,0.011349798480741352,0.13092105293538353,0.1333179600915738,38.521031226713895,39,23,0,True
8.5,4,0.8,0.900156517437079,0.6344217846541863,183.71257142225355,0.013499999999999998,0.011297770217245618,0.11536994954868691,0.12055913599946444,40.85606632170602,39,23,0,False
8.5,4,0.8,0.877321951122116,0.6784246535302082,174.263028388154,0.013499999999999998,0.011334490127178685,0.1325376731938903,0.13191569956967064,38.797779672386376,39,23,0,False
8.5,4,0.8,0.890792911410385,0.682182690025024,173.735812784525,0.013499999999999998,0.011342508052429355,0.13158881572754022,0.13262221931440496,38.65820663918639,39,23,0,True
8.5,4,0.8,0.8899393409668847,0.6818893417462036,173.72433219969648,0.013499999999999998,0.011342014458657486,0.13162770779825528,0.1325636606354698,38.6697606640238,39,23,0,True
8.5,4,0.8,0.9423739911550841,0.6802478667047982,175.15370015605842,0.013499999999999998,0.01135656190111717,0.12326373203601904,0.13177000989159873,38.82671536979895,39,23,0,True
8.5,4,0.8,0.8796360913422017,0.676745274596119,173.65404254761197,0.013499999999999998,0.011333498006025254,0.13162951456580949,0.13153774184057737,38.872978282926034,39,23,0,False
8.5,4,0.8,0.8773006202818663,0.6675441467270905,174.8076409324767,0.013499999999999998,0.011323089587090942,0.1290823485660271,0.12929810574412523,39.266889696785896,39,23,0,False
8.5,4,0.8,0.884918228268709,0.6757446614340329,173.6878178957739,0.013499999999999998,0.011334112729923037,0.13047274698414943,0.1312824032790602,38.924024174424986,39,23,0,True
8.5,4,0.8,0.8793224512365568,0.6696896650487715,174.43589738507478,0.013499999999999998,0.011326104167353896,0.1294369922716985,0.12981977499272332,39.17727969339729,39,23,0,False
8.5,4,0.8,0.8826720890837093,0.6865391033032933,174.34174148846233,0.013499999999999998,0.011344606931034396,0.13426795731673685,0.13360622635970731,38.464613797403565,39,23,0,False
8.5,4,0.8,0.8831932224249374,0.6879517014237495,174.42622507823955,0.013499999999999998,0.01134619026032281,0.13463745439720046,0.1339045725706056,38.40647902414038,39,23,0,False
8.5,4,0.8,0.8787158584926484,0.6847139580049459,174.80216661130916,0.013499999999999998,0.011341436925425195,0.13432619083067104,0.1332473981485206,38.5348782665664,39,23,0,False
8.5,4,0.8,0.8796596816633515,0.6771621881908272,173.7004732757284,0.013499999999999998,0.01133393301310289,0.1317587445078493,0.13162700582691417,38.8551795728142,39,23,0,False
8.5,4,0.8,0.8775780636770678,0.6906864823366197,175.7710813278997,0.013499999999999998,0.011347346914164067,0.13642971335756443,0.1345232365937169,38.286747910508055,39,23,0,False
8.5,4,0.8,0.8938834204177142,0.702118203905076,174.35188924750426,0.013499999999999998,0.01136388545635178,0.13745069536265908,0.1368662960729404,37.84305394476407,39,23,0,False
8.5,4,0.8,0.8794175129265831,0.700043480527775,176.65660143263818,0.013499999999999998,0.011357649849356456,0.13914702153593986,0.13650332142074412,37.910798956854784,39,23,0,False
8.5,4,0.8,0.8787319914302038,0.6692942002716046,174.4940457866088,0.013499999999999998,0.011325457216708383,0.1294069059175258,0.1297264388204087,39.19326830940137,39,23,0,False
8.5,4,0.8,0.8811549992160186,0.6814212696811376,173.96194113764733,0.013499999999999998,0.011338819340670207,0.13287721907271186,0.1325283649768722,38.67670346409363,39,23,0,False
8.5,4,0.8,0.8801377395988149,0.6825402034844446,174.2795181952415,0.013499999999999998,0.011339655097879108,0.13339876872171005,0.13277437227865846,38.62808460270834,39,23,0,False
8.5,4,0.8,0.8825906304453323,0.668296837753262,174.84116471102845,0.013499999999999998,0.011325639136218679,0.12848472692350804,0.12943473798257582,39.24336126879631,39,23,0,False
8.5,4,0.8,0.879967878048346,0.6779083015952022,173.73674240477388,0.013499999999999998,0.011334788512845447,0.13194776501205552,0.13178494702048524,38.823745754434604,39,23,0,False
8.5,4,0.8,0.8936999552182482,0.5627330921951076,207.28150716371752,0.013499999999999998,0.01123684050708139,0.09512977752736648,0.10208839517291404,44.80517526701123,39,23,0,False
8.5,4,0.8,0.8970247590159339,0.6914150646626874,173.77676103202955,0.013499999999999998,0.011353883936778568,0.133533066557605,0.1345508095474231,38.28143721530637,39,23,0,True
8.5,4,0.8,0.8796946726896528,0.6768199364311773,173.65287232304894,0.013499999999999998,0.011333592975946806,0.13164396368589662,0.13155330930335302,38.86987249426213,39,23,0,False
8.5,4,0.8,0.9187634049822545,0.7315250399083791,174.0611588100941,0.013499999999999998,0.011399863685629247,0.1428783126212029,0.1430439071763462,36.73183150074452,39,23,0,True
8.5,4,0.8,0.8890143481594175,0.6936627344253807,174.1280321216479,0.013499999999999998,0.0113537996975729,0.13552758572732576,0.13508549066619124,38.178881646483596,39,23,0,False
8.5,4,0.8,0.8784966197415027,0.6678489077530425,174.79428731295846,0.013499999999999998,0.011323875454927874,0.12898657000011837,0.1293609013829855,39.25607096382671,39,23,0,False
8.5,4,0.8,0.8793201244196235,0.7256051842594676,180.12407865898243,0.013499999999999998,0.011383743332125875,0.14751762826208595,0.14192638738022192,36.926660178032286,39,23,0,False
8.5,4,0.8,0.8735967667541833,0.6853067373889115,175.79410955296092,0.013499999999999998,0.011340561590582682,0.1353488755252139,0.13340602981080743,38.50376900614497,39,23,0,False
8.5,4,0.8,0.8809740963873366,0.678820500325689,173.670474687516,0.013499999999999998,0.011336018742210394,0.13207862300400627,0.13197373304060642,38.78627121200234,39,23,0,False
8.5,4,0.8,0.888950268520411,0.6872166551544682,173.62723000063906,0.013499999999999998,0.011347170112961371,0.13347875901527947,0.13370833347558772,38.44468838722002,39,23,0,True
8.5,4,0.8,0.8826823265753204,0.6831879915824368,173.91341043839097,0.013499999999999998,0.011341086270323061,0.13319735467736368,0.1328945880978631,38.604334042772145,39,23,0,False
8.5,4,0.8,0.8956466809838782,0.6872736605234492,173.79109941655477,0.013499999999999998,0.011349224810121973,0.13243715589686866,0.13367397174287363,38.45139041939707,39,24,0,True
8.5,4,0.8,0.8878832831200278,0.7303982540970255,179.2002831123199,0.013499999999999998,0.011390794273783249,0.1476272027526703,0.1429147068577251,36.754305706443134,39,24,0,False
8.5,4,0.8,0.8848521574368804,0.6838141901876142,173.61140210758094,0.013499999999999998,0.011342371597407813,0.133050559391044,0.13301315959208462,38.580950417292996,39,24,0,False
8.5,4,0.8,0.8782492320179683,0.6753950289173865,173.7316254225054,0.013499999999999998,0.01133166401944517,0.13142107016274715,0.1312592579966809,38.928661018196905,39,24,0,False
8.5,4,0.8,0.8772997841653803,0.662320528912283,175.9498886442959,0.013499999999999998,0.011317712715356459,0.12742921221391085,0.12796627655582352,39.49804859898794,39,24,0,False
8.5,4,0.8,0.8805882119772279,0.7015681032182761,176.64025848461642,0.013499999999999998,0.0113595099012009,0.1394489631480886,0.13682372560420517,37.85098079519157,39,24,0,False
8.5,4,0.8,0.8807436343783284,0.6551877715740108,177.68966500525806,0.013499999999999998,0.011311490162690771,0.12465294752478158,0.12611027752371212,39.82613594936518,39,24,0,False
8.5,4,0.8,0.8802975915568744,0.7433637794219463,182.45909112472566,0.013499999999999998,0.011401669910348133,0.15323266145537764,0.1456643299342667,36.2835793512903,39,24,0,False
8.5,4,0.8,0.8862412759488044,0.6474258626014319,179.75707378817486,0.013499999999999998,0.011305519735210531,0.12139844584506805,0.12406609716459249,40.19695141582028,39,24,0,False
8.5,4,0.8,0.8875885344543633,0.6616280802002382,176.49008398786796,0.013499999999999998,0.011320384245153983,0.12561481885961606,0.12767919350012175,39.54827612841062,39,24,0,False
8.5,4,0.8,0.8795513373749165,0.6802024510776187,174.0908417166585,0.013499999999999998,0.01133703463769685,0.13274666152475556,0.13227969054144945,38.725722997544196,39,24,0,False
8.5,4,0.8,0.8775559033541922,0.6939134611076098,176.18905166206207,0.013499999999999998,0.01135066441426397,0.13747563539871788,0.13521079659804008,38.154963845154334,39,24,0,False
8.5,4,0.8,0.9017858751357236,0.6793457678284295,174.06681369788237,0.013499999999999998,0.011342992189842131,0.12898488085676843,0.13192560716847418,38.795814211410054,39,24,0,True
8.5,4,0.8,0.8784523066243516,0.680786722599376,174.3553840160421,0.013499999999999998,0.011337293432710562,0.13311063453886837,0.1324130884602006,38.699404423156224,39,24,0,False
8.5,4,0.8,0.8779087755428323,0.6829982512788263,174.72933616983204,0.013499999999999998,0.0113394338269285,0.13390602498382762,0.13288778434811818,38.60567708468098,39,24,0,False
8.5,4,0.8,0.869456982412578,0.6851489732165343,176.51923391634224,0.013499999999999998,0.011339138104554228,0.13597971768888112,0.13340001804897106,38.5049466251619,39,24,0,False
8.5,4,0.8,0.8766198650366002,0.6864063419515524,175.39664643481626,0.013499999999999998,0.011342650209576102,0.13520702727914927,0.1336184865569325,38.46221970890621,39,24,0,False
8.5,4,0.8,0.8787435424330199,0.6778010942738227,173.93808331139246,0.013499999999999998,0.011334299826405539,0.13210956218685127,0.1317710952030515,38.82649957905059,39,24,0,False
8.5,4,0.8,0.8556076072410966,0.6948134136849868,180.35957026140875,0.013499999999999998,0.011345170327727808,0.1414710143048633,0.1355250938186369,38.095165781882045,39,24,0,False
8.5,4,0.8,0.8916899130057606,0.6848949445695532,173.72020797889093,0.013499999999999998,0.01134555923935094,0.13230780838495457,0.1331947984658438,38.54520994123505,39,24,0,True
8.5,4,0.8,0.9333309668822887,0.6641314009431664,177.72216348161356,0.013499999999999998,0.011338162099495872,0.11965140869810656,0.12779215049130954,39.52849092681321,39,24,0,False
8.5,4,0.8,0.8821217694431269,0.6867541084253397,174.46142578737377,0.013499999999999998,0.011344606437128533,0.1344278622650193,0.13365741967722403,38.454620019790305,39,24,0,False
8.5,4,0.8,0.8781156948161998,0.6782327132811512,174.10033485415252,0.013499999999999998,0.011334542339470387,0.13234850326052874,0.13186854261355888,38.80713865032545,39,24,0,False
8.5,4,0.8,0.8870089565796155,0.6907567490080394,174.11136345354603,0.013499999999999998,0.011350219758777293,0.13492041274846023,0.13447758536767557,38.29554534530531,39,24,0,False
8.5,4,0.8,0.8842263371946186,0.6791312167513939,173.61104314188896,0.013499999999999998,0.01133733554731119,0.13165957228157238,0.13201629846526125,38.77783656637199,39,24,0,True
8.5,4,0.8,0.8622026072810868,0.6865406862867476,178.02870079283923,0.013499999999999998,0.011338437617389193,0.13763928987913454,0.13373965300186422,38.43858271258096,39,24,0,False
8.5,4,0.8,0.8969412260324466,0.7621350298143855,182.03426362374395,0.013499999999999998,0.01142365279706686,0.15655696987514298,0.14958709892217265,35.637009898835714,39,24,0,False
8.5,4,0.8,0.877127100801421,0.6825100549114697,174.80685192269235,0.013499999999999998,0.0113387008570066,0.13387567391954197,0.13278920316360165,38.62515219711045,39,24,0,False
8.5,4,0.8,0.886472137997791,0.6877783005688137,173.82755996430114,0.013499999999999998,0.011346963775897782,0.13405568715849578,0.13384638929640297,38.417796123390445,39,24,0,False
8.5,4,0.8,0.8867327790649084,0.6827951090813633,173.62745217534757,0.013499999999999998,0.011341937910949547,0.1324243854620753,0.13278131139581795,38.6267124987288,39,24,0,True
8.5,4,0.8,0.8101998586458166,0.6930277739826575,189.21128499342032,0.013499999999999998,0.011329918706846284,0.14909313097095872,0.13536191642370055,38.126177391120805,39,24,0,False
8.5,4,0.8,0.8818900813579954,0.685439065953599,174.33937473846706,0.013499999999999998,0.011343221183728968,0.13404247091162014,0.13337774731730012,38.50931007038982,39,24,0,False
8.5,4,0.8,0.8788590078278795,0.6861024358289171,174.9570403632905,0.013499999999999998,0.011342972688007165,0.13474633477241782,0.13354004596569594,38.47754463825622,39,24,0,False
8.5,4,0.8,0.8848686245087306,0.6781404003488617,173.64568653321263,0.013499999999999998,0.011336544048146128,0.13124158293097885,0.1317977330342103,38.82120432849944,39,24,0,True
8.5,4,0.8,0.8806740685562002,0.6643594732802905,175.628315919763,0.013499999999999998,0.011320950810538147,0.1275427429509558,0.12845084631095532,39.41369394817427,39,24,0,False
8.5,4,0.8,0.8839326253501107,0.6772539746875033,173.6366964018502,0.013499999999999998,0.011335355542028988,0.1311077686220034,0.13161413387109466,38.857744683572356,39,24,0,True
8.5,4,0.8,0.8754870831521375,0.677195152269063,174.43727536198855,0.013499999999999998,0.011332670324420861,0.13243919973838755,0.1316653801136493,38.84753534115664,39,24,0,False
8.5,4,0.8,0.8790772604020735,0.6857790113362453,174.87811424686336,0.013499999999999998,0.011342714146564256,0.13460668878071322,0.13346948680684842,38.491345142748514,39,24,0,False
8.5,4,0.8,0.8784550711738319,0.6807074456187774,174.34470605250502,0.013499999999999998,0.01133720671751642,0.1330850435827645,0.13239624665029545,38.70272430178786,39,24,0,False
8.5,4,0.8,0.8804599385765413,0.6814708227556705,174.09016504000445,0.013499999999999998,0.011338661578740538,0.13300450181871784,0.13254389996372742,38.67364721656266,39,24,0,False
8.5,4,0.8,0.880104842743413,0.7052266208391532,177.20532900830958,0.013499999999999998,0.011363135737325527,0.1407165913675966,0.13760764572534626,37.705789128236226,39,24,0,False
8.5,4,0.8,0.8856677982137943,0.6753149053214129,173.71469582166324,0.013499999999999998,0.011333901769484863,0.13021852275839524,0.13118435688657043,38.943677600214855,39,24,0,True
8.5,4,0.8,0.878127200993938,0.6865451005022096,175.1405033444846,0.013499999999999998,0.011343175228906965,0.13500888166934794,0.133640115441835,38.45799723581862,39,24,0,False
8.5,4,0.8,0.8834277805784203,0.6870787594061636,174.2755510327918,0.013499999999999998,0.011345370921212943,0.13431968621849125,0.13371666064714077,38.443064744288286,39,24,0,False
8.5,4,0.8,0.8785107498894316,0.6776173220462335,173.9566681473664,0.013499999999999998,0.01133404068411695,0.13208811186839434,0.1317333675624487,38.83400297919559,39,24,0,False
8.5,4,0.8,0.8846372520420388,0.6727001192656347,173.97182256801509,0.013499999999999998,0.011330827153930528,0.12955524660948955,0.13053927195264656,39.05467047961273,39,24,0,False
8.5,4,0.8,0.8805304392743851,0.6812343080581718,174.04750051535075,0.013499999999999998,0.011338422765638262,0.13291823361178381,0.13249314734033485,38.68363457671506,39,24,0,False
8.5,4,0.8,0.8926156611731795,0.7625792282622701,182.9174059665038,0.013499999999999998,0.011423075229880482,0.15746645463103978,0.14968215292637022,35.62172156242444,39,24,0,False
8.5,4,0.8,0.8570522610376136,0.6727036723799199,177.30935523158476,0.013499999999999998,0.011322098321317047,0.134017602499199,0.1307944360296356,39.0114588323145,39,24,0,False
8.5,4,0.8,0.8777342382154758,0.6811195568480531,174.52485328046973,0.013499999999999998,0.011337441456650915,0.13333207857692525,0.13248885335632915,38.684479917318505,39,24,0,False
8.5,4,0.8,0.883480530610954,0.7821829921454932,187.91867864844244,0.013499999999999998,0.011438932353104036,0.16573292229041292,0.1535371193633581,34.97861772396353,39,24,0,False
8.5,4,0.8,0.8763375971477763,0.6723446015231719,174.07057744290384,0.013499999999999998,0.011327844525024142,0.13075712582639734,0.1305272632380309,39.056707612620606,39,24,0,False
8.5,4,0.8,0.8800587425139575,0.674385342680717,173.58109677963884,0.013499999999999998,0.011331175949240541,0.1308115385058135,0.13101151556876298,38.97480740991692,39,24,0,True
8.5,4,0.8,0.8785664534441976,0.7054725346549473,177.52468088458218,0.013499999999999998,0.01136305237854886,0.14104952907881688,0.1376649529188236,37.69523929289561,39,24,0,False
8.5,4,0.8,0.8829114227361557,0.6770415878447683,173.6135903456198,0.013499999999999998,0.01133482107358556,0.1312022151158879,0.13157633378801964,38.865280331016336,39,24,0,True
8.5,4,0.8,0.8805361370460306,0.6786288625912551,173.7240157327015,0.013499999999999998,0.011335691154005567,0.13208732808657422,0.13193572694041414,38.79380696240399,39,24,0,False
8.5,4,0.8,0.8780264828816622,0.6647695167125642,175.4400350706784,0.013499999999999998,0.011320495911762256,0.12808801072776585,0.1285831944866208,39.390680609631666,39,24,0,False
8.5,4,0.8,0.8848056619367403,0.678919832199472,173.6299539217686,0.013499999999999998,0.011337304778079002,0.13150007824216875,0.13196628599853436,38.78774745247174,39,24,0,True
8.5,4,0.8,0.8626695838611667,0.6768036713515503,176.67925246898844,0.013499999999999998,0.011328199293612687,0.13441011847307552,0.13167741524934395,38.84513883126676,39,25,0,False
8.5,4,0.8,0.8737039925723753,0.6662496134940764,175.28777076822894,0.013499999999999998,0.01132067106213669,0.12923905022074336,0.12900168348285257,39.31807761410026,39,25,0,False
8.5,4,0.8,0.8845480992586114,0.6797947225098366,173.61450949276386,0.013499999999999998,0.01133817678663768,0.13181719743869172,0.13215460799501222,38.75044894480181,39,25,0,True
8.5,4,0.8,0.8790784425568413,0.6820160051039235,174.39747636129505,0.013499999999999998,0.011338755348641096,0.1334031161187173,0.13267143245592725,38.648456245283775,39,25,0,False
8.5,4,0.8,0.8791803339627463,0.6808273500734212,174.23245624699288,0.013499999999999998,0.011337561184857773,0.13300628171727966,0.13241646749435823,38.69873844471763,39,25,0,False
8.5,4,0.8,0.8852403414995175,0.6845515076283154,173.636162178762,0.013499999999999998,0.011343250819635123,0.13322361361069737,0.1331674576788467,38.55058346455279,39,25,0,False
8.5,4,0.8,0.8830547371435074,0.6976145802964699,175.68479639167336,0.013499999999999998,0.011356127255198453,0.13776524108132598,0.13596627809638404,38.0116896740278,39,25,0,False
8.5,4,0.8,0.8939087259731275,0.7249118485320106,177.35393601109035,0.013499999999999998,0.011386911832079865,0.14481486624079432,0.14172756631019953,36.96155772065138,39,25,0,False
8.5,4,0.8,0.8803372658798359,0.7172005716294068,178.78004441303057,0.013499999999999998,0.011375512772555434,0.14458154570164042,0.14014311323869008,37.24317383915732,39,25,0,False
8.5,4,0.8,0.8810114511530351,0.6770460966284794,173.56391153957424,0.013499999999999998,0.011334234555077613,0.13150592866006158,0.1315918255564072,38.862191444168836,39,25,0,True
8.5,4,0.8,0.8931454468337334,0.6924729340792961,173.66985762483873,0.013499999999999998,0.011353795714747917,0.13448588151112725,0.13480412510104087,38.232748567705514,39,25,0,True
8.5,4,0.8,0.8919343999557514,0.6889398205190901,173.68299350127995,0.013499999999999998,0.011349863133949227,0.13355142693525368,0.1340550175711778,38.37726173960588,39,25,0,True
8.5,4,0.8,0.8607264192014555,0.6997677326216459,180.066195618524,0.013499999999999998,0.011351970415666787,0.14221389480204258,0.1365431757061253,37.903343172547565,39,25,0,False
8.5,4,0.8,0.8790314243479248,0.6762610309173829,173.70080827143823,0.013499999999999998,0.01133281031997221,0.13157177449297286,0.13143855402049318,38.89278394087163,39,25,0,False
8.5,4,0.8,0.878764716519604,0.6781033088057022,173.97084904105077,0.013499999999999998,0.011334612723769672,0.13220287387859708,0.13183588536690596,38.81362384985386,39,25,0,False
8.5,4,0.8,0.8693585937291906,0.6838586858508142,176.36705184834,0.013499999999999998,0.011337711088004507,0.1355810745378269,0.13312884172184133,38.55817675442099,39,25,0,False
8.5,4,0.8,0.8999407216026956,0.6918821694136494,173.8442414496328,0.013499999999999998,0.011355244926848827,0.13322113290638077,0.13463038418051024,38.26612287500379,39,25,0,True
8.5,4,0.8,0.8799268585224805,0.6779677365293103,173.75107141367718,0.013499999999999998,0.011334835986007376,0.13197332681588336,0.131798033383994,38.82114463503761,39,25,0,False
8.5,4,0.8,0.8731961197350134,0.6731239073957298,174.5004395074084,0.013499999999999998,0.011327692198513241,0.13150825261827745,0.13075401358286343,39.018294924189526,39,25,0,False
8.5,4,0.8,0.8733929833499995,0.6938120072361766,176.9295403241953,0.013499999999999998,0.011349361461108418,0.13813066694567563,0.13521322453240014,38.15450084801068,39,25,0,False
8.5,4,0.8,0.9082203767430602,0.7119810735526128,173.8758210113762,0.013499999999999998,0.011377863382161964,0.1383066219852696,0.13890257708915119,37.468120740689535,39,25,0,True
8.5,4,0.8,0.8885240904940016,0.6790324215279373,173.72456320468854,0.013499999999999998,0.011338569100573287,0.1309480594973564,0.13196219453690966,38.78855858066152,39,25,0,True
8.5,4,0.8,0.8800495176731327,0.6782597810788351,173.76476500410467,0.013499999999999998,0.011335169110721813,0.13204709359415942,0.13185992487298928,38.80884968387388,39,25,0,False
8.5,4,0.8,0.889567745893472,0.7038775409068364,175.33752698376566,0.013499999999999998,0.011364468864402852,0.1387166129958573,0.1372675914070352,37.76856984466541,39,25,0,False
8.5,4,0.8,0.8803866242960668,0.6742362360856093,173.59206151308706,0.013499999999999998,0.011331122093350837,0.1307121206936805,0.1309704671492665,38.981730194306614,39,25,0,True
8.5,4,0.8,0.8932076360738225,0.681588636514657,173.810912416713,0.013499999999999998,0.01134268764691124,0.13101943442000644,0.1324749183788918,38.6872236190793,39,25,0,True
8.5,4,0.8,0.8787948930130945,0.7028397605676329,177.1354926467968,0.013499999999999998,0.011360374451941256,0.14015676384744696,0.13710275236926428,37.7991132479415,39,25,0,False
8.5,4,0.8,0.8808639126738838,0.680517276929909,173.8982730189675,0.013499999999999998,0.011337748104511458,0.132637150274244,0.13233804201465885,38.714204133428545,39,25,0,False
8.5,4,0.8,0.8844366491236799,0.6860234268605491,173.96587618547585,0.013499999999999998,0.0113445874387212,0.13381987679404558,0.13348486448122102,38.48833621666896,39,25,0,False
8.5,4,0.8,0.8749339412473198,0.6822416439745164,175.1616525810628,0.013499999999999998,0.011337744011335332,0.13414600836015458,0.13274772944352917,38.63335414840791,39,25,0,False
8.5,4,0.8,0.9074936785742356,0.6985836008444813,173.95464223933774,0.013499999999999998,0.011364243914620596,0.1341596588654071,0.13602091439522085,38.001389403360946,39,25,0,True
8.5,4,0.8,0.8785171822058935,0.6853979941510898,174.9291767843263,0.013499999999999998,0.011342152579433334,0.13457521573589576,0.133392191835321,38.50647982849068,39,25,0,False
8.5,4,0.8,0.8790919404681258,0.6864801974441521,174.96662242891313,0.013499999999999998,0.011343472296839128,0.13482825735909576,0.13361769862883352,38.46237355699175,39,25,0,False
8.5,4,0.8,0.8766525550192505,0.6799272172491123,174.5682263072502,0.013499999999999998,0.011335869021428104,0.13312520598434185,0.13224147782579557,38.733271844414695,39,25,0,False
8.5,4,0.8,0.882152218114901,0.6685033919110185,174.7831416986236,0.013499999999999998,0.011325729098903505,0.12861803817275394,0.12949121111935183,39.233648572361425,39,25,0,False
8.5,4,0.8,0.880559335543284,0.6794764938060058,173.82775479215545,0.013499999999999998,0.011336629332460692,0.13235182248642194,0.13211569335413081,38.75815096296125,39,25,0,False
8.5,4,0.8,0.8784357616392084,0.6759870293688004,173.77157335366522,0.013499999999999998,0.011332340842261222,0.1315796988888133,0.1313844176441296,38.903606347448395,39,25,0,False
8.5,4,0.8,0.8791918600713687,0.676809361373942,173.73945802973248,0.013499999999999998,0.011333425667664722,0.1317209637663311,0.13155485580402934,38.86956399935239,39,25,0,False
8.5,4,0.8,0.8787093812477496,0.676495869700228,173.7857353764497,0.013499999999999998,0.011332952631564844,0.13169814502989552,0.13149131528319646,38.882244961264455,39,25,0,False
8.5,4,0.8,0.8789948265916487,0.6739306290617956,173.55992610375037,0.013499999999999998,0.011330364402242655,0.13083652797842626,0.13090557617791013,38.99268139931788,39,25,0,True
8.5,4,0.8,0.8791656805339975,0.6820302002602457,174.3839568506813,0.013499999999999998,0.011338797561191482,0.1333935563384241,0.13267380710017124,38.64798595007855,39,25,0,False
8.5,4,0.8,0.8841178471618527,0.669758622671296,174.57640717298088,0.013499999999999998,0.011327598367384131,0.12870842008462127,0.12979388276896145,39.181713141224314,39,25,0,False
8.5,4,0.8,0.8780136221159077,0.6891458625790889,175.49406679415168,0.013499999999999998,0.011345856421678936,0.13586304391087256,0.13419339335446964,38.35044605704546,39,25,0,False
8.5,4,0.8,0.8889538520837666,0.6823093316640753,173.68787776293928,0.013499999999999998,0.011342084990691345,0.13191897122717794,0.13266251104757412,38.65022326920766,39,25,0,True
8.5,4,0.8,0.8801606057419996,0.6779724525475277,173.71079206384147,0.013499999999999998,0.011334913285935949,0.13193744459347292,0.13179729044092844,38.821292292848305,39,25,0,False
8.5,4,0.8,0.8828082938778548,0.6856612172486147,174.2063832271917,0.013499999999999998,0.01134373229299966,0.13396545771226503,0.1334186138526346,38.50130431380171,39,25,0,False
8.5,4,0.8,0.8784999732051365,0.6811475070248976,174.39337252858877,0.013499999999999998,0.01133770638414646,0.13321740725753112,0.13248930967829162,38.6843900803337,39,25,0,False
8.5,4,0.8,0.8999555612419646,0.6639855099501304,176.4286011496935,0.013499999999999998,0.011326849541096116,0.12447070309516303,0.12814857370734678,39.46625164224933,39,25,0,False
8.5,4,0.8,0.8698838745191044,0.6796821139704513,175.74367989674923,0.013499999999999998,0.011333538255157417,0.13414708481040205,0.13223723836602935,38.73410960843891,39,25,0,False
8.5,4,0.8,0.8813951620154885,0.6793870352652862,173.6646061302734,0.013499999999999998,0.011336713334963165,0.13219273148117322,0.13209271702821188,38.762700573818414,39,25,0,False
8.5,4,0.8,0.8969578301539067,0.5933237671024572,195.96485893857198,0.013499999999999998,0.011259934686258327,0.1035557400193561,0.11010282509252847,43.00762831071022,39,25,0,False
8.5,4,0.8,0.8791693731306693,0.6740826448337295,173.56223088401714,0.013499999999999998,0.011330579198143932,0.13085698363995438,0.13094266273678715,38.98642144523697,39,25,0,True
8.5,4,0.8,0.8789164973661308,0.6808615045636258,174.28325883781898,0.013499999999999998,0.011337518104687963,0.1330595799927603,0.13242561819235837,38.69693509064322,39,25,0,False
8.5,4,0.8,0.8781942599727711,0.675585080026349,173.76470647513503,0.013499999999999998,0.01133184764407719,0.13149027297870972,0.1313002490925356,38.92045011795267,39,25,0,False
8.5,4,0.8,0.8791549439150215,0.6802662092205461,174.1680134977456,0.013499999999999998,0.01133697502664316,0.13283089639532145,0.13229634874504648,38.72243355793629,39,25,0,False
8.5,4,0.8,0.8815924937561145,0.6780935466127995,173.56131507860096,0.013499999999999998,0.011335479990282523,0.13174745264528465,0.1318125467420378,38.81826047833361,39,25,0,True
8.5,4,0.8,0.8779164511673239,0.6804223033406573,174.40446855533528,0.013499999999999998,0.011336746500584558,0.13308062715884533,0.13233904794048965,38.71400564724635,39,25,0,False
8.5,4,0.8,0.8830168631567172,0.6796869655630494,173.57703222285315,0.013499999999999998,0.011337597232289444,0.13202651205673718,0.1321428071966416,38.752784092450405,39,25,0,True
8.5,4,0.8,0.8772319942013554,0.6775740070122807,174.17594775291352,0.013499999999999998,0.01133359960728436,0.13227957508707736,0.13173363325381765,38.8339501226689,39,26,0,False
8.5,4,0.8,0.8832364158487902,0.6831446657408499,173.81121853742064,0.013499999999999998,0.011341212130642759,0.13309462498530084,0.13288138803435187,38.60693982530196,39,26,0,False
8.5,4,0.8,0.8771466907263928,0.680881151712803,174.59792579407758,0.013499999999999998,0.011336998210846093,0.13335129112091113,0.13244247934836367,38.6936128626885,39,26,0,False
8.5,4,0.8,0.879314495494715,0.682835538039157,174.46088987697874,0.013499999999999998,0.011339698855951796,0.13362644191283818,0.1328432500157393,38.61447144107371,39,26,0,False
8.5,4,0.8,0.8797204347156022,0.6877125414563963,175.00736134811328,0.013499999999999998,0.011344877817775762,0.13512420571790196,0.13387744352379116,38.41175461327922,39,26,0,False
8.5,4,0.8,0.8761561701519087,0.6715342837995395,174.19801749148826,0.013499999999999998,0.011326902218703807,0.1305298652647188,0.1303240060400479,39.09123529101474,39,26,0,False
8.5,4,0.8,0.8765405806403673,0.7033162364524349,177.6058680715396,0.013499999999999998,0.011360196994135213,0.14068942347261343,0.13721696695170307,37.77794243898487,39,26,0,False
8.5,4,0.8,0.8819694443176007,0.6275467495709485,184.65439895808692,0.013499999999999998,0.011284289418615593,0.11591595144281806,0.119061423311805,41.14629972412409,39,26,0,False
8.5,4,0.8,0.9045937402423526,0.7100577431494941,173.80994141749528,0.013499999999999998,0.011374981905764792,0.1382694030411095,0.13851013399524117,37.54011878034898,39,26,0,True
8.5,4,0.8,0.8768277087617178,0.6898942385980175,175.80767352627225,0.013499999999999998,0.011346354849165465,0.1362952534921717,0.13435788910118926,38.31864026384513,39,26,0,False
8.5,4,0.8,0.8968326307033473,0.6931700284147756,173.74968037016077,0.013499999999999998,0.011355577875777022,0.13412268147321144,0.1349295085127943,38.20871652737343,39,26,0,True
8.5,4,0.8,0.8816488676567401,0.6753103299815733,173.60852592827683,0.013499999999999998,0.011332639481428188,0.13085250939119905,0.13121485893162985,38.93756032523429,39,26,0,True
8.5,4,0.8,0.8694370990947158,0.6892072676866889,177.05253464013748,0.013499999999999998,0.011343427143805996,0.13729431890032698,0.1342585136450264,38.33784554420921,39,26,0,False
8.5,4,0.8,0.8793688876622021,0.6809861789201915,174.21968449681546,0.013499999999999998,0.011337794104240104,0.13302629659498116,0.13244882555729165,38.69236265868657,39,26,0,False
8.5,4,0.8,0.8787718660284789,0.6754198550394583,173.6433511249508,0.013499999999999998,0.01133185396625071,0.13134543157432244,0.1312605351624125,38.928405112931834,39,26,0,False
8.5,4,0.8,0.8847904419987176,0.672098280615282,174.11009274597598,0.013499999999999998,0.011330304099950143,0.12933901523974445,0.13038225995565472,39.081330398707195,39,26,0,False
8.5,4,0.8,0.9069077270165026,0.6918776294772565,174.01319391999832,0.013499999999999998,0.011357287723642044,0.13213312759076531,0.1345812095887916,38.275584520771154,39,26,0,True
8.5,4,0.8,0.8805083544299913,0.678153281500717,173.67180872832682,0.013499999999999998,0.011335203969127745,0.13193964768758387,0.13183356852840927,38.81408405766554,39,26,0,False
8.5,4,0.8,0.9137502518907815,0.7253850754540672,173.95732547111254,0.013499999999999998,0.011392562279503951,0.14171487175354405,0.1417483089375552,36.957912395698806,39,26,0,True
8.5,4,0.8,0.8841345095514876,0.6819675527342524,173.56867241092053,0.013499999999999998,0.01134024272201413,0.13257671252484998,0.13262525889837906,38.657604209235934,39,26,0,True
8.5,4,0.8,0.8915093023055694,0.7292724627250443,178.38220898671878,0.013499999999999998,0.011390649493355299,0.1466410929448795,0.14266417087399177,36.798001480746294,39,26,0,False
8.5,4,0.8,0.8806769257745238,0.6757744176763218,173.57570464687066,0.013499999999999998,0.011332819260405295,0.13115440837546963,0.13132172348073773,38.9161506326342,39,26,0,True
8.5,4,0.8,0.8809260012951938,0.6807804741631501,173.92009151598697,0.013499999999999998,0.011338044172514107,0.1327110218588177,0.13239387355206195,38.703192157296336,39,26,0,False
8.5,4,0.8,0.8801384827503935,0.7066684106206398,177.39388657170966,0.013499999999999998,0.01136469827916297,0.14117677402349862,0.1379133309258168,37.64961489051607,39,26,0,False
8.5,4,0.8,0.876697178867525,0.6741798263593327,173.88265179905193,0.013499999999999998,0.011329907129575158,0.13128251003521946,0.13099024692848207,38.9783938976284,39,26,0,False
8.5,4,0.8,0.8975509239605828,0.6766430792389168,174.00757321532058,0.013499999999999998,0.011338980126114022,0.12878610679866034,0.1313748101545198,38.90552790823469,39,26,0,True
8.5,4,0.8,0.8704206583962352,0.6556015468184099,177.27607936910073,0.013499999999999998,0.011308471325380366,0.12638968538723036,0.1263295796838347,39.786950703502924,39,26,0,False
8.5,4,0.8,0.8789105773856174,0.6741042188738395,173.5550647865119,0.013499999999999998,0.011330520815580126,0.13090504922293267,0.13095055889484658,38.98508901068635,39,26,0,True
8.5,4,0.8,0.8841700015066575,0.6811196801053839,173.58415599445047,0.013499999999999998,0.011339410261029916,0.13229971817390837,0.13244229643023953,38.69364889934705,39,26,0,True
8.5,4,0.8,0.8772845792272181,0.6821645512832831,174.73396738739362,0.013499999999999998,0.011338373375313751,0.133740087010146,0.13271524501380066,38.63978193699763,39,26,0,False
8.5,4,0.8,0.9552348429128461,0.6659627799859927,178.17813463590727,0.013499999999999998,0.011347158817177643,0.11717161552317581,0.12799785062191607,39.492535925569776,39,26,0,False
8.5,4,0.8,0.8789717182479803,0.6715467183544385,174.02556645482198,0.013499999999999998,0.01132787817696082,0.13008303338838728,0.1302979351686832,39.09567050793696,39,26,0,False
8.5,4,0.8,0.8792498385222159,0.6772215127273207,173.7793126407547,0.013499999999999998,0.011333866310385821,0.1318432344514884,0.1316428356782536,38.8520256992218,39,26,0,False
8.5,4,0.8,0.8743279724585956,0.6793206728464337,174.90026238955156,0.013499999999999998,0.011334463113569641,0.1333094859479784,0.1321302925378013,38.75526095198265,39,26,0,False
8.5,4,0.8,0.8858608580483043,0.6899542240437632,174.21083493219115,0.013499999999999998,0.011349049653809708,0.13484853933279323,0.13431392183569066,38.32713387461328,39,26,0,False
8.5,4,0.8,0.8808097243764569,0.6843202295426273,174.3830522545041,0.013499999999999998,0.011341667748225825,0.1338613299411046,0.13314916523196016,38.55417987045041,39,26,0,False
8.5,4,0.8,0.8810958823700866,0.6855587008324868,174.49433395859654,0.013499999999999998,0.011343105452489049,0.13420891283146072,0.1334086288211258,38.503259929656,39,26,0,False
8.5,4,0.8,0.8785265558012416,0.6727846992054815,173.7480784183361,0.013499999999999998,0.011329002880723209,0.13054772579643914,0.13061850580340523,39.04123725754052,39,26,0,False
8.5,4,0.8,0.8795222321612959,0.6737019155749565,173.5922397643598,0.013499999999999998,0.011330288539908216,0.13068005236450006,0.13084243937789544,39.00334526772477,39,26,0,False
8.5,4,0.8,0.878025713212551,0.6810957575744788,174.470344712808,0.013499999999999998,0.011337504261394142,0.13327747752670357,0.13248172144546075,38.68588407020702,39,26,0,False
8.5,4,0.8,0.8826115212940363,0.6674487225986723,175.02153690294477,0.013499999999999998,0.011324739025805617,0.12821498407635804,0.1292192957226756,39.28047990336389,39,26,0,False
8.5,4,0.8,0.8780088662371984,0.6919457541121046,175.85699811401676,0.013499999999999998,0.011348795548459837,0.1367644531891194,0.13478805973760646,38.23583100715122,39,26,0,False
8.5,4,0.8,0.8782386980377398,0.6652573511889459,175.34024683270053,0.013499999999999998,0.011321060307312352,0.1282091668986815,0.12870546026875815,39.36942807630582,39,26,0,False
8.5,4,0.8,0.8711422232661451,0.6858330468455074,176.30260714700725,0.013499999999999998,0.011340359826841251,0.13592255601729877,0.13353404145722694,38.47871847926349,39,26,0,False
8.5,4,0.8,0.8798025380731355,0.6816414162864972,174.22752217639103,0.013499999999999998,0.011338648787191997,0.13316427987099771,0.13258485161212893,38.6655940751974,39,26,0,False
8.5,4,0.8,0.8744486359204132,0.6841507621984375,175.48959358668395,0.013499999999999998,0.011339560371981968,0.13483957538362074,0.13315671046322972,38.552696312566226,39,26,0,False
8.5,4,0.8,0.8808058654465354,0.6798726933093562,173.83186763373934,0.013499999999999998,0.011337097228768873,0.13243943653996046,0.13219931001870844,38.74160704336325,39,26,0,False
8.5,4,0.8,0.8984985194497712,0.6247896698136061,186.27180202733874,0.013499999999999998,0.011288013027626175,0.11269639210150142,0.11811462168719085,41.332423888710224,39,26,0,False
8.5,4,0.8,0.896998338678249,0.6896140907998557,173.79508400202084,0.013499999999999998,0.01135201631732121,0.13296657522020747,0.13416570940610206,38.355806483433526,39,26,0,True
8.5,4,0.8,0.8804781198037935,0.6765689931258061,173.5577902628312,0.013499999999999998,0.01133357873910523,0.1314389409104786,0.13149352574260478,38.88180360902029,39,26,0,True
8.5,4,0.8,0.8943312770697452,0.7097770018669305,175.26211305156895,0.013499999999999998,0.011371854849302447,0.13983816223887024,0.13850425322439733,37.541200769676315,39,26,0,False
8.5,4,0.8,0.8799324041072177,0.6817057047509187,174.2129468414088,0.013499999999999998,0.011338759215092952,0.13316377098773685,0.1325975728637009,38.66309246038288,39,26,0,False
8.5,4,0.8,0.8776411583285805,0.6789241485289776,174.26699019659847,0.013499999999999998,0.011335090806049008,0.13264657457773832,0.13202080663430626,38.77694355651626,39,26,0,False
8.5,4,0.8,0.8789269623556413,0.6697294456493712,174.39561561651655,0.013499999999999998,0.011325862270366896,0.12951817541155175,0.12983916509494686,39.17396055199406,39,26,0,False
8.5,4,0.8,0.8786090990614367,0.6815616157499178,174.4273950373365,0.013499999999999998,0.011338196700571056,0.13333121919153956,0.13257642622837842,38.66725052337746,39,26,0,False
8.5,4,0.8,0.8784301496552592,0.6799284370576397,174.25510135474858,0.013499999999999998,0.011336418757278498,0.1328388947140856,0.13222879237767424,38.73577878798759,39,26,0,False
8.5,4,0.8,0.8841200160103968,0.6922333763604355,174.8071339031375,0.013499999999999998,0.01135089554363086,0.13585995327761122,0.13481111345170885,38.23140795063245,39,26,0,False
8.5,4,0.8,0.8809150394677867,0.6805741497224972,173.89606845713465,0.013499999999999998,0.011337819468121516,0.1326472306722884,0.1323499537892644,38.71185393115365,39,26,0,False
8.5,4,0.8,0.8983305056785691,0.6840825499992311,173.90237360952042,0.013499999999999998,0.011346773171592155,0.1310082067024094,0.13297154277486065,38.589152968358384,39,27,0,True
8.5,4,0.8,0.8931893064294835,0.7010382464382194,174.33591030798766,0.013499999999999998,0.011362587197908358,0.137216382337019,0.13663860931337557,37.885507346556565,39,27,0,False
8.5,4,0.8,0.8790193519089855,0.6821128971932248,174.42059323328817,0.013499999999999998,0.011338844187526047,0.1334433977333593,0.13269224423514453,38.644335072730755,39,27,0,False
8.5,4,0.8,0.8779722663861177,0.6772595677894535,174.00775339624718,0.013499999999999998,0.011333508255877325,0.13206009738792251,0.13166062005531545,38.84848331329011,39,27,0,False
8.5,4,0.8,0.87947071801589,0.6798150450832897,174.058809821977,0.013499999999999998,0.011336628006194525,0.13263511076871132,0.13219671575355593,38.74212001740006,39,27,0,False
8.5,4,0.8,0.8832393400087183,0.6787349217322511,173.59269554030786,0.013499999999999998,0.011336634939060052,0.13168993701670278,0.13193825778252877,38.79330501961938,39,27,0,True
8.5,4,0.8,0.8756436729128582,0.6920956587544307,176.30221019568765,0.013499999999999998,0.011348267812813763,0.13720142613990402,0.1348340254383522,38.2270135776131,39,27,0,False
8.5,4,0.8,0.8770302119403564,0.7058192745992098,177.84735423604107,0.013499999999999998,0.011362933877962994,0.1414217748191703,0.1377479069634886,37.67998343111199,39,27,0,False
8.5,4,0.8,0.9138931527131573,0.6981215016663198,174.10761138131608,0.013499999999999998,0.01136559551396356,0.13302057972826412,0.13587954650705697,38.028057573884766,39,27,0,True
8.5,4,0.8,0.878161483972664,0.6675486322652018,174.85076858396044,0.013499999999999998,0.011323489237750879,0.12894316375618775,0.12928665424788682,39.26886356256333,39,27,0,False
8.5,4,0.8,0.8841151738171058,0.6681454389312013,174.9256342624095,0.013499999999999998,0.011325951767126363,0.1281992390298587,0.12938150181990288,39.25252373473082,39,27,0,False
8.5,4,0.8,0.8763983585960872,0.669634650485282,174.40771285926604,0.013499999999999998,0.011325079078317705,0.12988453995002905,0.12983538024744998,39.174608366127096,39,27,0,False
8.5,4,0.8,0.8977683183866105,0.6725960805526784,174.45216305540166,0.013499999999999998,0.011334899812129824,0.12748512874356,0.1303821542698847,39.08134836172679,39,27,0,False
8.5,4,0.8,0.8788173956625853,0.6808173390087264,174.29502827456776,0.013499999999999998,0.011337439016757898,0.1330615322533831,0.13241695811013027,38.69864175139362,39,27,0,False
8.5,4,0.8,0.8780563321920828,0.6766052228769326,173.91343125790522,0.013499999999999998,0.011332862164036174,0.13183760234822145,0.1315196935098478,38.87657993253858,39,27,0,False
8.5,4,0.8,0.8847893143833946,0.6770167626541659,173.66316840821065,0.013499999999999998,0.011335380239727445,0.13089669927684253,0.1315565363876466,38.86922876584427,39,27,0,True
8.5,4,0.8,0.8616520742781105,0.6918539797402815,178.82984828306493,0.013499999999999998,0.011343846936057427,0.13946538474773246,0.13486633876776077,38.2208186131671,39,27,0,False
8.5,4,0.8,0.8792936059276311,0.6788807471600186,173.97159873003574,0.013499999999999998,0.011335558719231559,0.1323670737565681,0.13199923593899146,38.781216980168445,39,27,0,False
8.5,4,0.8,0.9309142598808101,0.7095803823070571,174.38792159468255,0.013499999999999998,0.011381724139372742,0.13401361271452428,0.13825555544490556,37.58701716997186,39,27,0,True
8.5,4,0.8,0.883977800660212,0.6754907612239602,173.66713719491622,0.013499999999999998,0.01133355583049066,0.1305408124168706,0.13123532696828225,38.93345698671174,39,27,0,True
8.5,4,0.8,0.8646942132841708,0.6559126554471998,178.17199574111385,0.013499999999999998,0.011306882192703479,0.1273951718556187,0.1264703834209165,39.761851505944186,39,27,0,False
8.5,4,0.8,0.8737722597383539,0.682129886707517,175.3540670739404,0.013499999999999998,0.01133726698876463,0.13429956424535844,0.13273223650339713,38.636419388760224,39,27,0,False
8.5,4,0.8,0.8799163848138309,0.6781909068903946,173.7797618325321,0.013499999999999998,0.01133505836540399,0.13204636931628772,0.13184610600371593,38.81159385400717,39,27,0,False
8.5,4,0.8,0.8773972272193937,0.6802477563482495,174.4751593662132,0.013499999999999998,0.011336414882046977,0.1331081854528242,0.1323051655339183,38.72069286917405,39,27,0,False
8.5,4,0.8,0.8809796067009414,0.6749751235804659,173.59638098436074,0.013499999999999998,0.011332083175731091,0.13085229625521122,0.1311482492617862,38.950922750958185,39,27,0,True
8.5,4,0.8,0.8896958927639268,0.6786407103182979,173.76256896297622,0.013499999999999998,0.011338543416193688,0.1306391932362064,0.1318684951679487,38.8071480699394,39,27,0,True
8.5,4,0.8,0.8896581993490191,0.6732019543316606,174.03886008509133,0.013499999999999998,0.011332937510566025,0.1289279713904767,0.13061868681936947,39.041206583869574,39,27,0,False
8.5,4,0.8,0.8771534797178565,0.6738143467732262,173.77852249856184,0.013499999999999998,0.011329664615596062,0.1310933272393225,0.13089304728595483,38.9947968586072,39,27,0,False
8.5,4,0.8,0.8814861194759408,0.677239879547298,173.57306571023125,0.013499999999999998,0.011334580264454476,0.13149205352757395,0.13162982327175982,38.8546181816874,39,27,0,True
8.5,4,0.8,0.8848011261359581,0.6786220061457594,173.63527414613475,0.013499999999999998,0.011337006208126907,0.13140578120711485,0.13190206567584822,38.80048483208076,39,27,0,True
8.5,4,0.8,0.8735778056543201,0.6837493750208049,175.5941851705139,0.013499999999999998,0.011338879574181131,0.1348527131933362,0.13307740471422771,38.56829796834798,39,27,0,False
8.5,4,0.8,0.8824709612205688,0.6798847719534703,173.55926796261582,0.013499999999999998,0.011337623472174463,0.13217698756784851,0.1321895743145569,38.74353222495548,39,27,0,True
8.5,4,0.8,0.8783456335812746,0.6747480615461733,173.63616669994948,0.013499999999999998,0.011331020215527395,0.13119972099823152,0.1311197865158558,38.956564956795795,39,27,0,False
8.5,4,0.8,0.8847135151328721,0.6787573496541067,173.630535863808,0.013499999999999998,0.011337114244980878,0.13146285156596613,0.1319319260614737,38.79456082796239,39,27,0,True
8.5,4,0.8,0.8882571446488734,0.692968897884291,174.1753750676858,0.013499999999999998,0.011352899945032148,0.1354259872006316,0.13494095338698112,38.20652512029794,39,27,0,False
8.5,4,0.8,0.8810371149584185,0.6830956439264826,174.19020327494283,0.013499999999999998,0.01134048903759491,0.13343219158019634,0.1328865692022328,38.60591696569271,39,27,0,False
8.5,4,0.8,0.8803233533146322,0.6869471591773197,174.8055804997246,0.013499999999999998,0.011344296080723857,0.13477950188783064,0.1337096936334523,38.444423168044,39,27,0,False
8.5,4,0.8,0.8787217302427323,0.6755653958858718,173.6700445496178,0.013499999999999998,0.011331991761128103,0.1313996936237714,0.1312920015840165,38.92210176119337,39,27,0,False
8.5,4,0.8,0.8798905677435647,0.6735201561910173,173.64232655023488,0.013499999999999998,0.011330213619955952,0.13056384212480873,0.13079268036819483,39.01175566987548,39,27,0,False
8.5,4,0.8,0.8777131975158615,0.6774220438473002,174.07294901951664,0.013499999999999998,0.011333593901112557,0.1321536346802793,0.13169742411030208,38.8411555079356,39,27,0,False
8.5,4,0.8,0.8858579547113807,0.6991103907849805,175.38377598697434,0.013499999999999998,0.01135854458796734,0.13778591311363367,0.13626747785996096,37.95500815514768,39,27,0,False
8.5,4,0.8,0.8808263913841646,0.6811152284628279,173.980366325621,0.013499999999999998,0.011338382181082463,0.13283300660725508,0.13246571174148972,38.68903665742584,39,27,0,False
8.5,4,0.8,0.8784348127418301,0.6548126206101822,177.68510196679864,0.013499999999999998,0.01131032998295457,0.12489171833864607,0.1260406687224129,39.8385975621355,39,27,0,False
8.5,4,0.8,0.8678705249531883,0.6875598186532056,177.1207350401889,0.013499999999999998,0.011341195430388466,0.13702263182716634,0.1339203683086085,38.40340832383859,39,27,0,False
8.5,4,0.8,0.8799123610859498,0.6784062160118046,173.80634110872984,0.013499999999999998,0.011335274152770296,0.13211590313521826,0.13189246129919657,38.8023908114134,39,27,0,False
8.5,4,0.8,0.8745630694105347,0.6781563647655682,174.71763097937492,0.013499999999999998,0.011333364299743643,0.132896778065927,0.13187838664724363,38.80518441077848,39,27,0,False
8.5,4,0.8,0.8783343571649891,0.6777340586041819,174.00172520287342,0.013499999999999998,0.011334104721189165,0.13215374696121407,0.13175975880582405,38.828753751122576,39,27,0,False
8.5,4,0.8,0.8638348604801898,0.7176307561351272,181.93630125703154,0.013499999999999998,0.011371417500723626,0.1475746563367826,0.14029655599021812,37.21562515010505,39,27,0,False
8.5,4,0.8,0.878375941863982,0.6877102055115581,175.24626497732257,0.013499999999999998,0.01134447805268115,0.13534201489029415,0.13388562788227462,38.41016283567601,39,27,0,False
8.5,4,0.8,0.8765925585476435,0.6805844120432623,174.6576387231265,0.013499999999999998,0.011336500159656744,0.13334663604448913,0.13238352081032553,38.70523339163682,39,27,0,False
8.5,4,0.8,0.9102715311948751,0.7207913403364874,173.91776970047079,0.013499999999999998,0.011387130485423337,0.140800207209399,0.14077866580736453,37.12945680091886,39,27,0,False
8.5,4,0.8,0.877514152614276,0.6786826633131156,174.26029582296485,0.013499999999999998,0.011334809314182395,0.13258950988175544,0.13196977282305394,38.78705623241039,39,27,0,False
8.5,4,0.8,0.8785450128900828,0.6764739989392591,173.8118409160714,0.013499999999999998,0.011332878884131455,0.13171747235750697,0.1314878761886827,38.88293165875696,39,27,0,False
8.5,4,0.8,0.8848510791334026,0.6878614593144976,174.12207680600912,0.013499999999999998,0.011346571379039596,0.13434229931699623,0.1338748709540799,38.4122549930206,39,27,0,False
8.5,4,0.8,0.8813235812045738,0.6799512659540844,173.7507433144576,0.013499999999999998,0.011337334550787304,0.1323817441390677,0.13221243771274135,38.73901156054934,39,27,0,False
8.5,4,0.8,0.8796174904645889,0.6802670083645673,174.0869189487215,0.013499999999999998,0.011337118470852047,0.13275678727446194,0.13229313826009328,38.723067457625035,39,27,0,False
8.5,4,0.8,0.8827599894491523,0.6836890145140325,173.9610743810208,0.013499999999999998,0.011341605678560459,0.13334576617943927,0.1330013019492456,38.58328700046712,39,27,0,False
8.5,4,0.8,0.8771352196233956,0.6803281738113076,174.5309926910066,0.013499999999999998,0.011336413233878821,0.1331764007787136,0.13232440637952236,38.71689497056695,39,27,0,False
8.5,4,0.8,0.8689810562929674,0.680348176153045,175.98679398608948,0.013499999999999998,0.01133392215046508,0.13451098508983636,0.1323867296884341,38.7046006681179,39,28,0,False
8.5,4,0.8,0.8976257999024897,0.6906225798499803,173.80137659138578,0.013499999999999998,0.011353264339483788,0.13318635696743397,0.13437651386727384,38.31504399575805,39,28,0,True
8.5,4,0.8,0.8799521893903752,0.679496821493863,173.9364301267664,0.013499999999999998,0.01133646180483384,0.13245566137401762,0.13212456799731026,38.756394089355325,39,28,0,False
8.5,4,0.8,0.8782713075425832,0.6775714589801513,173.99310572207597,0.013499999999999998,0.011333919631149082,0.13211184928914804,0.13172531460150239,38.835605132327004,39,28,0,False
8.5,4,0.8,0.8790322775237459,0.6744173664765757,173.5535082743662,0.013499999999999998,0.011330888141580814,0.13098510078317213,0.13102919325495038,38.97182719712884,39,28,0,True
8.5,4,0.8,0.8832686982686011,0.6838776653569419,173.89582364895654,0.013499999999999998,0.011341956258148768,0.13332435261095085,0.13303784509547464,38.576087402988676,39,28,0,False
8.5,4,0.8,0.8868753775586693,0.6637230635492914,176.00093942263916,0.013499999999999998,0.011322347278976781,0.12637867619131207,0.1282217379494672,39.453511255583926,39,28,0,False
8.5,4,0.8,0.8807806670471569,0.7145950151376737,178.34584135196027,0.013499999999999998,0.011373013140696114,0.14365250708881402,0.13958904296826402,37.343151599398624,39,28,0,False
8.5,4,0.8,0.8492476834001195,0.6821766353692564,179.86712687519278,0.013499999999999998,0.011329800946870708,0.13841849968271694,0.13290347683007925,38.60257963818899,39,28,0,False
8.5,4,0.8,0.8817064211088302,0.6663275287399056,175.23835997829934,0.013499999999999998,0.011323340992269965,0.12800097677168118,0.12894090422854812,39.328597639430846,39,28,0,False
8.5,4,0.8,0.8731744150640771,0.6737000209645869,174.4628645247695,0.013499999999999998,0.011328296859653933,0.13169533166363745,0.13090050351229712,38.99353786031668,39,28,0,False
8.5,4,0.8,0.8772952338663621,0.6790180011194681,174.339165146397,0.013499999999999998,0.011335077720737375,0.13273242878134867,0.1320435584706368,38.77243763658139,39,28,0,False
8.5,4,0.8,0.8966546869197214,0.676324017956773,173.98951631143552,0.013499999999999998,0.011338375503800631,0.12882408308661053,0.13131329427912397,38.917838114782725,39,28,0,True
8.5,4,0.8,0.878123159821356,0.6796093914821483,174.27093000035026,0.013499999999999998,0.011336008282560942,0.13278574052667155,0.1321622827618076,38.748930480631365,39,28,0,False
8.5,4,0.8,0.8785322144647054,0.6797997051801662,174.22177008547757,0.013499999999999998,0.011336323055051757,0.1327810732172613,0.1322002954771124,38.74141219012105,39,28,0,False
8.5,4,0.8,0.8803206583175718,0.6794565034259056,173.8671160643827,0.013499999999999998,0.011336535722132026,0.13238365260141852,0.13211315275410773,38.75865395742308,39,28,0,False
8.5,4,0.8,0.8870424850539228,0.6830380248842657,173.63113575639161,0.013499999999999998,0.011342272992047174,0.132452806584137,0.1328311176263352,38.61686829069286,39,28,0,True
8.5,4,0.8,0.8789385063672536,0.6801327362868965,174.19012940403692,0.013499999999999998,0.011336777021894964,0.132822784064574,0.1322691334537241,38.72780809632016,39,28,0,False
8.5,4,0.8,0.9135756863103233,0.6896696355837229,174.21029243022,0.013499999999999998,0.011357065479767864,0.13041373412852955,0.13405653773011605,38.376966849838375,39,28,0,True
8.5,4,0.8,0.8751821658736983,0.6790989740325939,174.7220690294591,0.013499999999999998,0.011334505420377733,0.13309969748762782,0.13207643264810784,38.76592604505884,39,28,0,False
8.5,4,0.8,0.8599747072787879,0.6890627977938962,178.7773364148776,0.013499999999999998,0.011340470444660397,0.1388357856996695,0.13428448095112566,38.33282437333144,39,28,0,False
8.5,4,0.8,0.8806220827410458,0.6811991261041108,174.02692239721222,0.013499999999999998,0.011338412051211263,0.132892373286218,0.13248501202120033,38.685236192728354,39,28,0,False
8.5,4,0.8,0.8780419593050691,0.6800163411708398,174.33390645365364,0.013499999999999998,0.01133638571840593,0.13292969910129854,0.13225057833167378,38.73147366424726,39,28,0,False
8.5,4,0.8,0.8916953054806855,0.6769195081039391,173.8467918887891,0.013499999999999998,0.011337433107793435,0.1297810811663745,0.13148148521726352,38.88420786396458,39,28,0,True
8.5,4,0.8,0.8793002813343066,0.6749540791773133,173.5523386654733,0.013499999999999998,0.011331534481685918,0.131112916726219,0.1311568075087456,38.94920514278025,39,28,0,True
8.5,4,0.8,0.8696360011275338,0.6799049498088532,175.81524941439318,0.013499999999999998,0.011333683855043396,0.1342598496738561,0.13228686350219007,38.72430647616,39,28,0,False
8.5,4,0.8,0.88864587617109,0.7146576072735659,176.9245708062555,0.013499999999999998,0.011375221554290877,0.14235488500069243,0.1395681430398504,37.34693829479084,39,28,0,False
8.5,4,0.8,0.8782389481460787,0.680663001738757,174.3770695717082,0.013499999999999998,0.011337091417952356,0.1331057760716681,0.13238837269728781,38.70427671299259,39,28,0,False
8.5,4,0.8,0.8750233900577935,0.6805533237272566,174.93173042791165,0.013499999999999998,0.011335985105002735,0.13359090042372151,0.13238812422613783,38.70432570400098,39,28,0,False
8.5,4,0.8,0.8864038504415214,0.6813424539482836,173.63912826602882,0.013499999999999998,0.011340337704696495,0.13201475860138184,0.1324732783780441,38.687546561721675,39,28,0,True
8.5,4,0.8,0.8647587860396456,0.6905858127678522,178.0884926887738,0.013499999999999998,0.01134345744784865,0.1385257680977446,0.13457937878068454,38.275936918145774,39,28,0,False
8.5,4,0.8,0.880240178677753,0.6842459492429062,174.4740273549361,0.013499999999999998,0.011341418436436873,0.13392945070735532,0.1331372977301195,38.556513621639255,39,28,0,False
8.5,4,0.8,0.8790870653494413,0.6828544740679174,174.50331676111398,0.013499999999999998,0.011339648176712331,0.13366926152859396,0.1328488946834302,38.61335644156938,39,28,0,False
8.5,4,0.8,0.8822375240588545,0.6793547113286972,173.555522912183,0.013499999999999998,0.011336941823853875,0.13204780519342546,0.1320794664588133,38.765325073776005,39,28,0,True
8.5,4,0.8,0.8854186769894347,0.6874211985587448,173.96705648508322,0.013499999999999998,0.011346285119061019,0.13411041686285177,0.13377723464507327,38.43126001839564,39,28,0,False
8.5,4,0.8,0.8798235705414348,0.6786218031802347,173.84774789944487,0.013499999999999998,0.011335463331287229,0.13219914136317906,0.13193953043355286,38.793052621532496,39,28,0,False
8.5,4,0.8,0.8775331948715648,0.6795607051139956,174.36895071880554,0.013499999999999998,0.011335777749869328,0.1328651326843717,0.1321561144838317,38.75015086989684,39,28,0,False
8.5,4,0.8,0.8796293747566807,0.6865001421546012,174.87399444897443,0.013499999999999998,0.011343655494662864,0.13474739514749476,0.13361832016058853,38.462252198723604,39,28,0,False
8.5,4,0.8,0.8779867021947857,0.6753682402962256,173.77423570228015,0.013499999999999998,0.011331553409610649,0.13145454664055214,0.1312555599725571,38.92940201798385,39,28,0,False
8.5,4,0.8,0.8787515217690307,0.6781254263483999,173.9758290730795,0.013499999999999998,0.011334631002691824,0.13221207076982477,0.13184073879934066,38.81265983495391,39,28,0,False
8.5,4,0.8,0.8791760957833218,0.682848690660097,174.48690714949285,0.013499999999999998,0.011339669651753367,0.13365302060734008,0.1328470329949191,38.61372417315932,39,28,0,False
8.5,4,0.8,0.8793380578589267,0.6726909368088904,173.79467911407468,0.013499999999999998,0.011329157056885189,0.13038909471996274,0.13058708926991675,39.04656195426791,39,28,0,False
8.5,4,0.8,0.8784274762145405,0.6746511463860777,173.61542108632435,0.013499999999999998,0.011330944196302097,0.13115584251263568,0.131094338983726,38.960850322524145,39,28,0,False
8.5,4,0.8,0.9051994141194555,0.6890818559709828,174.0047820896274,0.013499999999999998,0.011353923143522918,0.13151790192486382,0.13399316334268754,38.38926626348397,39,28,0,True
8.5,4,0.8,0.8805043456939913,0.6784809084866257,173.71183708668914,0.013499999999999998,0.011335532749272239,0.13204506857244647,0.13190410719955678,38.80007972919175,39,28,0,False
8.5,4,0.8,0.8845973429464582,0.6769930285075829,173.65854040392162,0.013499999999999998,0.011335296234064946,0.13091953067708553,0.13155291865041713,38.869950422586676,39,28,0,True
8.5,4,0.8,0.87973857796928,0.6785110659703574,173.8493327137256,0.013499999999999998,0.011335325769308709,0.1321772990319082,0.13191632623395752,38.79765534657338,39,28,0,False
8.5,4,0.8,0.8702264566838301,0.7167903509951219,180.60343224039232,0.013499999999999998,0.011372288464902496,0.14618222460409658,0.14009713324047213,37.251440644903475,39,28,0,False
8.5,4,0.8,0.8719036291519022,0.6794130970033967,175.34949670351236,0.013499999999999998,0.011333892657735878,0.1337301105742968,0.13216508082277617,38.74837692364135,39,28,0,False
8.5,4,0.8,0.879343407852392,0.6792816392034262,174.0108816627132,0.013499999999999998,0.011335974130476387,0.13248765793081554,0.13208522252705499,38.764184922568724,39,28,0,False
8.5,4,0.8,0.8860547639217371,0.7073837026637209,176.4166627435969,0.013499999999999998,0.01136705425481356,0.14042696039524125,0.13803771403070558,37.62682799711381,39,28,0,False
8.5,4,0.8,0.8786602239787362,0.6739367712588625,173.55098763460808,0.013499999999999998,0.01133026600253964,0.1308917765731095,0.1309102477645729,38.99189270487859,39,28,0,True
8.5,4,0.8,0.87906482265413,0.6785582708830417,173.9730017844482,0.013499999999999998,0.011335164491193182,0.13230043144596684,0.13193150848661822,38.794643652304934,39,28,0,False
8.5,4,0.8,0.881529952815304,0.6934184047127719,175.41572934036864,0.013499999999999998,0.011351332057504809,0.13666345636142765,0.13508076672787994,38.17978419278419,39,28,0,False
8.5,4,0.8,0.8792595359924369,0.6790021862275505,173.99211837406452,0.013499999999999998,0.011335669579905474,0.1324114776735698,0.1320256476245877,38.77598468652106,39,28,0,False
8.5,4,0.8,0.881270848254014,0.678534385018181,173.58448175184245,0.013499999999999998,0.011335824016038647,0.13193966512922237,0.13190987244543714,38.798935789275674,39,28,0,False
8.5,4,0.8,0.8823741148445373,0.6813494664507401,173.7395030747576,0.013499999999999998,0.011339112960219161,0.13265916775228662,0.1325042785720879,38.68144346592484,39,28,0,False
8.5,4,0.8,0.8806148408545053,0.679664147169905,173.8404321111805,0.013499999999999998,0.011336832289827084,0.1324031228388121,0.1321557398323212,38.75022499806933,39,28,0,False
8.5,4,0.8,0.8694983295964237,0.6797795181484992,175.8247436189749,0.013499999999999998,0.011333516536541348,0.13424178822247224,0.13226088451233742,38.72943755013837,39,29,0,False
8.5,4,0.8,0.8790879027865514,0.6839273805558851,174.63707354177635,0.013499999999999998,0.011340738339827761,0.13401364659788884,0.13307754253793386,38.568270838447724,39,29,0,False
8.5,4,0.8,0.8825986774970699,0.6809957584700984,173.6551926990277,0.013499999999999998,0.011338793220673415,0.13251135499424965,0.1324274400859899,38.69657607442444,39,29,0,False
8.5,4,0.8,0.8796239009363889,0.6770153630672582,173.68893578256663,0.013499999999999998,0.011333771515473086,0.13171761087218214,0.13159576924208685,38.86140523242505,39,29,0,False
8.5,4,0.8,0.8787130347550012,0.6793603975011853,174.13092803529992,0.013499999999999998,0.011335857576774107,0.13261420541608956,0.1321068343065555,38.759904983120286,39,29,0,False
8.5,4,0.8,0.8814617997319766,0.6834228941835502,174.15689286715494,0.013499999999999998,0.011340958003731789,0.13346844480237002,0.1329531510514367,38.592779558864855,39,29,0,False
8.5,4,0.8,0.8785489045293559,0.6610815993372272,176.2706289666832,0.013499999999999998,0.011316836994588221,0.12684325935020918,0.12763711983595324,39.55565308642824,39,29,0,False
8.5,4,0.8,0.8831329254320163,0.6961895897119401,175.4884624948302,0.013499999999999998,0.011354692289732503,0.13729268496971744,0.135661268581927,38.06934273090219,39,29,0,False
8.5,4,0.8,0.8352170182843014,0.6860570171492066,183.1085694100422,0.013499999999999998,0.01132976826516973,0.14214857748780185,0.1337956182640369,38.42767950931547,39,29,0,False
8.5,4,0.8,0.8814665369331719,0.6888021463807453,174.8379655301404,0.013499999999999998,0.011346544018235219,0.13518985813817802,0.1340974280531671,38.36903719594472,39,29,0,False
8.5,4,0.8,0.890910875245461,0.6817830433155365,173.75014487138787,0.013499999999999998,0.011342195835823342,0.13144117509412656,0.13253372465827465,38.67564895651071,39,29,0,True
8.5,4,0.8,0.8802706434315889,0.6824286696573205,174.24153944127252,0.013499999999999998,0.011339572693352451,0.13334199386615747,0.13274994588981942,38.632915688472295,39,29,0,False
8.5,4,0.8,0.8645881218629083,0.6833407650863511,177.167379930708,0.013499999999999998,0.011335720313424244,0.13620414954716628,0.13305063452567267,38.573568610390495,39,29,0,False
8.5,4,0.8,0.8792944511948895,0.6795501051482388,174.05807963072917,0.013499999999999998,0.011336311362359698,0.13257833306178538,0.13214090400765796,38.75316073520878,39,29,0,False
8.5,4,0.8,0.8787227259488911,0.6775957846282976,173.91690882098612,0.013499999999999998,0.011334084560507815,0.13204723997928977,0.13172715253309564,38.83523945491387,39,29,0,False
8.5,4,0.8,0.8751883482624339,0.680329683365313,174.875585852807,0.013499999999999998,0.011335814797727788,0.13349198014722732,0.13233876970943284,38.71406054664047,39,29,0,False
8.5,4,0.8,0.8852591713939335,0.6742981429898162,173.72032916810224,0.013499999999999998,0.011332713861447812,0.1299614059687504,0.13094047749569787,38.98679021671325,39,29,0,True
8.5,4,0.8,0.8791448190219326,0.6789987946065649,174.0118243044496,0.013499999999999998,0.01133563069541043,0.13242880257491416,0.13202576736234906,38.77596097057537,39,29,0,False
8.5,4,0.8,0.8841897173652504,0.6945830837724337,175.0974446771204,0.013499999999999998,0.011353376424418271,0.13660198147817132,0.13531099175794362,38.135870766751076,39,29,0,False
8.5,4,0.8,0.8776665998038391,0.6824609358176814,174.70530785597134,0.013499999999999998,0.011338816929038653,0.13377246109798469,0.13277493790092115,38.627972754209345,39,29,0,False
8.5,4,0.8,0.929720289465458,0.7000401636488486,174.45649196718725,0.013499999999999998,0.011371987326286843,0.13121389129766725,0.13618752944794144,37.970029058921234,39,29,0,True
8.5,4,0.8,0.8830320626271908,0.6747580006369841,173.65412938038776,0.013499999999999998,0.011332499794054799,0.13045806619086872,0.13107873717041302,38.96347835542238,39,29,0,True
8.5,4,0.8,0.8788883519162182,0.6781412546233564,173.9537510998991,0.013499999999999998,0.01133468943316309,0.1321951903891273,0.1318431200793487,38.81218687807451,39,29,0,False
8.5,4,0.8,0.8745079750700838,0.6962136890150092,177.04463481657945,0.013499999999999998,0.011352243570835736,0.1387215760481106,0.1357156569441666,38.05904336089806,39,29,0,False
8.5,4,0.8,0.8776789640000097,0.6805503980512669,174.46159740789662,0.013499999999999998,0.011336798993845784,0.1331602145907679,0.13236840850234513,38.70821363165692,39,29,0,False
8.5,4,0.8,0.8773497486008421,0.6799323165196423,174.44580884763118,0.013499999999999998,0.011336089175120974,0.13301427573050997,0.13223750967211917,38.73405599376402,39,29,0,False
8.5,4,0.8,0.89387693176265,0.7004531552350577,174.14511683754034,0.013499999999999998,0.011362236134380473,0.1369159818747291,0.1365075600392857,37.91000580754319,39,29,0,False
8.5,4,0.8,0.8792992188239885,0.6823013203344279,174.3959383538016,0.013499999999999998,0.011339137046773187,0.13345807306997248,0.13272994808570074,38.636872207314944,39,29,0,False
8.5,4,0.8,0.8768246118217083,0.6818839784677343,174.77854295126787,0.013499999999999998,0.011337923262103864,0.13372537451430166,0.13265944229730028,38.650831138003845,39,29,0,False
8.5,4,0.8,0.8810150147624786,0.6829903861568319,174.18104570426652,0.013499999999999998,0.011340376130788428,0.1334019874031938,0.13286426162917825,38.61032146648297,39,29,0,False
8.5,4,0.8,0.895569108223274,0.6844936166514702,173.82389132618127,0.013499999999999998,0.011346327336202595,0.13157034498196543,0.1330807284924234,38.56764371506479,39,29,0,True
8.5,4,0.8,0.8787507515948193,0.6785703201460566,174.02952260453574,0.013499999999999998,0.011335079321794438,0.13235469584955667,0.13193643736637978,38.793666061447574,39,29,0,False
8.5,4,0.8,0.8788835784562504,0.6814880229423377,174.36955698435327,0.013499999999999998,0.011338199276296616,0.13326361329637704,0.1325588461911956,38.67070746870184,39,29,0,False
8.5,4,0.8,0.8782204743605388,0.6801483756240777,174.31825319372166,0.013499999999999998,0.011336570912893354,0.13294342213823387,0.13227774770547648,38.72610669643602,39,29,0,False
8.5,4,0.8,0.8842564649157431,0.669465524302721,174.64483910110155,0.013499999999999998,0.011327346228868844,0.12859399017776457,0.12971746706970022,39.19480619571057,39,29,0,False
8.5,4,0.8,0.8812996957107173,0.6846494557977005,174.33817047066532,0.013499999999999998,0.011342154305812095,0.1338877874230802,0.1332158888500809,38.541066370501774,39,29,0,False
8.5,4,0.8,0.8805794385192944,0.6765964384112455,173.55999259865223,0.013499999999999998,0.011333638543298484,0.13143152892745888,0.13149863770959497,38.88078298264491,39,29,0,True
8.5,4,0.8,0.8804624145945765,0.6833310892096761,174.32093365787634,0.013499999999999998,0.011340558289728481,0.13360001940443034,0.13294064895393354,38.595245370592465,39,29,0,False
8.5,4,0.8,0.8794469480127549,0.6827447076897939,174.42632017020253,0.013499999999999998,0.011339648264428175,0.13357587006709085,0.13282292761630848,38.6184865397445,39,29,0,False
8.5,4,0.8,0.8789863087954408,0.6802768137086261,174.19889913856406,0.013499999999999998,0.011336933439098319,0.13286143761533242,0.13229986870257537,38.721738589024376,39,29,0,False
8.5,4,0.8,0.883474001332307,0.681696586910843,173.5918375544885,0.013499999999999998,0.011339829840815012,0.1325931355881303,0.13257011990894207,38.6684904958024,39,29,0,False
8.5,4,0.8,0.8830654953695078,0.6744436407985812,173.65994069289346,0.013499999999999998,0.011332180888492343,0.13035325935115485,0.13099822630322153,38.97704823789539,39,29,0,True
8.5,4,0.8,0.8784660070407048,0.689622183724294,175.47389517890016,0.013499999999999998,0.011346479147688708,0.1359426762784018,0.13429200199636576,38.33137042714655,39,29,0,False
8.5,4,0.8,0.9034228981565542,0.6747735756419146,174.2002019713249,0.013499999999999998,0.011338904167144268,0.12730320198392184,0.13088488295972747,38.996175558284015,39,29,0,True
8.5,4,0.8,0.8808035720641024,0.6777313944245494,173.56954111160732,0.013499999999999998,0.0113348685137261,0.13175769952201954,0.13174061745287557,38.83256076509839,39,29,0,False
8.5,4,0.8,0.8836056885011621,0.684086366967158,173.86317924224855,0.013499999999999998,0.011342275282549531,0.13333690796478986,0.13307987257593892,38.56781219074315,39,29,0,False
8.5,4,0.8,0.8786972536676063,0.6811886167805622,174.36389566414005,0.013499999999999998,0.011337812058135386,0.13319865063659425,0.13249662220410321,38.682950533075946,39,29,0,False
8.5,4,0.8,0.913581374263479,0.6366126088804712,183.7884618581389,0.013499999999999998,0.011304870980371274,0.11412904745141089,0.12093075232390442,40.784864613309246,39,29,0,False
8.5,4,0.8,0.8913668362309094,0.6767280380524957,173.84151561369376,0.013499999999999998,0.011337135774135915,0.1297718577940349,0.13144285658102287,38.89192419604653,39,29,0,True
8.5,4,0.8,0.8806755442454625,0.6771540898036396,173.55337273234167,0.013499999999999998,0.011334240571560385,0.13159392415522644,0.13161756544254244,38.85706079461438,39,29,0,True
8.5,4,0.8,0.8890555288523078,0.6470348923034464,179.96388520850164,0.013499999999999998,0.011306031049280216,0.12085831285454711,0.1239342914699299,40.221211776179345,39,29,0,False
8.5,4,0.8,0.8792021404047644,0.676746042616985,173.72996923745453,0.013499999999999998,0.011333363756833408,0.1316991208307831,0.13154120055428958,38.87228818864682,39,29,0,False
8.5,4,0.8,0.878798441233674,0.6785620652432949,174.02016519770964,0.013499999999999998,0.01133508579462555,0.1323443948891408,0.13193430647253718,38.79408869266571,39,29,0,False
8.5,4,0.8,0.8758979233139184,0.6915875546093053,176.18929363669616,0.013499999999999998,0.011347794952809579,0.136996175286695,0.13472502322614088,38.24793280696547,39,29,0,False
8.5,4,0.8,0.8785690844386499,0.6790573496398266,174.1198646331421,0.013499999999999998,0.011335511062632793,0.13254006423858547,0.13204264170839947,38.772619168254614,39,29,0,False
8.5,4,0.8,0.8814240974248096,0.6792349295460228,173.6414097575745,0.013499999999999998,0.011336571240174162,0.13213937823215888,0.13205971600489372,38.769237957602826,39,29,0,False
8.5,4,0.8,0.8823825843957889,0.6814082956343813,173.7455299590459,0.013499999999999998,0.011339180155637596,0.1326764282227797,0.13251672542610518,38.678993816188964,39,29,0,False
8.5,4,0.8,0.8795409489750404,0.6794305467321025,174.00055845437265,0.013499999999999998,0.01133626892862262,0.13250037559837247,0.13211332473122475,38.75861990834892,39,29,0,False
8.5,4,0.8,0.8794834637924899,0.6827754753263168,174.42369425442908,0.013499999999999998,0.011339690333906253,0.13357986289669943,0.13282923741364014,38.61723978081071,39,30,0,False
8.5,4,0.8,0.8831138504170136,0.6875272181649106,174.38435485840532,0.013499999999999998,0.011345699716106928,0.13451545239677667,0.13381550276405624,38.42380778463384,39,30,0,False
8.5,4,0.8,0.8794811218236172,0.6810232667161608,174.20471133270973,0.013499999999999998,0.011337869341556608,0.13301999806004097,0.13245589126446028,38.690970853374225,39,30,0,False
8.5,4,0.8,0.8790800224749477,0.680231363942602,174.17702234900545,0.013499999999999998,0.011336917676149744,0.13283173988364338,0.132289377306638,38.72381008437789,39,30,0,False
8.5,4,0.8,0.8785975659716818,0.67881957933557,174.08634469669715,0.013499999999999998,0.011335282035529247,0.13245920827615232,0.13199122635821633,38.78280413112957,39,30,0,False
8.5,4,0.8,0.8807500402720085,0.6765048394831233,173.5659333018229,0.013499999999999998,0.011333597353397729,0.13137516720506054,0.13147769049625435,38.884965685504135,39,30,0,True
8.5,4,0.8,0.876416180091489,0.6803771324200998,174.66386331853587,0.013499999999999998,0.011336239799018755,0.13330841538132757,0.13234016039827506,38.71378614399706,39,30,0,False
8.5,4,0.8,0.8754172769560047,0.6748706818765748,174.15731287174668,0.013499999999999998,0.011330139914164254,0.1317113940397504,0.13117150120145826,38.94625669383513,39,30,0,False
8.5,4,0.8,0.8963580282394416,0.7026621465320019,173.99027001241964,0.013499999999999998,0.011365155371472065,0.13722570435161868,0.136968332447268,37.82407408947243,39,30,0,False
8.5,4,0.8,0.8787531017828287,0.6938212357469739,175.96814748695132,0.013499999999999998,0.011350996658245408,0.1372457347545583,0.1351816629284801,38.160520806698784,39,30,0,False
8.5,4,0.8,0.8900396705906513,0.6862245289568426,173.66738640780633,0.013499999999999998,0.011346489988256688,0.13298912199839483,0.1334885730352463,38.48761067320033,39,30,0,True
8.5,4,0.8,0.88084023553074,0.6804602762802165,173.89565739309558,0.013499999999999998,0.011337685037006223,0.13262262859314852,0.13232590278316006,38.71659964546398,39,30,0,False
8.5,4,0.8,0.8707284722823441,0.6813400205056628,175.8011118700376,0.013499999999999998,0.01133554760861744,0.13454166681746604,0.13258473674992535,38.665616655943474,39,30,0,False
8.5,4,0.8,0.8791799503345865,0.6793931122359556,174.05938186179625,0.013499999999999998,0.011336120155479698,0.13254632162170335,0.13210792414603065,38.75968919106033,39,30,0,False
8.5,4,0.8,0.8780067408069949,0.6779429399999733,174.0844809697491,0.013499999999999998,0.011334215217106753,0.13227319477973654,0.13180707644253623,38.81934748558694,39,30,0,False
8.5,4,0.8,0.8754674577713337,0.6795536229667178,174.73289785427284,0.013499999999999998,0.011335132791128693,0.13319653227364636,0.13216963145231503,38.747476695355964,39,30,0,False
8.5,4,0.8,0.8737252729193452,0.6780138784019264,174.8488239772954,0.013499999999999998,0.011332960104976354,0.13298664614159456,0.13185394748635018,38.8100366114313,39,30,0,False
8.5,4,0.8,0.8785348075071627,0.6799621500342534,174.24072558363704,0.013499999999999998,0.011336484333941129,0.1328328885620735,0.1322352956923027,38.73449352003018,39,30,0,False
8.5,4,0.8,0.871294990170574,0.6915054467085203,177.0094785691316,0.013499999999999998,0.011346327288606857,0.13773230239898407,0.13473620279877532,38.24578572121648,39,30,0,False
8.5,4,0.8,0.8844254040313908,0.680991803742346,173.59174980753798,0.013499999999999998,0.011339348349076935,0.132218629608039,0.13241321045520954,38.699380378406694,39,30,0,True
8.5,4,0.8,0.8932119387842307,0.6860866592529439,173.74963102511657,0.013499999999999998,0.01134732088391143,0.1324425946144336,0.13343616648093304,38.4978672569555,39,30,0,True
8.5,4,0.8,0.8836589616723773,0.6809613736952063,173.57248333729535,0.013499999999999998,0.011339080204194317,0.13233117711529405,0.13241236774817533,38.699546473636744,39,30,0,True
8.5,4,0.8,0.8797164919993095,0.6788794393977596,173.89736640100125,0.013499999999999998,0.011335688310874774,0.13229883460566627,0.13199581166256302,38.78189549959158,39,30,0,False
8.5,4,0.8,0.8683168660876666,0.704067199054819,179.2183951237441,0.013499999999999998,0.011358604689763295,0.14232596634057545,0.13741885921982752,37.740604883156394,39,30,0,False
8.5,4,0.8,0.8785109355842387,0.6816438139651406,174.45528062729886,0.013499999999999998,0.011338257451739714,0.1333731423264931,0.13259457339263755,38.66368301232057,39,30,0,False
8.5,4,0.8,0.8914011029044331,0.6799611061251157,173.78896523438803,0.013499999999999998,0.011340459510866908,0.13078802569636136,0.13213848375123072,38.753639721636894,39,30,0,True
8.5,4,0.8,0.8795432145159726,0.6554292156248182,177.5852375689014,0.013499999999999998,0.011311321882982818,0.12491415575049535,0.12618574546536426,39.8126383865632,39,30,0,False
8.5,4,0.8,0.8786777106739236,0.6713424659696503,174.0565276948177,0.013499999999999998,0.011327555138688002,0.1300655467574449,0.13024929235270272,39.10394966370784,39,30,0,False
8.5,4,0.8,0.8826831960848109,0.679713171349792,173.5679430758921,0.013499999999999998,0.011337519942663736,0.13208812727920027,0.13215095331364438,38.75117209061043,39,30,0,True
8.5,4,0.8,0.8782531267929469,0.6787496348658939,174.13842800688343,0.013499999999999998,0.011335105297709541,0.13249212604624852,0.13197872031968969,38.78528266725789,39,30,0,False
8.5,4,0.8,0.895958501086447,0.6750967527169202,173.99294389316324,0.013499999999999998,0.01133689839484684,0.12854629814655202,0.1310417956331983,38.96970302068015,39,30,0,True
8.5,4,0.8,0.8803356063164842,0.6779127842188453,173.67304316255678,0.013499999999999998,0.011334907169935713,0.1318903951273841,0.13178314389401605,38.824104194254545,39,30,0,False
8.5,4,0.8,0.8788256951798881,0.6785785271079234,174.0173636588239,0.013499999999999998,0.011335110782660229,0.13234529557673852,0.13193764645400174,38.79342626286374,39,30,0,False
8.5,4,0.8,0.8773606645986108,0.679751488543191,174.42222557846182,0.013499999999999998,0.011335913643369283,0.13295431997866616,0.13219846770169028,38.741773595757344,39,30,0,False
8.5,4,0.8,0.8760230963771413,0.6658346934899726,175.1393045943346,0.013499999999999998,0.011320976854176235,0.12874005746721845,0.12887349016654334,39.34027576255236,39,30,0,False
8.5,4,0.8,0.8794995573934776,0.6853471299903264,174.74886300210582,0.013499999999999998,0.011342397639877043,0.1343995715030198,0.1333746896719336,38.50990926038444,39,30,0,False
8.5,4,0.8,0.8781945873344391,0.6758857227490014,173.801412883233,0.013499999999999998,0.011332160477194373,0.13158599894876755,0.1313645719716017,38.90757591952262,39,30,0,False
8.5,4,0.8,0.8781692938149912,0.6759226286566159,173.81035151096657,0.013499999999999998,0.011332190921621733,0.13160180774489683,0.13137266315021723,38.90595736136131,39,30,0,False
8.5,4,0.8,0.8789485223762784,0.6777608932231135,173.8973114987665,0.013499999999999998,0.011334322601037155,0.13206384679971658,0.1317609222345546,38.82852239280763,39,30,0,False
8.5,4,0.8,0.8790050908919397,0.6796947951651807,174.1261565883954,0.013499999999999998,0.01133636529828384,0.1326713002308399,0.13217421483510783,38.74657004991493,39,30,0,False
8.5,4,0.8,0.8762124864796234,0.67888070408855,174.51357890654137,0.013499999999999998,0.011334605318451854,0.1328629499065193,0.13202196003350156,38.776715092815024,39,30,0,False
8.5,4,0.8,0.8816591498964226,0.6762200741785768,173.5943354009563,0.013499999999999998,0.01133358696452337,0.13113986281839668,0.13140965565937912,38.89855991061507,39,30,0,True
8.5,4,0.8,0.8784796832954158,0.6787575408031983,174.09959017208496,0.013499999999999998,0.011335183359916293,0.1324582516457086,0.13197874408344698,38.78527795714419,39,30,0,False
8.5,4,0.8,0.8670446981801815,0.6774266963970426,175.97135369937604,0.013499999999999998,0.011330289959055048,0.13388693363177326,0.13177659296398997,38.82540652225836,39,30,0,False
8.5,4,0.8,0.87804836200357,0.67999366421202,174.33006932344048,0.013499999999999998,0.011336365319592583,0.13292137076550914,0.13224564267546732,38.73244887612677,39,30,0,False
8.5,4,0.8,0.8763435734504067,0.6856546161165086,175.3478647121954,0.013499999999999998,0.01134175808450512,0.1350114877632596,0.13346145785561214,38.49291643061346,39,30,0,False
8.5,4,0.8,0.8796199322913903,0.6785927465195878,173.8799023881355,0.013499999999999998,0.011335371080133142,0.1322224652327076,0.1319347937950193,38.79399203827657,39,30,0,False
8.5,4,0.8,0.9055524578293188,0.6531857173355436,179.18821527519054,0.013499999999999998,0.011318010445441293,0.12030769921236677,0.12530111211592512,39.97170937151737,39,30,0,False
8.5,4,0.8,0.8920529985274188,0.6839661217440292,173.7443587193129,0.013499999999999998,0.011344743085828501,0.1319548363569413,0.13299303387295155,38.58491649564943,39,30,0,True
8.5,4,0.8,0.8807714858527135,0.6764308435012587,173.56768967170876,0.013499999999999998,0.011333527776462396,0.1313481914909481,0.13146165986370864,38.88816754948518,39,30,0,True
8.5,4,0.8,0.8995492340812403,0.7334664342214331,177.49935337563923,0.013499999999999998,0.011396822826580786,0.1466609955623279,0.14352805832798765,36.647971938495964,39,30,0,False
8.5,4,0.8,0.8789907880185358,0.6790532679021523,174.04536292864572,0.013499999999999998,0.011335637442644105,0.13247100532867626,0.13203864349049477,38.77341090027035,39,30,0,False
8.5,4,0.8,0.8780781447706132,0.6802268655300395,174.35267574423204,0.013499999999999998,0.011336604274712017,0.13299162298536757,0.13229571267499177,38.7225591454479,39,30,0,False
8.5,4,0.8,0.8787966983633176,0.6811181366416275,174.33732054158276,0.013499999999999998,0.011337764677645598,0.1331602680881374,0.1324809497022381,38.68603602242264,39,30,0,False
8.5,4,0.8,0.8819755744726562,0.680652530078711,173.72019265173714,0.013499999999999998,0.011338225099935928,0.13250243220495364,0.13235903467580865,38.71006254747972,39,30,0,False
8.5,4,0.8,0.8800294893107506,0.679806718375261,173.9598770646933,0.013499999999999998,0.011336792345628451,0.13254273292470797,0.13219080739440153,38.74328837466132,39,30,0,False
8.5,4,0.8,0.8815851559653686,0.6840369032344362,174.21101836189908,0.013499999999999998,0.0113416105050604,0.13364571209916443,0.13308349140652476,38.56709988727395,39,30,0,False
8.5,4,0.8,0.8785521724885043,0.6797086900396676,174.20737847064782,0.013499999999999998,0.011336239168553724,0.13274860539951422,0.1321805335504355,38.74532023831637,39,30,0,False
8.5,5,0.8,1.05,0.7616584391309187,173.13242345779972,0.012249999999999999,0.010831446381183262,0.13730075781930257,0.15246228010593021,35.16137431608641,39,1,0,True
8.5,5,0.7198287845738189,0.8555533708068948,0.8786312477294781,269.4925127401792,0.012249999999999999,0.011443387777453016,0.22131903008730608,0.15508078888514115,34.725629782247026,39,1,0,False
8.5,5,0.7969326894915127,1.05,1.0647714069105285,212.22109419868212,0.012249999999999999,0.010949151873699369,0.23568286061200452,0.20268534418021397,27.92104274146261,39,1,0,False
8.5,5,0.6958434587968266,0.8013450139839,0.6607436236673492,289.03646567309744,0.012249999999999999,0.011425625597165251,0.1544951983462807,0.108431496117127,43.37057256136515,39,1,0,False
8.5,5,0.6877277425965658,1.015527125397954,0.8577040002819902,252.18290166343405,0.012249999999999999,0.01173259541791746,0.18386414398245507,0.14396861942178107,36.57835814068535,39,1,0,False
8.5,5,0.7808835085922119,1.05,0.8872420059769556,184.86741778123903,0.012249999999999999,0.01103751783218512,0.17831306347028783,0.1722743615100597,32.10262132104803,39,1,0,False
8.5,5,0.8,0.8211703925784434,0.5,218.07571220149924,0.012249999999999999,0.010560619067827952,0.09105992455425697,0.09119498968419816,47.43995452041422,39,1,0,False
8.5,5,0.7972953399755904,1.05,0.9497341753518771,188.2165207234057,0.012249999999999999,0.010944951621032753,0.19696488017601846,0.18578515175878282,30.10596808464096,39,1,0,False
8.5,5,0.7890988281503089,0.9157449223859513,0.8814695437023616,203.77810623699986,0.012249999999999999,0.010950396921606856,0.2008091585749461,0.17280042567158893,32.01869658639503,39,1,0,False
8.5,5,0.6709212765994204,1.05,0.7306017707662683,255.24311942564367,0.012249999999999999,0.011775290270513113,0.1379515654558265,0.11494481827788126,41.98034010041524,39,1,0,False
8.5,5,0.7847803193311068,0.9134314210231006,1.142031616437854,272.0512295962485,0.012249999999999999,0.010988848151877397,0.29908176021380045,0.20813410104457333,27.276890113642562,39,1,0,False
8.5,5,0.7779401080583058,1.05,0.8981427090909042,188.57912019716903,0.012249999999999999,0.01106263719087333,0.18215377391734608,0.17337475466779417,31.929067634983127,39,1,0,False
8.5,5,0.8,0.820402831876937,0.7472541419687424,192.8151162322215,0.012249999999999999,0.010767295699149729,0.17205994601752964,0.1506069547314648,35.473652834579724,39,1,0,False
8.5,5,0.7813199657562561,0.9838694285622169,0.8570125746835598,190.58181611480893,0.012249999999999999,0.011005771189113332,0.1798822193492403,0.16689569877506144,32.883856414529994,39,1,0,False
8.5,5,0.5548983707931427,0.9334949225252729,0.9658067317848243,548.6670870295063,0.012249999999999999,0.01312484363223393,0.2561207657483683,0.12026593069461905,40.924540887411126,39,1,0,False
8.5,5,0.8,0.7644322179546349,0.8774100369174999,233.0585298044442,0.012249999999999999,0.01084190205735532,0.2353008841781325,0.17355386750972895,31.899641907459785,39,1,0,False
8.5,5,0.707227961371027,0.8981779787470896,0.6304025512181864,255.64643326909885,0.012249999999999999,0.011322355250970617,0.12592068362690467,0.10353317247785293,44.46939954447434,39,1,0,False
8.5,5,0.7643499839698745,0.7999511336122813,0.9785026694111483,275.5698868611943,0.012249999999999999,0.011129930460680228,0.2703631457136262,0.18027716842781907,30.887257687284595,39,1,0,False
8.5,5,0.7445345262031955,1.05,0.7842948908314464,189.2693730469901,0.012249999999999999,0.011235393128395613,0.1488720925331707,0.144458271484609,36.4912528368097,39,1,0,False
8.5,5,0.7865231963939849,0.7335737552847326,0.9618151793177738,275.36754487412173,0.012249999999999999,0.010953934469735619,0.2818117618599915,0.18228023077394634,30.59868543022873,39,1,0,False
8.5,5,0.7880716963864405,0.5481440975848925,1.0126658782070863,380.2074111041424,0.012249999999999999,0.010888603832568438,0.3919268302790622,0.18544407162797988,30.153583728180184,39,1,0,False
8.5,5,0.7820707866848496,0.4607549007233907,0.9838738573834026,442.0676115908758,0.012249999999999999,0.010894064715717857,0.4403200041351478,0.1783178841762617,31.174664102112107,39,1,0,False
8.5,5,0.7050818126927734,0.7295239572390269,1.0330493208171692,381.92285448611733,0.012249999999999999,0.011570514881827398,0.32666979655281375,0.17142166901287373,32.24263803668627,39,1,0,False
8.5,5,0.7354812948697285,0.681153678914812,0.8798565420306507,317.9246337731214,0.012249999999999999,0.01127739717890666,0.27179665384639,0.15737858103091062,34.34880722250877,39,1,0,False
8.5,5,0.8,1.05,0.958850392382867,188.54301272515454,0.012249999999999999,0.010928484456408451,0.1996638500264781,0.18782465536262502,29.82779609716952,39,1,0,False
8.5,5,0.7236293959748662,0.9424956451088713,0.8804872065591726,243.48810589852488,0.012249999999999999,0.011435111901800668,0.20210277838469956,0.15682931800793606,34.43889741318246,39,1,0,False
8.5,5,0.8,0.7498703704762202,0.8753466444721482,236.81091217917924,0.012249999999999999,0.010837686956867402,0.23873647671610906,0.17311802666236561,31.967954611070475,39,1,0,False
8.5,5,0.7866873526608431,0.700241750139593,0.7445557124423415,233.0402559293414,0.012249999999999999,0.010830433694588441,0.20188576873022362,0.14698552480928467,36.06344883989082,39,1,0,False
8.5,5,0.7217830573094551,0.9898205507040959,0.8695576474709901,231.68220788347006,0.012249999999999999,0.011454305268983613,0.1891663341217189,0.1547355659163972,34.78264909214806,39,1,0,False
8.5,5,0.7640937035696082,0.9753863023684473,0.9888084318651433,231.2902720977912,0.012249999999999999,0.011171591863681673,0.22917806025359627,0.18351703892009336,30.42475386049663,39,1,0,False
8.5,5,0.8,0.8844488532101717,0.8002330527948162,188.6738235861632,0.012249999999999999,0.010821833116610896,0.17753878013551913,0.1605840197592192,33.8364713934086,39,1,0,False
8.5,5,0.8,0.8467071557596719,1.2864898677136778,326.2620931935971,0.012249999999999999,0.010765144964925295,0.3769608978427769,0.22677620730438508,25.20523417340193,39,1,0,False
8.5,5,0.7076817536742951,0.8015836029025283,0.7168380604645118,269.7496717074673,0.012249999999999999,0.011394153765536055,0.1739194903766204,0.12288824756356201,40.41991612282301,39,1,0,False
8.5,5,0.8,1.0237839387634748,0.5,243.87055650192883,0.012249999999999999,0.010652597850914892,0.06788448298710646,0.08381668738028868,49.224090610895196,39,1,0,False
8.5,5,0.673761737728971,1.05,0.7577000485857469,249.11208767853427,0.012249999999999999,0.011778723213208908,0.14634589672123538,0.12136700525356835,40.70801229950864,39,1,0,False
8.5,5,0.7072784992950306,0.9865440487731265,1.09465011735908,304.1550019292416,0.012249999999999999,0.011607225244993172,0.27301309181113936,0.18332116064404466,30.45631844327335,39,1,0,False
8.5,5,0.8,0.5635868043960646,0.9900070558138648,349.87326248671,0.012249999999999999,0.01081541243606436,0.3688157247517252,0.18590992335511866,30.088647445198326,39,1,0,False
8.5,5,0.8,0.6980346627007545,0.9232031542044651,266.6320858654489,0.012249999999999999,0.0108439758810655,0.27583511654608756,0.1794746878955113,31.002166365631936,39,1,0,False
8.5,5,0.7875968172301241,1.0032488384308964,0.7398689055186831,174.21401143422182,0.012249999999999999,0.010883904485539626,0.13839088682371692,0.14539634234487173,36.32944223002944,39,1,0,True
8.5,5,0.7336073899916754,0.8548275334739291,1.03075316821375,300.18928165421124,0.012249999999999999,0.011378099095248064,0.2795309826517987,0.1803774345850124,30.87471438256446,39,1,0,False
8.5,5,0.8,0.9188710920234207,0.8798202564207444,196.6159241231968,0.012249999999999999,0.010876813175307521,0.19836015931965745,0.1748742463828664,31.695261128188417,39,1,0,False
8.5,5,0.8,1.05,0.7854445780381116,173.22987585810262,0.012249999999999999,0.010849002808872583,0.14451028653891893,0.15725720058010867,34.36469786751691,39,1,0,True
8.5,5,0.8,0.9696004478736344,0.887458622099471,188.5289214282591,0.012249999999999999,0.010890860845588244,0.19085245445012,0.17626876864300015,31.483500331385194,39,1,0,False
8.5,5,0.8,1.05,0.8507106512662034,174.17894596884955,0.012249999999999999,0.01088968014521096,0.1647591203797338,0.17008623477009116,32.42354794132701,39,1,0,True
8.5,5,0.7126545887478056,0.8890777604784035,1.0526614561022487,316.0464911199596,0.012249999999999999,0.011551734643317447,0.2815161525440349,0.17830277647872422,31.18142444477004,39,1,0,False
8.5,5,0.7745917005372597,0.9938352516501247,0.8759057234143127,196.13746291065877,0.012249999999999999,0.01106473747330718,0.18509698733532418,0.16871945595630553,32.61951835468974,39,1,0,False
8.5,5,0.7361318070090103,1.05,0.6303756117829993,210.075669837788,0.012249999999999999,0.011151776869256225,0.10328971109977515,0.1075120858968934,43.56905876083265,39,1,0,False
8.5,5,0.8,0.8330480130341213,0.8080034867126199,200.96724481936533,0.012249999999999999,0.010816311172198893,0.191226372123166,0.1619549606639383,33.623840010065265,39,1,0,False
8.5,5,0.8,0.8837146400088216,0.8297558346536299,194.05950655499112,0.012249999999999999,0.010841498810718078,0.18804647645950862,0.1660820854399096,33.00254545148065,39,1,0,False
8.5,5,0.7069004023193997,0.899120600495518,0.9578879509620026,289.6960905107341,0.012249999999999999,0.011591826676178734,0.2425947048910492,0.16418789795243482,33.28976532750172,39,1,0,False
8.5,5,0.7297043811186782,0.9210062907701833,0.7407998510625751,216.3532190196067,0.012249999999999999,0.011275914751857415,0.15688015068291844,0.13311224625840337,38.5651358669031,39,1,0,False
8.5,5,0.7491001445295804,0.9108099221792026,0.9102826014245704,238.0468680271748,0.012249999999999999,0.011247352967044712,0.21684463021295208,0.16791595692451866,32.7369688827224,39,1,0,False
8.5,5,0.7915673541057243,1.05,0.6818161095686164,175.61526822986016,0.012249999999999999,0.010819745676196825,0.11441487818191279,0.13290273692046123,38.603169737491804,39,1,0,True
8.5,5,0.5557849030191895,0.9251368488202693,0.8570147611277273,532.0394000035096,0.012249999999999999,0.013044137403862231,0.2151808729974581,0.10487078529254484,44.16794377751391,39,1,0,False
8.5,5,0.6100460264844831,0.8881264997176731,0.8394700509547252,401.1640024997745,0.012249999999999999,0.012414807409744653,0.21088642829543028,0.11848166015072147,41.26925162229837,39,1,0,False
8.5,5,0.8,1.011857626425968,1.0214984493421468,208.37112433365766,0.012249999999999999,0.010927515147037506,0.22835544236474745,0.1969917052476385,28.627310161835037,39,1,0,False
8.5,5,0.7341164735371327,0.9140363519004302,0.9524856311027781,259.1648840391701,0.012249999999999999,0.011376678449383688,0.2335459271267429,0.1708117417866489,32.32586142778544,39,1,0,False
8.5,5,0.8,0.943556103476856,0.7229272400245531,170.74119340691357,0.012249999999999999,0.010772862065276915,0.14122485661244047,0.14489983043929364,36.41287311023349,39,1,0,True
8.5,5,0.8,1.05,0.5,248.32994737703524,0.012249999999999999,0.010669310302891694,0.06545048753025758,0.08273734594094988,49.50362265170422,39,2,0,False
8.5,5,0.8,1.05,0.7369724996333737,173.20876742335108,0.012249999999999999,0.010811989598232425,0.1299201234603056,0.14708037323108977,36.046972175672195,39,2,0,True
8.5,5,0.8,1.05,0.7990100300621724,173.35172991366332,0.012249999999999999,0.010858419180075046,0.1486633104372165,0.15996340982045673,33.933206585744436,39,2,0,True
8.5,5,0.7328669480602507,1.05,0.5,282.0861792133741,0.012249999999999999,0.011096264091350257,0.06832067373684463,0.06992422113614775,53.059767318230804,39,2,0,False
8.5,5,0.7327746070706348,1.003912948659163,0.6664914874832919,204.25638120242687,0.012249999999999999,0.011198647975032321,0.11996623447919981,0.11626305397214151,41.7069742633945,39,2,0,False
8.5,5,0.8,1.05,0.7052773752841645,173.61326063500962,0.012249999999999999,0.010785491293175077,0.12060745383500608,0.13992854137470204,37.28179823115148,39,2,0,True
8.5,5,0.8,1.05,0.5,248.32994737703524,0.012249999999999999,0.010669310302891694,0.06545048753025758,0.08273734594094988,49.50362265170422,39,2,0,False
8.5,5,0.8,1.05,0.5303156870743871,227.3156198949125,0.012249999999999999,0.01066522170518534,0.0729625004417196,0.09298558263221932,47.03639329302596,39,2,0,False
8.5,5,0.8,0.9673186333549091,0.8722891360622036,185.9546510536102,0.012249999999999999,0.01088331861382751,0.18614766763227925,0.17380659449557095,31.860224742312695,39,2,0,False
8.5,5,0.8,1.05,0.5595435163548947,211.4609188315834,0.012249999999999999,0.010673633837694551,0.08043030787554614,0.10152760527976638,44.93886452438287,39,2,0,False
8.5,5,0.8,0.9732183860913598,0.5,236.0496989423745,0.012249999999999999,0.010623373042910632,0.07288921237841167,0.08581683496018955,48.718228558145704,39,2,0,False
8.5,5,0.8,1.05,0.8296069913750774,173.77186217213287,0.012249999999999999,0.010877788616950943,0.15814175416293025,0.1659965132140332,33.015115205624035,39,2,0,True
8.5,5,0.8,0.7786944337832152,0.5496722795958434,206.00455030167487,0.012249999999999999,0.010580434416152092,0.11276795574749801,0.10552585516555044,44.00811411596185,39,2,0,False
8.5,5,0.8,1.05,0.7643606538672084,173.13695929421337,0.012249999999999999,0.010833519109678077,0.138114372945029,0.15300785054924979,35.06826105990606,39,2,0,True
8.5,5,0.6292323501359985,0.8871734404271283,0.897866547340463,370.1665343229304,0.012249999999999999,0.012262899758132384,0.23164817730062442,0.13384319174085194,38.427382015535265,39,2,0,False
8.5,5,0.8,0.7712142193515592,0.8179940740814554,218.1571240888812,0.012249999999999999,0.010810063871635234,0.21002144079665055,0.16352416539346082,33.384437314786894,39,2,0,False
8.5,5,0.8,0.927427925458224,0.7978348969440918,180.1725427143948,0.012249999999999999,0.010829485080264939,0.1684819317921543,0.16010901791816187,33.91043778211435,39,2,0,False
8.5,5,0.8,1.05,0.8240486115205932,173.68435519883695,0.012249999999999999,0.010874499900495103,0.15640719384168666,0.1649052217280294,33.176653448645276,39,2,0,True
8.5,5,0.7834023418956969,1.05,0.5557138104162758,220.10664276473835,0.012249999999999999,0.010774900859728409,0.08027201499055535,0.09742334010240965,45.955123185165675,39,2,0,False
8.5,5,0.8,1.017504442479955,0.5076300490466379,237.38444829559188,0.012249999999999999,0.010647121793786574,0.07039524139213268,0.08659586327745322,48.525728652958584,39,2,0,False
8.5,5,0.7941875127484096,0.5622575587024441,0.8670246130980516,314.48876464957345,0.012249999999999999,0.010826955650934366,0.3083541837895651,0.16809267027979696,32.70858752356723,39,2,0,False
8.5,5,0.8,1.05,0.6925807161507773,173.892569092837,0.012249999999999999,0.010774582901094338,0.11692930300211817,0.13703986535708632,37.81078489242313,39,2,0,True
8.5,5,0.8,0.9689156224517324,0.5,235.43423017720926,0.012249999999999999,0.010621099026878222,0.07333480484539237,0.08598111693117542,48.67736146158325,39,2,0,False
8.5,5,0.8,1.05,0.7574030289785267,173.1394657765525,0.012249999999999999,0.010828256668075225,0.13601751497929396,0.1515998840182757,35.31005131048216,39,2,0,True
8.5,5,0.8,1.05,0.5,248.32994737703524,0.012249999999999999,0.010669310302891694,0.06545048753025758,0.08273734594094988,49.50362265170422,39,2,0,False
8.5,5,0.7768606556885979,1.0045255107269082,0.8530029889677777,188.82985369502222,0.012249999999999999,0.01103895486933295,0.17533191826970715,0.16511892331973937,33.14625643135715,39,2,0,False
8.5,5,0.8,0.8762469182109927,0.7287600402387893,178.77382389485103,0.012249999999999999,0.010762824681134259,0.15463490015753661,0.14656663766287442,36.13239426354624,39,2,0,False
8.5,5,0.8,1.05,0.5,248.32994737703524,0.012249999999999999,0.010669310302891694,0.06545048753025758,0.08273734594094988,49.50362265170422,39,2,0,False
8.5,5,0.7761530206927926,1.05,0.5,259.32970017478203,0.012249999999999999,0.010813953402125034,0.06646372490032541,0.07813290383103368,50.6915551141141,39,2,0,False
8.5,5,0.8,1.05,0.8333040028424765,173.84003211296144,0.012249999999999999,0.010879997854922205,0.15929460348206434,0.1667147148600901,32.909320738563885,39,2,0,True
8.5,5,0.8,0.969601878694037,0.8395896427255837,179.69452775070417,0.012249999999999999,0.010866076926075439,0.17477093086400883,0.16802260978149997,32.718364073319734,39,2,0,False
8.5,5,0.8,0.8816372115910576,0.9880670716354847,229.15579047186236,0.012249999999999999,0.010901945417304396,0.24647708345642466,0.1909946437564306,29.404150181675863,39,2,0,False
8.5,5,0.8,0.966282865993816,0.515733170108764,225.23105834382312,0.012249999999999999,0.0106203802298492,0.0777190933157664,0.0912494772764912,47.42752130711058,39,2,0,False
8.5,5,0.8,1.05,0.5,248.32994737703524,0.012249999999999999,0.010669310302891694,0.06545048753025758,0.08273734594094988,49.50362265170422,39,2,0,False
8.5,5,0.8,1.05,0.8165170116938845,173.56680433348174,0.012249999999999999,0.010869807426245057,0.1540691879350309,0.16342965758261152,33.39879584705202,39,2,0,True
8.5,5,0.8,1.0260891654391935,0.7207371360475172,172.7245838688312,0.012249999999999999,0.01079200324945747,0.1283450682617666,0.1436846984174652,36.62096062021726,39,2,0,True
8.5,5,0.8,1.05,0.6521221638832462,178.22235228127127,0.012249999999999999,0.010739506020451567,0.10542479614544771,0.12713060447417182,39.64478210659213,39,2,0,False
8.5,5,0.8,1.05,0.5493911631494257,216.57278661495957,0.012249999999999999,0.010669676323725666,0.077810746812097,0.09866678335106159,45.6397296125195,39,2,0,False
8.5,5,0.7986994206283694,1.05,0.7943066546073955,173.53454268938745,0.012249999999999999,0.010863822429043282,0.14733086186013122,0.15874076404247559,34.126252851458666,39,2,0,True
8.5,5,0.8,1.05,0.7837404402363848,173.21978797494643,0.012249999999999999,0.010847809187253117,0.14398971887406972,0.1569165619492635,34.42015749769562,39,2,0,True
8.5,5,0.8,0.9373515300493841,0.5,231.09974572817777,0.012249999999999999,0.010605166922322277,0.07671398155108965,0.08717279381081385,48.385310603993545,39,2,0,False
8.5,5,0.8,1.05,0.6720032701365826,174.51094982663713,0.012249999999999999,0.010756748699079036,0.11103508908289679,0.13233892526792881,38.71402985245722,39,2,0,True
8.5,5,0.8,1.046909037712769,0.8294270586112186,173.71717429304326,0.012249999999999999,0.010876994919361305,0.1585649568569271,0.16597034581154535,33.01896174686201,39,2,0,True
8.5,5,0.8,1.05,0.775578206020915,173.17137972652563,0.012249999999999999,0.010841883122057713,0.14150809103305423,0.15527574991885934,34.688804484278826,39,2,0,True
8.5,5,0.8,0.9252589289877371,0.6157013214395153,181.53720823228906,0.012249999999999999,0.010669315516226744,0.11085864638965973,0.11972863123675023,41.01652603991058,39,2,0,False
8.5,5,0.8,0.906736979919691,0.6647283530951733,170.43847480645235,0.012249999999999999,0.010710603052969172,0.1286159869964859,0.13254949747679554,38.67254617423412,39,2,0,True
8.5,5,0.8,1.05,0.5399825347069929,221.6711027345184,0.012249999999999999,0.010666938505527288,0.07540746739860517,0.09602675545122617,46.3150075292534,39,2,0,False
8.5,5,0.8,0.9482461312117895,0.5,232.55402060810275,0.012249999999999999,0.010610479037352237,0.07552604305814685,0.08676518657002831,48.484284326770634,39,2,0,False
8.5,5,0.8,0.9742555600830218,0.5327427282026116,216.77849969870994,0.012249999999999999,0.01062840319962387,0.0813604971174211,0.09628415990705418,46.24799769977844,39,2,0,False
8.5,5,0.8,1.026135128532118,0.5,244.2498669937877,0.012249999999999999,0.01065400368113489,0.0676630870409732,0.08372270384152465,49.24824495217732,39,2,0,False
8.5,5,0.8,1.05,0.8425772045617683,174.0084857448833,0.012249999999999999,0.010885212587660452,0.16220287343915202,0.16851321771013325,32.64756483832175,39,2,0,True
8.5,5,0.8,0.9171606407732028,0.6771675836119131,170.477200298503,0.012249999999999999,0.010724747113100543,0.13090823799721923,0.135150526244835,38.166462457677035,39,2,0,True
8.5,5,0.7891818616956756,1.05,0.519832389183109,238.64159574554787,0.012249999999999999,0.010730360197109575,0.07082443584635086,0.0872500437757377,48.36707985945174,39,2,0,False
8.5,5,0.8,0.9268226501864908,0.8286212926935494,185.45465331731702,0.012249999999999999,0.010850048518175427,0.17902608618472332,0.16594087453116332,33.02329551943789,39,2,0,False
8.5,5,0.6870446966173556,0.9596829533920123,0.5563100951635979,300.63681645229826,0.012249999999999999,0.01141661816352555,0.09578969931392498,0.07920689915777855,50.41133093988312,39,2,0,False
8.5,5,0.8,1.05,1.0549874761035578,208.28546297576682,0.012249999999999999,0.010929956436741889,0.2319375604103239,0.20204243090954963,27.998072389870387,39,2,0,False
8.5,5,0.7991848523452646,0.9726393820023028,0.8751131077515955,185.98651867448612,0.012249999999999999,0.010891209409649548,0.18618625027766494,0.17410414526646614,31.81405038073837,39,2,0,False
8.5,5,0.8,1.05,0.8260560525295534,173.71398114864257,0.012249999999999999,0.01087568417807049,0.15703374859701652,0.16529984685828172,33.11797264500792,39,2,0,True
8.5,5,0.8,1.05,0.701321879042079,173.6963931596863,0.012249999999999999,0.01078214715966995,0.11945669768280617,0.1390311024953585,37.4446294722858,39,3,0,True
8.5,5,0.8,1.0397096405455604,0.5261042235412081,228.5074917040757,0.012249999999999999,0.01065918941541207,0.07289408561126516,0.09194861733420842,47.268840492942985,39,3,0,False
8.5,5,0.8,1.05,0.5362110498185164,223.82045792454605,0.012249999999999999,0.01066611961052583,0.07445083760237882,0.09497070366804519,46.592969175164924,39,3,0,False
8.5,5,0.785766094099093,0.9563159360158439,0.5,239.8389702050633,0.012249999999999999,0.010700559161513731,0.07534503547361217,0.0837295320774697,49.24707626606092,39,3,0,False
8.5,5,0.7970623818176186,0.8443292760847155,0.568363443763789,192.61645309647278,0.012249999999999999,0.010626301218317343,0.10840222302717248,0.10845250589572399,43.36129531729099,39,3,0,False
8.5,5,0.8,0.991534504222412,0.5803444289977076,197.22534086469565,0.012249999999999999,0.01066138842512331,0.09231606369257969,0.10893207695103416,43.25755837605793,39,3,0,False
8.5,5,0.8,0.9664536194468952,0.5484281992684027,208.35232169378187,0.012249999999999999,0.010631995905825545,0.08646055100284009,0.1007808410768561,45.11873522443905,39,3,0,False
8.5,5,0.8,1.05,0.81832688555755,173.59359529911256,0.012249999999999999,0.01087094539395005,0.1546304170146277,0.16378441130030136,33.3449914265236,39,3,0,True
8.5,5,0.8,0.9746853672563334,0.8674232007808363,183.70414665881935,0.012249999999999999,0.010882435420461538,0.18313204286382379,0.17303021175439026,31.981770287047972,39,3,0,False
8.5,5,0.8,1.05,0.5131216071627372,238.54788943877426,0.012249999999999999,0.010665552054210728,0.06867272908836347,0.08713201271910084,48.39518345186348,39,3,0,False
8.5,5,0.8,0.9886317212344423,0.5,238.32192676057275,0.012249999999999999,0.010631819226570801,0.07131868091540736,0.08521986739873305,48.867592387939425,39,3,0,False
8.5,5,0.8,1.05,0.6236418420327015,186.45414218812488,0.012249999999999999,0.010715786506086443,0.09752918353250795,0.11934362146829298,41.091301408299046,39,3,0,False
8.5,5,0.8,0.9701287471955808,0.5179677160707856,224.3956693031204,0.012249999999999999,0.010622536678258411,0.07789518398602417,0.09184886937108168,47.29138368227303,39,3,0,False
8.5,5,0.8,0.87518058272293,0.5949575209364597,184.89865999942427,0.012249999999999999,0.010637962629836933,0.11175723730997936,0.11526815167160953,41.90731913654148,39,3,0,False
8.5,5,0.6810533184067509,0.8914351337311691,0.5,360.887176093019,0.012249999999999999,0.011395352849730297,0.0883150980780109,0.06516358712397924,54.625269276311116,39,3,0,False
8.5,5,0.8,0.8706162714815919,0.7514173046702448,183.06658614371057,0.012249999999999999,0.010781013284254955,0.16338798696096632,0.1513446469382116,35.354369918312344,39,3,0,False
8.5,5,0.8,0.905429020966121,0.8548627434695195,194.20334725497602,0.012249999999999999,0.010861051707963115,0.1923798923684138,0.1707637279039502,32.32843901224016,39,3,0,False
8.5,5,0.8,1.05,0.5,248.32994737703524,0.012249999999999999,0.010669310302891694,0.06545048753025758,0.08273734594094988,49.50362265170422,39,3,0,False
8.5,5,0.8,1.0240014557929742,0.6718013240834482,173.63934526423546,0.012249999999999999,0.010748511926945339,0.11422681478628609,0.13266891759898222,38.6489543278066,39,3,0,True
8.5,5,0.8,1.05,0.5407383407908324,221.24202695940593,0.012249999999999999,0.010667086348420942,0.07560055768767808,0.09623977977770369,46.259530650327946,39,3,0,False
8.5,5,0.8,1.05,0.5842245407968008,200.5286547445638,0.012249999999999999,0.01068707547679515,0.0868999611452664,0.10851428459985613,43.3477706713717,39,3,0,False
8.5,5,0.8,1.05,0.5225212180417979,232.205805794217,0.012249999999999999,0.010664795819027937,0.07100829552859718,0.09032441072538337,47.63992611193836,39,3,0,False
8.5,5,0.8,1.0359352465695832,0.5,245.89213803817972,0.012249999999999999,0.010660159403703105,0.06674469669132259,0.08332174100935343,49.35169116124495,39,3,0,False
8.5,5,0.8,1.05,0.6474664709034018,179.4805186926532,0.012249999999999999,0.010735569125934718,0.10412107477867533,0.1258541971490601,39.87203708352763,39,3,0,False
8.5,5,0.8,1.05,0.7334958477914113,173.23795833439274,0.012249999999999999,0.01080918617705883,0.12888829685809533,0.14629976613001222,36.17700396194857,39,3,0,True
8.5,5,0.8,0.9274682102205335,0.518512978668522,219.18410898774493,0.012249999999999999,0.010603901690358125,0.08280245732690211,0.09355326223391508,46.911215747788106,39,3,0,False
8.5,5,0.8,0.9461748552100839,0.5746802881294337,195.92616885349753,0.012249999999999999,0.010641446193639385,0.0961715920110584,0.10847358556708807,43.356588411214,39,3,0,False
8.5,5,0.7944334509473898,0.9497982229965982,0.6120922715958057,185.87026655173221,0.012249999999999999,0.010708076143950626,0.10683753672458382,0.11715550684282282,41.52379767198432,39,3,0,False
8.5,5,0.7996683611024078,0.9167033607650333,0.5,228.59817469684842,0.012249999999999999,0.010597616668562447,0.0790483136236272,0.08786562289685061,48.21850213893035,39,3,0,False
8.5,5,0.8,0.9240186967095542,0.6441433198723525,174.2018260080811,0.012249999999999999,0.010695253156840705,0.11962905481816545,0.12719591244407488,39.63325693699487,39,3,0,False
8.5,5,0.8,0.9768659840362298,0.5277932226504438,219.70039171773408,0.012249999999999999,0.010628030151400425,0.07976112969886169,0.09485924155302396,46.62259604005537,39,3,0,False
8.5,5,0.8,0.915650574875869,0.5,228.33519723681698,0.012249999999999999,0.010595203938800719,0.07915121002436003,0.08796788318244979,48.194009587229175,39,3,0,False
8.5,5,0.8,1.0019105397197412,0.5,240.34951724961155,0.012249999999999999,0.010639379224052458,0.06999897125537834,0.08469801696028725,48.999279942011455,39,3,0,False
8.5,5,0.8,1.0257560678362638,0.5,244.18693483211342,0.012249999999999999,0.010653767419685775,0.06769893152857352,0.08373816906979586,49.24426787812072,39,3,0,False
8.5,5,0.8,1.05,0.7397044941069848,173.18789028676653,0.012249999999999999,0.01081416918653681,0.13073285363787499,0.14769339264924308,35.94566198648718,39,3,0,True
8.5,5,0.8,1.0399950806430223,0.5,246.59152459812873,0.012249999999999999,0.010662793286498648,0.06636757969818664,0.08315313214779259,49.39538420998415,39,3,0,False
8.5,5,0.8,1.05,0.5033560650312945,245.72768449362226,0.012249999999999999,0.010668084796265624,0.0662689736013993,0.08385456751347646,49.214365115615124,39,3,0,False
8.5,5,0.8,1.05,0.5532079606553125,214.6014587882276,0.012249999999999999,0.010671022225338627,0.07879312294108179,0.09974121288004192,45.37273219310282,39,3,0,False
8.5,5,0.8,0.897079871631853,0.6268905496426451,177.25871398280108,0.012249999999999999,0.01067240496246367,0.11830824447235495,0.12312648714300682,40.37084666021387,39,3,0,False
8.5,5,0.8,1.05,0.5,248.32994737703524,0.012249999999999999,0.010669310302891694,0.06545048753025758,0.08273734594094988,49.50362265170422,39,3,0,False
8.5,5,0.8,0.9395176940701101,0.5781531307888167,194.199190159127,0.012249999999999999,0.010641917192813911,0.09799407836541413,0.10957815674767725,43.11913897675991,39,3,0,False
8.5,5,0.8,0.9633186502633192,0.6129270261964286,184.39409796835716,0.012249999999999999,0.010677826680920493,0.1049582659418148,0.1182691242359896,41.301881770014816,39,3,0,False
8.5,5,0.8,0.9766765239145417,0.6402345105730428,177.5538030690292,0.012249999999999999,0.010706072350126805,0.11116651963758331,0.1252803491554668,39.97546541495031,39,3,0,False
8.5,5,0.8,0.9506349992736074,0.5834140719079073,193.10014610398855,0.012249999999999999,0.010649459577882894,0.09809838273424408,0.11074633697130902,42.868309820535146,39,3,0,False
8.5,5,0.8,0.9335785299339403,0.5,230.6143938914006,0.012249999999999999,0.010603421633853291,0.07712963092423215,0.08731108582753057,48.351875370778295,39,3,0,False
8.5,5,0.8,0.8631878440544742,0.5591396679356035,195.8802429184766,0.012249999999999999,0.010605488666793287,0.10266068532160298,0.1061981048404789,43.857026710883936,39,3,0,False
8.5,5,0.8,1.05,0.5970702439873191,195.53355441879475,0.012249999999999999,0.010695624040323246,0.09032588471921152,0.11209076388300601,42.576357407845215,39,3,0,False
8.5,5,0.8,0.9140373069828902,0.6758905723813444,170.42365380288268,0.012249999999999999,0.010722842383436083,0.13099239037223254,0.13490255750818664,38.21387843223565,39,3,0,True
8.5,5,0.8,0.8651995366219803,0.7450521388556606,183.1864457837845,0.012249999999999999,0.010774518611087257,0.16224613267533966,0.1500424720931208,35.563942698937495,39,3,0,False
8.5,5,0.8,1.0236541036911517,0.5,243.84624409461074,0.012249999999999999,0.010652501414230447,0.06789717459304023,0.0838224983797986,49.22259830175998,39,3,0,False
8.5,5,0.8,1.0120793278817184,0.6557821920049183,175.3466010111966,0.012249999999999999,0.010730616313071881,0.11111365083288904,0.12883231961080105,39.34741275633248,39,3,0,False
8.5,5,0.8,0.9199302597529935,0.5506780361900583,203.3082087700713,0.012249999999999999,0.010616385041211233,0.09264178729736575,0.10260081829929878,44.68390664399887,39,3,0,False
8.5,5,0.7958344047343838,0.8357181464601097,0.857558433478777,212.51088318320032,0.012249999999999999,0.010875213743442894,0.20935819754243734,0.16993937637263926,32.44453353117489,39,3,0,False
8.5,5,0.8,0.9014336751043112,0.7015714319277033,170.6787564610798,0.012249999999999999,0.010743867249611806,0.14124265845361586,0.14059356194550518,37.16247131807286,39,3,0,False
8.5,5,0.8,0.9091354134696997,0.5,227.53623434946323,0.012249999999999999,0.010592358408482145,0.07990257733052215,0.08820268874669841,48.13794209227219,39,3,0,False
8.5,5,0.8,1.05,0.5,248.32994737703524,0.012249999999999999,0.010669310302891694,0.06545048753025758,0.08273734594094988,49.50362265170422,39,3,0,False
8.5,5,0.8,0.99521788870207,0.5725367412539037,200.57121387645753,0.012249999999999999,0.0106574466933525,0.08975548875204019,0.10666678345774046,43.75259457864497,39,3,0,False
8.5,5,0.8,1.0211774103971942,0.7547144849593415,172.46730282636224,0.012249999999999999,0.01081866855210954,0.13931642386441934,0.15127057474300354,35.36719980548709,39,3,0,True
8.5,5,0.8,0.7906448977583838,0.812173835782088,211.92147402089662,0.012249999999999999,0.010810255325631863,0.20282230308218022,0.1625737800679052,33.5289929614682,39,4,0,False
8.5,5,0.8,0.8895747158070045,0.7408748501943756,177.98281465819426,0.012249999999999999,0.010776250450492913,0.15626970627609843,0.14906577380069874,35.72120284390774,39,4,0,False
8.5,5,0.8,0.9200632135303308,0.6128336481532042,182.07141030093547,0.012249999999999999,0.010665333633432179,0.11072417607096295,0.11907255740685604,41.14412565425748,39,4,0,False
8.5,5,0.8,0.8924553381712338,0.653953640151879,170.7777143585253,0.012249999999999999,0.01069695387341047,0.12746221616579284,0.13021326869234,39.11008433064053,39,4,0,False
8.5,5,0.8,0.8917059334301545,0.5447509715312903,203.49468267695198,0.012249999999999999,0.010603545145289444,0.0945569647431752,0.10171779194163807,44.89339288832647,39,4,0,False
8.5,5,0.8,0.8232901024060689,0.6736052761043478,181.6876053870411,0.012249999999999999,0.010701495557428551,0.1458098748847318,0.13522429351364162,38.15239024812226,39,4,0,False
8.5,5,0.8,0.8540595886284491,0.7368707290491956,184.21348341625267,0.012249999999999999,0.010765235257936826,0.16158496420805896,0.1483652145318183,35.83526668625014,39,4,0,False
8.5,5,0.8,1.012821118476624,0.9452179173193072,192.30162946785404,0.012249999999999999,0.010919089746507717,0.20209653065262553,0.18554647232158114,30.138648423830016,39,4,0,False
8.5,5,0.8,0.9623205691210313,0.7909681231405034,173.08412476054366,0.012249999999999999,0.010832293687474442,0.16004411996605622,0.1587176697543953,34.12985128514756,39,4,0,False
8.5,5,0.8,1.05,0.5468399577137105,217.91626643723984,0.012249999999999999,0.010668820730132056,0.07715724578964768,0.09795112201246789,45.82017484144593,39,4,0,False
8.5,5,0.8,0.9435059283386332,0.5,231.91991986297478,0.012249999999999999,0.010608166787209456,0.07603943975453631,0.08694234451146542,48.4411795484443,39,4,0,False
8.5,5,0.8,0.8570077691107503,0.8217427980451392,198.2221818196326,0.012249999999999999,0.010830621297658239,0.1908916500178221,0.1645368377231952,33.23170757271659,39,4,0,False
8.5,5,0.8,0.9421175752909978,0.7231191088743129,170.71299153962073,0.012249999999999999,0.010772718399035012,0.14151412734019805,0.14495115739838885,36.40415017279732,39,4,0,True
8.5,5,0.8,0.9408185483775712,0.7134199258162577,170.7061626799004,0.012249999999999999,0.010763817431633991,0.1386406387045997,0.14285223810876843,36.76518655675416,39,4,0,True
8.5,5,0.8,0.9232672104224152,0.5,229.29059613182812,0.012249999999999999,0.010598635592860518,0.07828397298383064,0.08769042021245324,48.2605131105823,39,4,0,False
8.5,5,0.8,0.9971521070653308,0.6120927721587925,186.67981741642137,0.012249999999999999,0.01068791689894445,0.10049804841385317,0.11735217430576969,41.48412706690947,39,4,0,False
8.5,5,0.8,0.9045965148297,0.6906442039221412,170.02782164846317,0.012249999999999999,0.01073444257303203,0.1371969244732253,0.13821171577044145,37.59501897381797,39,4,0,True
8.5,5,0.8,1.05,0.5,248.32994737703524,0.012249999999999999,0.010669310302891694,0.06545048753025758,0.08273734594094988,49.50362265170422,39,4,0,False
8.5,5,0.8,0.855061846160527,0.7348771170777408,183.7282394242796,0.012249999999999999,0.01076374389255704,0.1607031714424363,0.14794398592116878,35.9043672746577,39,4,0,False
8.5,5,0.8,0.8642956088203615,0.6879736116335837,175.56589720847043,0.012249999999999999,0.010723164231575388,0.14316296004770998,0.13796801791916177,37.639591274237645,39,4,0,False
8.5,5,0.8,1.05,0.5,248.32994737703524,0.012249999999999999,0.010669310302891694,0.06545048753025758,0.08273734594094988,49.50362265170422,39,4,0,False
8.5,5,0.8,1.05,0.6199002089816844,187.63834890272082,0.012249999999999999,0.010712765752909083,0.09650625665269269,0.11832010656432178,41.291818172659625,39,4,0,False
8.5,5,0.8,0.9291616828607372,0.7615970789262607,174.03488403748716,0.012249999999999999,0.010802234046878884,0.15612487467425926,0.15311496078356082,35.050065202525595,39,4,0,False
8.5,5,0.8,1.0009732764353803,0.6753875013997386,172.8131144217665,0.012249999999999999,0.010745018132373767,0.11827890009856319,0.13378468557316966,38.42980871048194,39,4,0,True
8.5,5,0.8,0.9590190868310601,0.8133955331203381,177.20798285983216,0.012249999999999999,0.010847259131500395,0.1679775114682503,0.1630496313364806,33.45658905334956,39,4,0,False
8.5,5,0.8,0.8728097496826196,0.894569797301747,209.55279260605838,0.012249999999999999,0.010873736549943483,0.21381148979641096,0.17695762285344435,31.378532895043698,39,4,0,False
8.5,5,0.8,0.9291680407468013,0.7407614360142915,171.0319170244416,0.012249999999999999,0.010784951762334051,0.14931230231755416,0.14884550692966877,35.75695136846445,39,4,0,False
8.5,5,0.8,0.8767050015329817,0.7286427779551661,178.67385440799288,0.012249999999999999,0.010762843795215148,0.1545103072186729,0.1465387451684987,36.13704915696913,39,4,0,False
8.5,5,0.8,0.8493062025133227,0.7335310648822055,184.68280228296612,0.012249999999999999,0.010761356328945164,0.161359696106256,0.14768544151711854,35.94697451946292,39,4,0,False
8.5,5,0.8,0.9381240826691003,0.586566404261851,191.1824259792836,0.012249999999999999,0.010648009304196453,0.10058932568446248,0.11184476941608801,42.62933790434683,39,4,0,False
8.5,5,0.8,0.8547140086678126,0.7914655390973407,193.21010971462698,0.012249999999999999,0.010809093028686892,0.18055869268315627,0.15892487802599617,34.09691121366527,39,4,0,False
8.5,5,0.8,0.9309423712092071,0.5,230.2616262655834,0.012249999999999999,0.010602118085783737,0.0774243149463276,0.08741067890593987,48.32783886450659,39,4,0,False
8.5,5,0.8,0.932583726981311,0.62964530861833,178.1629541787681,0.012249999999999999,0.010684005816782801,0.1140122923453742,0.12325207623330177,40.347475167615706,39,4,0,False
8.5,5,0.8,0.9317908782264137,0.7920517523626318,178.45306166752187,0.012249999999999999,0.010826269109168323,0.16575120366717302,0.1589928931777393,34.086119072843125,39,4,0,False
8.5,5,0.8,1.05,0.6765865123175233,174.35284522786293,0.012249999999999999,0.010760712132873834,0.11234109569494934,0.13338634030129434,38.50762629739763,39,4,0,True
8.5,5,0.8,1.02482474823709,0.6423160006566409,179.4965599438104,0.012249999999999999,0.010722815310584614,0.10568047111606924,0.12494444103168027,40.03637654218712,39,4,0,False
8.5,5,0.8,0.9244273875797429,0.51214828555334,222.31364571787515,0.012249999999999999,0.01060091232387493,0.08142603691987667,0.09158335540157132,47.35154583437942,39,4,0,False
8.5,5,0.8,0.8946262653326309,0.7188276450294717,174.08500655939181,0.012249999999999999,0.010758026907094405,0.14804285786437965,0.14435073295375161,36.506577251561005,39,4,0,False
8.5,5,0.8,0.9005433380408967,0.7507458506281809,177.3472806364334,0.012249999999999999,0.010786907376314762,0.15759228063810843,0.15111455755780437,35.392991654657344,39,4,0,False
8.5,5,0.8,1.049050209689986,0.5513844997418864,215.43147011608838,0.012249999999999999,0.010669909452317734,0.07841785628302587,0.09925549255290429,45.492860437446566,39,4,0,False
8.5,5,0.8,0.9099592258726952,0.76812279231693,178.44481118952405,0.012249999999999999,0.010803079911665462,0.1617061427857306,0.15444271842441615,34.8267809914405,39,4,0,False
8.5,5,0.8,0.9109460942660297,0.846622318472448,191.63656515529686,0.012249999999999999,0.010857551330003063,0.1883653154818453,0.16925765408972543,32.54098598202728,39,4,0,False
8.5,5,0.8,0.873743962207465,0.6239261831411513,177.01436093264033,0.012249999999999999,0.010664223462445183,0.12094285334742637,0.1227322513078322,40.44447215946114,39,4,0,False
8.5,5,0.8,0.9013756978215348,0.75639138760108,178.1038507141599,0.012249999999999999,0.010791795343347024,0.15932984766197525,0.15220484333753892,35.20556396389346,39,4,0,False
8.5,5,0.8,0.8997184945035175,0.5311392163990899,210.1470924015821,0.012249999999999999,0.010598541748948724,0.08965101334721409,0.09789876736538361,45.83345847233261,39,4,0,False
8.5,5,0.8,0.9101324600705788,0.7298530556943041,172.82711364737617,0.012249999999999999,0.010771240023660566,0.14898596900882277,0.14661608705729953,36.12414613125974,39,4,0,False
8.5,5,0.8,0.7927618225195905,0.763620820343518,202.0820201052735,0.012249999999999999,0.01077522198063033,0.18412693201374702,0.15371410715720094,34.94879055570789,39,4,0,False
8.5,5,0.8,0.8969328948684406,0.7638358585720166,180.1302469875082,0.012249999999999999,0.010796836102979776,0.16265224508662354,0.15364993399329602,34.959596825574515,39,4,0,False
8.5,5,0.8,0.8992138287352265,0.7405669511951174,176.1854931465165,0.012249999999999999,0.010778020600146168,0.15443581481500343,0.14895952842074076,35.738432984643616,39,4,0,False
8.5,5,0.8,0.9131399420822479,0.6650531217106075,170.59354402400228,0.012249999999999999,0.010712420339161616,0.12772553759472124,0.1325502976887931,38.67238877843031,39,4,0,True
8.5,5,0.8,0.980107018935853,0.6901161951479943,171.8970068463012,0.012249999999999999,0.010752604443624827,0.1255513675246925,0.13733812088307487,37.755523439398004,39,4,0,True
8.5,5,0.8,0.9085344171655442,0.6388928839977605,174.81208721378474,0.012249999999999999,0.010686502593447528,0.12029779724956992,0.1260611538112302,39.834929055841094,39,4,0,False
8.5,5,0.8,1.0235956294434743,0.7192546761580794,172.6764796388538,0.012249999999999999,0.010790089827615144,0.1282436738441565,0.14337776587390771,36.673943769949396,39,4,0,True
8.5,5,0.8,0.9100974959465177,0.6167593014279498,180.5001764378306,0.012249999999999999,0.010666314171835242,0.11331093202398876,0.12027453509651238,40.91084453849136,39,4,0,False
8.5,5,0.8,0.8921031079382045,0.5,225.50410207709385,0.012249999999999999,0.010585181283582781,0.08191346698150995,0.08880999284654566,47.99382038220587,39,4,0,False
8.5,5,0.8,0.8454387485421917,0.8274558872663943,201.8340896537789,0.012249999999999999,0.010831822446952893,0.1955271994023026,0.16554858827393398,33.0811403941257,39,4,0,False
8.5,5,0.8,0.886911053355089,0.5,224.91400699393384,0.012249999999999999,0.010583149395138313,0.08253807009989611,0.08899045819229948,47.951239340244264,39,4,0,False
8.5,5,0.8,0.8765316781838993,0.6477496166222837,171.56779357227165,0.012249999999999999,0.010687494442644404,0.1280302426506397,0.1288240269693132,39.34885076310937,39,4,0,False
8.5,5,0.8,0.9105406361906221,0.7916746825155588,182.22278862803506,0.012249999999999999,0.010821282324161992,0.16953808246465635,0.1589510349757542,34.092759638176254,39,5,0,False
8.5,5,0.8,0.9360686072965978,0.7644568643676841,173.3048228693989,0.012249999999999999,0.010806047561422963,0.1558728924775779,0.15364726653358177,34.96004621752412,39,5,0,False
8.5,5,0.8,0.8975577581908027,0.6846473852113385,169.92802754751952,0.012249999999999999,0.010727267835911566,0.13642110280061867,0.13696828763058722,37.8240824197064,39,5,0,True
8.5,5,0.8,0.8754874123349495,0.7591288591106773,183.41643715961231,0.012249999999999999,0.010788431710249305,0.165094895071387,0.15279994134287622,35.10365984616356,39,5,0,False
8.5,5,0.8,0.8880269144794294,0.5961600729840708,185.21217760106154,0.012249999999999999,0.010642173498825897,0.11024850609452538,0.11533851992110858,41.892821323541035,39,5,0,False
8.5,5,0.8,1.0462738690587265,0.7839077574316093,173.14398074387404,0.012249999999999999,0.01084701984384022,0.14458262140774783,0.15697142108082843,34.4112081212681,39,5,0,True
8.5,5,0.8,0.8775561105933731,0.8058200694633743,191.0357524565475,0.012249999999999999,0.010824268160758859,0.1808883516354503,0.16162595021947468,33.6745886057374,39,5,0,False
8.5,5,0.8,0.9955235623847732,0.6528958401880722,175.27491190809428,0.012249999999999999,0.010723092103577804,0.11240028428612703,0.12834287937078476,39.4324430291607,39,5,0,False
8.5,5,0.8,0.8437040278393149,0.6121600181815194,181.29605687290916,0.012249999999999999,0.010646741179343616,0.12200088168166545,0.12019720638791187,40.9257657657245,39,5,0,False
8.5,5,0.8,0.9021419928650103,0.7103412147452787,171.66773062941675,0.012249999999999999,0.010752067409902361,0.1439718658790627,0.14248032961566837,36.829939428085225,39,5,0,False
8.5,5,0.8,0.8797969876546242,0.6586142021464692,169.8912342937746,0.012249999999999999,0.010698596381845725,0.1309716329712362,0.1315095566822296,38.87860322666197,39,5,0,True
8.5,5,0.8,0.9548652355274734,0.8791495563760596,189.57234905505737,0.012249999999999999,0.01088402895236457,0.19086972676702416,0.1748857026508168,31.693504508003254,39,5,0,False
8.5,5,0.8,0.904042385437191,0.8208804319283745,188.43580056276798,0.012249999999999999,0.010840148672695659,0.18080573989604384,0.1644657903556178,33.242356209960235,39,5,0,False
8.5,5,0.8,0.9177394857054633,0.7478747186326696,173.91653362911947,0.012249999999999999,0.010788332608385647,0.1535943903274576,0.15042973450743702,35.501941505271006,39,5,0,False
8.5,5,0.8,0.9364722612829959,0.7584632499864532,172.30343865925525,0.012249999999999999,0.010801340999180061,0.1538419647319561,0.15247750755556994,35.15876558137082,39,5,0,False
8.5,5,0.8,0.9437166203001948,0.6316515219516177,178.18046112881356,0.012249999999999999,0.010688936402808895,0.11306408345990965,0.1235841849112741,40.28586319029764,39,5,0,False
8.5,5,0.8,0.9041802617614896,0.6085349341484521,182.4749682944399,0.012249999999999999,0.010657323825088315,0.11167144280404889,0.11824028340848912,41.30757797845206,39,5,0,False
8.5,5,0.8,1.05,0.7733232957875892,173.16078229796426,0.012249999999999999,0.010840214948063542,0.14082461983563033,0.15482008856295268,34.76407748066603,39,5,0,True
8.5,5,0.8,0.9188038282677197,0.6682287885026648,170.66963176858772,0.012249999999999999,0.010716710197703412,0.12785129312966304,0.13318240947057935,38.5476445852565,39,5,0,True
8.5,5,0.8,0.8388706318275652,0.7630763646994371,191.5388964182528,0.012249999999999999,0.010783935224924221,0.17380470699608846,0.15360648750142802,34.966918447503176,39,5,0,False
8.5,5,0.8,0.9767115797198611,0.8945575423521566,188.67144969588819,0.012249999999999999,0.010895417688132673,0.1918947367432134,0.17741443410512112,31.309238064606745,39,5,0,False
8.5,5,0.8,1.0481242325718094,0.7783400093644361,173.14925144990275,0.012249999999999999,0.01084347768109907,0.14261519044438875,0.1558445351554442,34.5955110640838,39,5,0,True
8.5,5,0.8,0.8743814205158841,0.8130350689322468,192.96686233166065,0.012249999999999999,0.01082853883228834,0.18408477795670972,0.16296716302554703,33.469104373037844,39,5,0,False
8.5,5,0.8,0.8406203012587838,0.708356901417027,182.87010815418373,0.012249999999999999,0.010737249270599429,0.15437821367700766,0.14244358055517217,36.83633292688795,39,5,0,False
8.5,5,0.8,0.8821745179381518,0.6361793222838722,174.39419218600048,0.012249999999999999,0.010677692683446675,0.12347508501854161,0.1257573686059398,39.88943379572957,39,5,0,False
8.5,5,0.8,0.9449796530966151,1.058387038303108,231.14410022886608,0.012249999999999999,0.01091385917175335,0.2567753505625402,0.20149657130510903,28.064151478954685,39,5,0,False
8.5,5,0.8,0.8720578269593066,0.7418000895589482,181.39648344374885,0.012249999999999999,0.01077323802540413,0.1598273548078914,0.14933347241938044,35.67789722518998,39,5,0,False
8.5,5,0.8,0.8486400340426794,0.7273318125187241,183.9298122558167,0.012249999999999999,0.010755837647792534,0.1593502792487159,0.146389487499334,36.1619882777962,39,5,0,False
8.5,5,0.8,0.9225442616936426,0.7752581118463749,177.34974829135857,0.012249999999999999,0.01081149728946295,0.1618171898541862,0.15578949301700581,34.60450706794653,39,5,0,False
8.5,5,0.8,1.0135310657086032,0.7744672595393638,172.40613343871962,0.012249999999999999,0.010832133439528654,0.14654625864543688,0.15526722240667487,34.690208802265985,39,5,0,True
8.5,5,0.8,0.8723651323395446,0.8991912256851922,210.69552351531846,0.012249999999999999,0.0108756352272822,0.2156122548795863,0.17766002964884645,31.272167058836477,39,5,0,False
8.5,5,0.8,0.8855042323888845,0.5960530880968,185.1110522894766,0.012249999999999999,0.01064144857333963,0.1105807690770237,0.11535815608443512,41.88877837099871,39,5,0,False
8.5,5,0.8,0.8738411947594836,0.8053752707423718,191.7119329300684,0.012249999999999999,0.010823149350122655,0.18149551044180473,0.16153991321590433,33.68789650781406,39,5,0,False
8.5,5,0.8,0.8468597240007918,0.7412708624177288,186.30816196506694,0.012249999999999999,0.010767531714339626,0.16452221651033636,0.14930718055244274,35.682143638669494,39,5,0,False
8.5,5,0.8,1.00209209873802,0.7182577485676778,172.1276454370668,0.012249999999999999,0.010783447061291352,0.13095561024797728,0.14337212519178902,36.67491958180873,39,5,0,True
8.5,5,0.8,0.8996397644534321,0.8019899618640233,186.01028422483498,0.012249999999999999,0.010826300812779154,0.17515074334024439,0.16091980338209674,33.78427049171662,39,5,0,False
8.5,5,0.8,0.9454658234610541,0.6425455766603134,175.51617937520382,0.012249999999999999,0.010699434353803413,0.11608130607195959,0.12642878023027773,39.76926269147197,39,5,0,False
8.5,5,0.8,0.8226180474206671,0.7765753419140069,197.50991241954918,0.012249999999999999,0.010791246660219883,0.18212587521043588,0.15613981938194638,34.54736701335891,39,5,0,False
8.5,5,0.7999417708377181,1.0275664196180139,0.8015691305741278,172.96441357028763,0.012249999999999999,0.010855214641337853,0.15285675701086257,0.16056179813911872,33.8399246730628,39,5,0,True
8.5,5,0.8,0.7753398755606884,0.6929517471659055,194.92528681667227,0.012249999999999999,0.010711272168285525,0.16224902380394718,0.13955760917217674,37.348847272351755,39,5,0,False
8.5,5,0.8,0.8943106556792187,0.788613293411155,184.7577633466473,0.012249999999999999,0.010815467330507254,0.17158527545113786,0.15838480756210985,34.18296237037422,39,5,0,False
8.5,5,0.8,1.0187778037278896,0.8462645807462824,173.61339485010382,0.012249999999999999,0.010880534130542203,0.16843470891848838,0.1692732594433617,32.538762676801326,39,5,0,True
8.5,5,0.8,0.8958330139320906,0.776745981765479,182.46275538453247,0.012249999999999999,0.010806797683470976,0.1672368142480792,0.15613235197941405,34.54858210230585,39,5,0,False
8.5,5,0.8,0.8986356305218665,0.773765674643614,181.44552182179308,0.012249999999999999,0.010805084506990742,0.16569637280830218,0.15555461512165056,34.6429723622551,39,5,0,False
8.5,5,0.8,0.9032885849625969,0.7546659319871974,177.4767509069748,0.012249999999999999,0.010790783902083073,0.15840635430760966,0.15186699105150114,35.26380509319867,39,5,0,False
8.5,5,0.8,0.9302275906413846,0.8016276577262438,180.29067040037654,0.012249999999999999,0.010832752130063458,0.16924487352214634,0.1608347881594292,33.79754609451325,39,5,0,False
8.5,5,0.8,0.8470577698316886,0.6554083526991837,174.72327410000125,0.012249999999999999,0.010688638891963382,0.13543623351834919,0.13115464173194463,38.9496397850043,39,5,0,False
8.5,5,0.8,0.8952535133087461,0.7124348204222548,173.13903415749257,0.012249999999999999,0.010752446548006292,0.14583090044098537,0.1429775141057956,36.74337543174784,39,5,0,False
8.5,5,0.8,0.9174915073682237,0.7242551522757315,170.83744185601722,0.012249999999999999,0.010767950173255722,0.14591318085716248,0.14536953953083032,36.33327499350921,39,5,0,False
8.5,5,0.8,0.8535378769933742,0.7816645171689175,191.70882559013936,0.012249999999999999,0.01080149108412894,0.1773328946405548,0.15709559284342134,34.39097667306961,39,5,0,False
8.5,5,0.8,0.8724238320234654,0.7082943214237035,176.71285181340423,0.012249999999999999,0.010743656366176635,0.14847262505768985,0.1422445322747881,36.87101956715346,39,5,0,False
8.5,5,0.8,0.9089189012990269,0.7762786535735673,179.9623881090965,0.012249999999999999,0.010809309203128515,0.1646339343183897,0.1560174579931418,34.56729335175463,39,5,0,False
8.5,5,0.8,0.9266699678100652,0.6485966658330139,173.2802939656952,0.012249999999999999,0.0107001862418257,0.12060100633308832,0.1283224514181753,39.435993418500146,39,5,0,False
8.5,5,0.8,0.9028645892617863,0.6988544314308615,170.0919274881824,0.012249999999999999,0.010741665505232773,0.14012601290174814,0.1399969134847189,37.26947800330613,39,5,0,False
8.5,5,0.8,0.895031439685863,0.689948378982387,170.3227008946458,0.012249999999999999,0.010731661568544264,0.13854713927465367,0.13814262281264603,37.607640292648476,39,5,0,False
8.5,5,0.8,0.8523532186305638,0.8223485791986153,199.34928387044704,0.012249999999999999,0.010830035646599229,0.19213057405759804,0.1646346832819673,33.2170587228887,39,5,0,False
8.5,5,0.8,0.8656306967340314,0.6552437562833311,171.34338777462884,0.012249999999999999,0.010692294838886906,0.13222336547928326,0.13089400502679266,38.99463513550533,39,5,0,False
8.5,5,0.8,0.8751434722779436,0.6247800323591235,176.85227285499806,0.012249999999999999,0.010665276350473546,0.1209953107544902,0.12293176706334596,40.40716215300928,39,5,0,False
8.5,5,0.8,0.9918964882327782,0.6588303269572725,173.67673626077016,0.012249999999999999,0.010727420246255484,0.11461018932102687,0.12999709958191924,39.14695660436808,39,6,0,False
8.5,5,0.8,0.9512185254848459,0.5719409226643065,197.31860671316772,0.012249999999999999,0.010641135073076935,0.09477560963271679,0.10760251850959664,43.54627249984836,39,6,0,False
8.5,5,0.8,0.8775670651081379,0.6901923782490319,173.42143449770236,0.012249999999999999,0.010728035123225437,0.14158227402618018,0.13834066656429614,37.571335512656646,39,6,0,False
8.5,5,0.8,0.8868256777405713,0.5875287268505011,187.76562284421414,0.012249999999999999,0.01063434188616861,0.10781769646456614,0.11314471817800792,42.351546602084426,39,6,0,False
8.5,5,0.8,0.879164126805974,0.6981198332369799,174.15732062479682,0.012249999999999999,0.010735809690863511,0.14390909007564823,0.14002045740216715,37.26523830653361,39,6,0,False
8.5,5,0.8,0.833227982791057,0.6685669819283816,179.04060530613,0.012249999999999999,0.010698626983558713,0.14226379398825778,0.1340780060943048,38.372802996882946,39,6,0,False
8.5,5,0.8,0.8728313282806581,0.708072152472736,176.61154309969285,0.012249999999999999,0.010743582400782917,0.14832365360491673,0.14219298286853133,36.88001835463998,39,6,0,False
8.5,5,0.8,0.9775385401319683,0.584507786000717,194.61871070402714,0.012249999999999999,0.010659337384566682,0.09511772433453233,0.11042898868188965,42.9380915188782,39,6,0,False
8.5,5,0.8,0.8048042012325857,0.7028062677958022,189.63230061904406,0.012249999999999999,0.010725412785288328,0.1595476380158844,0.14145935419272357,37.00878891526147,39,6,0,False
8.5,5,0.8,0.7983764277530767,0.7072117301998933,191.6978687968301,0.012249999999999999,0.010728231235628688,0.16244179772704695,0.14240534568785634,36.84298838607154,39,6,0,False
8.5,5,0.8,0.8479425173126197,0.7379213032197037,185.60100630897327,0.012249999999999999,0.010764918455484898,0.16314359197098194,0.14860410157512746,35.796251468955646,39,6,0,False
8.5,5,0.8,1.05,0.6692992187575435,174.60170699132917,0.012249999999999999,0.010754328349717414,0.11026950628684369,0.1317197497422726,38.83671238626,39,6,0,True
8.5,5,0.8,0.8923681142700749,0.7136545920027395,173.80304375968586,0.012249999999999999,0.010752849949830712,0.14673299428284178,0.1432599080414455,36.69434850056677,39,6,0,False
8.5,5,0.8,0.860214925826247,0.6695530964763188,174.01217763981867,0.012249999999999999,0.010704915974800276,0.13780055512180225,0.13405314347568725,38.377625297341055,39,6,0,False
8.5,5,0.8,0.8537716209726879,0.7462936591634546,185.63875361227107,0.012249999999999999,0.010773193677691787,0.16489861448781715,0.15033602940372823,35.51692590672109,39,6,0,False
8.5,5,0.8,0.8892225200091763,0.6476282338386979,172.04280286669956,0.012249999999999999,0.010690156885945538,0.1259761748377807,0.12862082040362027,39.38413678132053,39,6,0,False
8.5,5,0.8,0.8941224552228624,0.6304992843943791,176.2440921028222,0.012249999999999999,0.010675138135897183,0.11986535722712846,0.12410536913717987,40.18973129550838,39,6,0,False
8.5,5,0.8,0.775439989054405,0.7862054337647185,210.69715826302937,0.012249999999999999,0.010789026747660156,0.1967431989184616,0.15782254203612653,34.2732293286639,39,6,0,False
8.5,5,0.8,0.9144846880499164,0.6217522621364066,179.37754416259074,0.012249999999999999,0.010672033384043341,0.11419344654555802,0.12149838025154384,40.676810272966925,39,6,0,False
8.5,5,0.8,0.8847306527227875,0.7439315422054259,179.30278374013847,0.012249999999999999,0.010777792099122517,0.15818511992603693,0.14973337544713697,35.61349099053562,39,6,0,False
8.5,5,0.8,0.8312519141772098,0.7552650201178218,191.80177463761711,0.012249999999999999,0.01077610975799133,0.17262313427140227,0.15214589622383004,35.21570532173791,39,6,0,False
8.5,5,0.8,0.9030313482105322,0.6465870867248222,172.80651299646857,0.012249999999999999,0.010692478268910184,0.12350973862971493,0.12814934000679207,39.46611814058162,39,6,0,False
8.5,5,0.8,0.8868520752915778,0.6411239981462449,173.42949991739496,0.012249999999999999,0.01068347383523134,0.12429805125754513,0.12696666311470514,39.673757099450434,39,6,0,False
8.5,5,0.8,0.8972643177296855,0.6859080948336086,169.90849905993778,0.012249999999999999,0.01072837598149338,0.13687513338198457,0.13724516804477643,37.77272045415577,39,6,0,True
8.5,5,0.8,0.9005532658047822,0.6331180678665443,175.86407641408795,0.012249999999999999,0.010679065468900928,0.1197107870811052,0.12468565040158125,40.08349081527457,39,6,0,False
8.5,5,0.780197495650334,0.8831486927616635,0.5,232.91930907056647,0.012249999999999999,0.010702389845057945,0.08404881030410856,0.085196146559064,48.8743787344389,39,6,0,False
8.5,5,0.8,0.8877354034755195,0.5877844594878037,187.73968587076251,0.012249999999999999,0.010634813919780937,0.1077644288722278,0.1131921337148641,42.341515015894245,39,6,0,False
8.5,5,0.8,0.8598621765280451,0.6527901508209446,172.59869591390864,0.012249999999999999,0.010688714335465558,0.1323957259690354,0.13033686300131664,39.08904859055874,39,6,0,False
8.5,5,0.8,0.8747429830815612,0.7929359953318533,189.34250705945385,0.012249999999999999,0.010814444121745235,0.17694785817143946,0.15920754857648556,34.052124648328245,39,6,0,False
8.5,5,0.8,0.8576884224523572,0.801476221651601,194.372325773545,0.012249999999999999,0.010816969920242555,0.18348953008582106,0.16079755149824085,33.803365619665854,39,6,0,False
8.5,5,0.8,0.9234200759256693,0.5,229.30988157142212,0.012249999999999999,0.010598704889740261,0.07826670913287773,0.08768484520820988,48.26185214090622,39,6,0,False
8.5,5,0.8,0.8562803633091371,0.6809469269285621,176.16998378652858,0.012249999999999999,0.01071486728317442,0.14225191307261922,0.13652573652545782,37.906605095502435,39,6,0,False
8.5,5,0.8,0.8677575887623578,0.7119424122819613,178.08080974862006,0.012249999999999999,0.010746096426145187,0.15052939042721097,0.14304626632419304,36.731421505820684,39,6,0,False
8.5,5,0.8,0.8421240370088678,0.6252078101378357,179.46393149217994,0.012249999999999999,0.010658751283335837,0.1264428349766141,0.12353299460447473,40.29534180314844,39,6,0,False
8.5,5,0.8,0.8350403914885498,0.6236949612965108,180.91770327666265,0.012249999999999999,0.010655916043504734,0.1271420305966387,0.12325155116552973,40.34757279701315,39,6,0,False
8.5,5,0.8,0.815697235476087,0.7220778733135571,190.05666015465587,0.012249999999999999,0.01074475605893577,0.1641035416326906,0.14541749610910357,36.32517687540989,39,6,0,False
8.5,5,0.8,0.8390447943307544,0.7086523143261085,183.2299709146232,0.012249999999999999,0.010737222484246222,0.15478082376880498,0.14251386905310126,36.82410717635408,39,6,0,False
8.5,5,0.8,0.8175840325101649,0.6232973260303164,184.10552820505944,0.012249999999999999,0.010652218793582536,0.13001651277699905,0.12339767153260592,40.320430501433094,39,6,0,False
8.5,5,0.7999522114457515,0.9025334614728849,0.6543532869377855,171.06971061788997,0.012249999999999999,0.010699981853334494,0.12601801590048986,0.13016803850998113,39.117793327441596,39,6,0,False
8.5,5,0.8,0.7499747317522272,0.7326356521783024,207.4398561051427,0.012249999999999999,0.010742124229069375,0.1827191381349037,0.14770336496414901,35.94401600570441,39,6,0,False
8.5,5,0.8,0.8823763408751535,0.6233618485591433,177.51378247400618,0.012249999999999999,0.010665628328055838,0.11943639642353207,0.12245227715182785,40.49699986088081,39,6,0,False
8.5,5,0.8,0.8385762612161876,0.6238002184635176,180.2868663589926,0.012249999999999999,0.010656700354050521,0.12658175929911564,0.1232277016896229,40.35200802581127,39,6,0,False
8.5,5,0.8,0.9148381394122767,0.7753018861034071,178.7344011061965,0.012249999999999999,0.010809884780285528,0.16322030645060598,0.1558147078944482,34.60038513551311,39,6,0,False
8.5,5,0.8,0.923343223756119,0.601889410448121,185.42482531281644,0.012249999999999999,0.010656574418221133,0.10701711014904672,0.11614866151919959,41.72696936056288,39,6,0,False
8.5,5,0.8,0.8844129906243745,0.8643957325834181,200.43045307658247,0.012249999999999999,0.01086170695250602,0.20023881895054677,0.1722979657100444,32.09765537578294,39,6,0,False
8.5,5,0.8,0.8203462839181025,0.7685420543241491,196.57206309171576,0.012249999999999999,0.010784564219648733,0.179717618057009,0.15463695285314152,34.79446578415304,39,6,0,False
8.5,5,0.8,0.9089223683581944,0.6074022785453753,183.0337799454105,0.012249999999999999,0.01065750844842202,0.11065852914857432,0.11785981717957666,41.38293968447992,39,6,0,False
8.5,5,0.8,0.8811157027983068,0.6266846093321968,176.6319590670678,0.012249999999999999,0.010668450207994238,0.12066578763356345,0.12332714021254317,40.33352518013822,39,6,0,False
8.5,5,0.8,0.8589375065495259,0.6515369101009939,172.9225986461416,0.012249999999999999,0.010687388251403519,0.13214187332466654,0.13002478175693938,39.142229098108245,39,6,0,False
8.5,5,0.8,0.8706473516369803,0.6939570766999632,175.16824701119887,0.012249999999999999,0.010730116958756496,0.14402405902469662,0.13919533104536824,37.41467549562364,39,6,0,False
8.5,5,0.8,0.8789538966048739,0.6192381275073235,178.41085068461908,0.012249999999999999,0.01066095861920325,0.11867776407827597,0.1214454147458519,40.68685714084233,39,6,0,False
8.5,5,0.8,0.911523125839155,0.7729755447554407,178.954693476318,0.012249999999999999,0.010807331177392278,0.16304459790309103,0.15537312870624423,34.67277987111186,39,6,0,False
8.5,5,0.8,0.8944555341764605,0.6758303929912737,169.95973525809308,0.012249999999999999,0.01071826445906539,0.1340983015186008,0.13508409925940532,38.17914747938486,39,6,0,True
8.5,5,0.8,0.8813676456143242,0.6846368679380439,172.05369510877904,0.012249999999999999,0.01072364838239174,0.13911696838063017,0.13710967883956016,37.79782836340075,39,6,0,False
8.5,5,0.8,0.8737759619530091,0.7450536168091431,181.5329182813038,0.012249999999999999,0.01077642044466384,0.16060823944199942,0.15001050473674996,35.56905769821455,39,6,0,False
8.5,5,0.8,0.8735509403280566,0.5206875330261302,212.68915018767086,0.012249999999999999,0.010584874719198849,0.0900175472516663,0.09582909609483457,46.36665959039694,39,6,0,False
8.5,5,0.8,0.8788916113180459,0.737559476992566,179.4991173752095,0.012249999999999999,0.010771025571918096,0.15711559375353137,0.14841372833897096,35.827333271860276,39,6,0,False
8.5,5,0.8,0.9456123253615989,0.6790096417688629,171.16439997117888,0.012249999999999999,0.010733414744473405,0.12715820636877392,0.13525430950726336,38.14666861808127,39,6,0,True
8.5,5,0.8,0.9447487575055415,0.6213900783090838,180.96873027796434,0.012249999999999999,0.01067987384426301,0.10987930267297397,0.12086337508542276,40.79774692610191,39,7,0,False
8.5,5,0.8,0.9928115700161266,0.7955933795052774,172.251057602129,0.012249999999999999,0.010842667443401028,0.15646292973143988,0.15952448385432408,34.00211348264703,39,7,0,True
8.5,5,0.8,0.824173260598689,0.7054286612513416,185.84455802415704,0.012249999999999999,0.010731425795786542,0.15656397901696137,0.14191192132393143,36.92919602777962,39,7,0,False
8.5,5,0.8,0.8416126486765007,0.6817486619564684,179.08906676584613,0.012249999999999999,0.010712699976429813,0.1451624768899098,0.1368113449879603,37.85328704975768,39,7,0,False
8.5,5,0.8,0.8690334953597117,0.7968989737694882,191.19640138786508,0.012249999999999999,0.010816102583314995,0.1795017065887698,0.1599505589586418,33.935218231446505,39,7,0,False
8.5,5,0.8,0.9270911946904198,0.7608869549387768,174.2775182630905,0.012249999999999999,0.01080118392544276,0.15625139380222394,0.15298498665210936,35.07214876198925,39,7,0,False
8.5,5,0.8,0.8492352272612315,0.7115095433547444,181.58807215144583,0.012249999999999999,0.010741824278445196,0.15381798941979896,0.1430618428492469,36.72871480815572,39,7,0,False
8.5,5,0.8,0.9694476806917034,0.9292179396718274,197.02695151670042,0.012249999999999999,0.010906603940178134,0.20518200122248959,0.18286070256130488,30.51578872368024,39,7,0,False
8.5,5,0.8,0.9781906111543086,0.754603018833547,171.55323699950014,0.012249999999999999,0.01080803582073437,0.14577965284891523,0.1515159943206709,35.324612511901904,39,7,0,True
8.5,5,0.8,0.8889495087987345,0.7440134797850979,178.5316632950728,0.012249999999999999,0.010778769741163994,0.1574383712461124,0.14973386628544652,35.61341214831769,39,7,0,False
8.5,5,0.8,0.8550885441698023,0.7388386414838819,184.29428041515382,0.012249999999999999,0.010767162175259658,0.1620620259129278,0.14877230374446065,35.76885525394382,39,7,0,False
8.5,5,0.8,1.0325196874288753,0.6799504340463786,173.67526067545722,0.012249999999999999,0.010758326481718492,0.11549782655930833,0.1343958318449975,38.311314924505346,39,7,0,True
8.5,5,0.8,0.8662795819763554,0.6676941907462658,172.67515777386762,0.012249999999999999,0.010704406312902677,0.13615354510307903,0.13359942616166812,38.46594188331917,39,7,0,False
8.5,5,0.8,0.8789151782586382,0.6624378038304052,169.80231522276023,0.012249999999999999,0.010702074889491027,0.1323417231940102,0.13234689645926423,38.7124571046298,39,7,0,True
8.5,5,0.8,0.8538968176689129,0.7508449182151061,186.2924465032419,0.012249999999999999,0.010777033150737915,0.16645326919477205,0.15127639996060224,35.36619033700211,39,7,0,False
8.5,5,0.8,0.8197705353036102,0.7989854392168351,202.31722469957768,0.012249999999999999,0.010807225155613137,0.19094092599515314,0.16026904310117454,33.88546610374343,39,7,0,False
8.5,5,0.8,0.8467017099464594,0.8348553821002722,202.95423035365965,0.012249999999999999,0.010836735789496801,0.1979403823495505,0.166898025092276,32.882360442942094,39,7,0,False
8.5,5,0.8,0.9626046337772793,0.731380737623167,171.15574872494835,0.012249999999999999,0.0107848545755455,0.1408952534956252,0.14659719933284845,36.1272959407773,39,7,0,True
8.5,5,0.8,0.9087481242288317,0.806812848848194,185.1114656135742,0.012249999999999999,0.01083173316832122,0.1750385609920951,0.1618253264705299,33.64380884482396,39,7,0,False
8.5,5,0.8,0.8435897986991564,0.7223781055479509,184.24486677345521,0.012249999999999999,0.010750466649078767,0.1586225781197969,0.14537126359573044,36.332983769882915,39,7,0,False
8.5,5,0.8,0.9056688751983206,0.7534267505632722,176.84934060344045,0.012249999999999999,0.010790298408925033,0.1575635668034657,0.15161977044293232,35.30660209450243,39,7,0,False
8.5,5,0.8,0.736688080212062,0.6237413167850443,201.16213087723446,0.012249999999999999,0.010640846610950518,0.1457506754231288,0.12449657361314709,40.11801683055416,39,7,0,False
8.5,5,0.8,0.843763692701759,0.7400757150381314,186.76920685522052,0.012249999999999999,0.010765900154317283,0.16472172270707583,0.1490665587387621,35.72107563880972,39,7,0,False
8.5,5,0.8,0.9103678104482633,0.7071525223609527,170.06458435100856,0.012249999999999999,0.01075101128728587,0.14156116856205056,0.14173017267250893,36.96109961851559,39,7,0,True
8.5,5,0.8,0.9155159906890157,0.8588102497253436,192.9192045341703,0.012249999999999999,0.010865398954444274,0.19168740653700272,0.17151764271950676,32.22250876577544,39,7,0,False
8.5,5,0.7984807927040182,0.8814356336891708,0.8392847469760811,197.15730494283642,0.012249999999999999,0.01085692791475788,0.1920699162066375,0.1674721773672,32.79842744298357,39,7,0,False
8.5,5,0.8,0.8601223387008369,0.8014406839146969,193.84848579432108,0.012249999999999999,0.010817417105704693,0.18296509084436194,0.16079542883372344,33.80369744832172,39,7,0,False
8.5,5,0.8,0.8587134251068725,0.6642394705408042,173.62580402172188,0.012249999999999999,0.010699461842872378,0.13632069644668934,0.13293449136826777,38.596460013081554,39,7,0,False
8.5,5,0.8,0.8530110059324015,0.6949802222346615,178.6185328302335,0.012249999999999999,0.010727410866523924,0.14752412936861933,0.13953866399156817,37.352281294308426,39,7,0,False
8.5,5,0.8,0.7816489594862006,0.762182141224537,204.5204778442927,0.012249999999999999,0.010771927360698574,0.18619473113377752,0.15344199489102794,34.994679612669024,39,7,0,False
8.5,5,0.8,0.9269949080885811,0.850553805356074,189.23645767928082,0.012249999999999999,0.010863270995789095,0.18651602350317428,0.17002484759656503,32.432206141312165,39,7,0,False
8.5,5,0.8,0.8384799998234089,0.7922219619268612,196.8456473740519,0.012249999999999999,0.010806269847726604,0.1843008232651081,0.15904976679807356,34.07710246505941,39,7,0,False
8.5,5,0.8,0.8416908384457763,0.7104085437428599,182.9412049724598,0.012249999999999999,0.01073934880007058,0.15487501411081897,0.14286922120472603,36.76222749226665,39,7,0,False
8.5,5,0.8,0.8731556285251153,0.7355184692139708,180.30158688494268,0.012249999999999999,0.010768096828403835,0.15748693893897442,0.14800611652951223,35.894150439330275,39,7,0,False
8.5,5,0.8,0.8506943383425978,0.826702626094511,200.52398866163944,0.012249999999999999,0.010832466616926077,0.19407590431779972,0.16542818872578388,33.09895352268977,39,7,0,False
8.5,5,0.8,0.8595670353840801,0.7125985721778184,179.72235371164808,0.012249999999999999,0.010744900740776216,0.1522568763291299,0.1432354128944962,36.698593535281084,39,7,0,False
8.5,5,0.8,0.8075137341601493,0.7693509632266005,199.6524952809436,0.012249999999999999,0.010782624294248944,0.18286369912325068,0.15478403612242808,34.7700536278394,39,7,0,False
8.5,5,0.8,0.8450618749806617,0.7698836265109006,191.42031887496898,0.012249999999999999,0.010790639754804845,0.17492521734469804,0.15488332076850037,34.75360321313166,39,7,0,False
8.5,5,0.8,0.7326838853093582,0.7284644437173193,211.4001818055277,0.012249999999999999,0.010735711903168986,0.18543816222552117,0.14687468727480638,36.08110164431955,39,7,0,False
8.5,5,0.8,0.8440518368427183,0.7842191333379807,194.1822795473515,0.012249999999999999,0.010801470148604176,0.18023324947077682,0.15756834971471784,34.314267614513895,39,7,0,False
8.5,5,0.8,0.8401626524269599,0.6485897640588609,176.55928108593724,0.012249999999999999,0.01068071581543819,0.1343937384248583,0.129506828010646,39.23096390582895,39,7,0,False
8.5,5,0.8,0.8422796775806732,0.8616359090874798,209.17241369310568,0.012249999999999999,0.010851156948646069,0.20883230282897725,0.17167569293281687,32.19710584134218,39,7,0,False
8.5,5,0.8,0.9445872740108537,0.7810646906938838,174.4753104693173,0.012249999999999999,0.0108209480792413,0.15984911338439897,0.15685017579920393,34.430996446415136,39,7,0,False
8.5,5,0.8,1.0172148574692819,0.6805137650177163,173.17466028822903,0.012249999999999999,0.010754268368403925,0.11764003256540755,0.13472880955528582,38.247205586184144,39,7,0,True
8.5,5,0.8,0.8488733027758847,0.7836510952883876,193.045740239829,0.012249999999999999,0.010802000871457057,0.17901348100900422,0.15746602711596508,34.33082786022349,39,7,0,False
8.5,5,0.8,0.8813291553722439,0.6887753071996336,172.57237500162162,0.012249999999999999,0.01072752981319653,0.14047331843141794,0.13800434418757865,37.63293734541683,39,7,0,False
8.5,5,0.8,0.8786688477912942,0.7174286674954832,176.78015346320495,0.012249999999999999,0.010753275891088708,0.1503988363327635,0.1441502374253373,36.54096903743713,39,7,0,False
8.5,5,0.8,0.8698257475614208,0.7964981530760781,190.96246360559292,0.012249999999999999,0.010815967427172675,0.1791988295258704,0.15987623267259016,33.94685996051077,39,7,0,False
8.5,5,0.8,0.8430139153371787,0.7542580476080929,189.12254865826415,0.012249999999999999,0.010777620475582715,0.16983663852230166,0.15194164296846363,35.25091179441655,39,7,0,False
8.5,5,0.8,0.8799101503299788,0.6983036697762655,174.0449228308059,0.012249999999999999,0.010736121166027112,0.14384091913619754,0.14005491598321476,37.25903569579038,39,7,0,False
8.5,5,0.8,0.863838585071684,0.6986213124814921,177.04050878998504,0.012249999999999999,0.010732983913214384,0.14678452914433646,0.14023830955668723,37.22607549716811,39,7,0,False
8.5,5,0.8,0.9010926269783291,0.7164512442706396,172.63722066937476,0.012249999999999999,0.010757331671559197,0.14614641721688254,0.14380051323846182,36.601026865263194,39,7,0,False
8.5,5,0.8,0.7955772749032748,0.697127254336832,190.86712231589928,0.012249999999999999,0.010718563844798181,0.15944769050166818,0.14032354533540956,37.210785751193185,39,7,0,False
8.5,5,0.8,0.859162978398731,0.7067452994124445,179.00802562187155,0.012249999999999999,0.010739495710965177,0.15035652927796198,0.14199637441076046,36.914398917563794,39,7,0,False
8.5,5,0.8,0.8424436945174214,0.7671438831292902,191.48979481009877,0.012249999999999999,0.010787876943704791,0.17450321489808066,0.15437054427014466,34.83881120723151,39,7,0,False
8.5,5,0.8,0.8434408164221229,0.9502779169175509,229.5835982576145,0.012249999999999999,0.010886595792294151,0.24203692804801435,0.1850975682769197,30.200740424065334,39,7,0,False
8.5,5,0.8,0.842624517596919,0.7023652535384782,181.6502117513902,0.012249999999999999,0.01073219235906623,0.15194918799374282,0.14116558845034857,37.06072414637779,39,7,0,False
8.5,5,0.8,0.8808676667568918,0.8003677490001236,189.406026271363,0.012249999999999999,0.010821108750184985,0.17830824171408202,0.1606098275354035,33.83246617499723,39,7,0,False
8.5,5,0.8,0.9372495147058821,0.6923488175396967,170.76864210509467,0.012249999999999999,0.01074372467326716,0.13256427122646333,0.13828272577708747,37.582026018657224,39,8,0,True
8.5,5,0.8,0.8186094975439806,0.8825960866425892,219.72284596318494,0.012249999999999999,0.010856496151817226,0.22257706077916822,0.17475990741810604,31.712808610467942,39,8,0,False
8.5,5,0.8,0.9064262581313061,0.6204092243898434,179.3505103097416,0.012249999999999999,0.010668720629566211,0.11494724610222952,0.1212879650661772,40.716766579472605,39,8,0,False
8.5,5,0.8,0.8425421052736767,0.6850476527820835,179.3386129525118,0.012249999999999999,0.010716025792541035,0.14610057200872903,0.1375059180047654,37.7245378724965,39,8,0,False
8.5,5,0.8,0.8867552299837691,0.5545887031344261,199.18211643536785,0.012249999999999999,0.010608537802622907,0.09806522749238283,0.10445395881885616,44.25223802485572,39,8,0,False
8.5,5,0.8,1.029139072147746,0.7636959536470399,172.67009117664,0.012249999999999999,0.010827734425849724,0.1409021579072477,0.1530169428453789,35.06671538692095,39,8,0,True
8.5,5,0.8,0.8657517942428569,0.6141514676404566,179.15757198929282,0.012249999999999999,0.01065329030538741,0.11912433927299282,0.12035226955723588,40.895861184511595,39,8,0,False
8.5,5,0.8,0.979559834962996,0.537730786288898,214.79109847968692,0.012249999999999999,0.01063254517809297,0.08211029220779978,0.09749429190111239,45.93628330102923,39,8,0,False
8.5,5,0.8,1.0057979823114827,0.7523342972016985,172.12963585508464,0.012249999999999999,0.010812989235477813,0.14084764384218498,0.15086482370024298,35.43260855407069,39,8,0,True
8.5,5,0.8,0.9198311077291647,0.7064082535559205,170.263110736818,0.012249999999999999,0.010752441353767675,0.13977232495581837,0.14149690444081348,37.00216576872172,39,8,0,True
8.5,5,0.8,0.8982044562050961,0.6594558387661956,170.32509306587403,0.012249999999999999,0.010703551308872992,0.12829288922746415,0.1314928953124316,38.881929482603866,39,8,0,True
8.5,5,0.8,0.8543322649517782,0.6809673476631453,176.54035737717822,0.012249999999999999,0.010714492644439627,0.14260472157774404,0.1365457114235709,37.90286894639506,39,8,0,False
8.5,5,0.8,0.8886108000014471,0.6831715643458105,170.60802385996266,0.012249999999999999,0.010723897525311181,0.1374230090110367,0.13672807642965812,37.868809021580276,39,8,0,False
8.5,5,0.8,0.8882653044748338,0.6588801575074484,170.0904964137239,0.012249999999999999,0.010700733671148738,0.1296882496556326,0.13147653908468523,38.88519563577688,39,8,0,True
8.5,5,0.8,0.8762580651124376,0.5902584136688197,186.35042909843543,0.012249999999999999,0.010634061212954734,0.11016745627974373,0.11404710480912794,42.16127147378185,39,8,0,False
8.5,5,0.8,0.8489051399689386,0.8382721954689956,203.10773299139885,0.012249999999999999,0.01083924893495647,0.1986908485044899,0.16752603357350704,32.790483561337496,39,8,0,False
8.5,5,0.8,0.8734877916210072,0.8222670603623536,194.81530231367557,0.012249999999999999,0.010834445119885005,0.18754432973477725,0.1646747790741434,33.211061275945966,39,8,0,False
8.5,5,0.8,0.8888165864112919,0.6667545353772373,169.9631808625033,0.012249999999999999,0.010708392436297967,0.13210926741365664,0.13317734967780567,38.548639049086255,39,8,0,True
8.5,5,0.8,0.8980390093750035,0.6761916211851192,170.03374485161348,0.012249999999999999,0.010719371462142089,0.1336347558394109,0.1351291992449712,38.17053374946123,39,8,0,True
8.5,5,0.8,0.8888367351099767,0.5958511960431356,185.3470155203308,0.012249999999999999,0.010642107750205396,0.11003831693139227,0.11524378292024294,41.91234323055077,39,8,0,False
8.5,5,0.8,0.9037925551984786,0.5853560748582992,189.4474748022362,0.012249999999999999,0.010637079736467192,0.10479600110264269,0.11224368138677933,42.54352103445363,39,8,0,False
8.5,5,0.8,0.9818907248516505,0.6622069394083874,172.59900013309434,0.012249999999999999,0.010727612539562104,0.11694312471251601,0.13106693048137366,38.96546746927087,39,8,0,True
8.5,5,0.8,0.9071418567877966,0.6780173239034676,170.2244840016928,0.012249999999999999,0.010723200772558493,0.13275528959658525,0.13543628951842598,38.11203368888587,39,8,0,True
8.5,5,0.8,0.883650591506122,0.6574945219094093,170.0058222882219,0.012249999999999999,0.010698377358065534,0.12998899731838584,0.13122555454708867,38.93541595819288,39,8,0,True
8.5,5,0.8,0.8926455518407994,0.5357222113540692,207.4533913909106,0.012249999999999999,0.01059860545174739,0.09184654178821693,0.09929455158402076,45.48316554253869,39,8,0,False
8.5,5,0.793169929403913,0.903215510235611,0.7623292889911066,182.39145992304762,0.012249999999999999,0.010841936175378602,0.16161863447132757,0.15190400265810997,35.2578048416,39,8,0,False
8.5,5,0.8,0.8733069304710954,0.7803070625929998,187.43210048448162,0.012249999999999999,0.010804665704643711,0.17283514902992242,0.156833256233269,34.433760524724576,39,8,0,False
8.5,5,0.8,0.8697713371781075,0.6582383746615889,170.91034654715628,0.012249999999999999,0.010696065066830877,0.132500501103998,0.13153313377647208,38.87389775555444,39,8,0,False
8.5,5,0.8,0.8824194551038589,0.6515701993727163,170.93837671368715,0.012249999999999999,0.010692406255149623,0.12830198457603784,0.12973162151038578,39.19238000326762,39,8,0,False
8.5,5,0.8,0.9710139186505675,0.6773196807416718,171.89170124384123,0.012249999999999999,0.010738517801377146,0.12296656957267414,0.13458778882569405,38.274318215748636,39,8,0,True
8.5,5,0.8,0.8800916688195005,1.0038027725819685,233.35032468682135,0.012249999999999999,0.010903189210213483,0.2528355918093804,0.19324070548208616,29.113092075382212,39,8,0,False
8.5,5,0.8,0.8938536580593709,0.6892041939025102,170.43333528200424,0.012249999999999999,0.010730685856146515,0.13850313018298385,0.13799164823247764,37.63526248630777,39,8,0,False
8.5,5,0.8,0.8663845311856208,0.6232984060742826,176.8601140457322,0.012249999999999999,0.01066193938679033,0.12190169262465887,0.1226878308234901,40.452792752789165,39,8,0,False
8.5,5,0.8,0.9214580639393095,0.7291872946480714,170.80600451783144,0.012249999999999999,0.010773164505670976,0.14685009226060794,0.14640680479954676,36.15909217757416,39,8,0,False
8.5,5,0.8,0.9227958683928452,0.6698650102140461,170.74041017936614,0.012249999999999999,0.010719214981830257,0.12775198254248102,0.13349600282120527,38.486157227093074,39,8,0,True
8.5,5,0.8,1.002532650603366,0.6843285194788973,172.6415289283286,0.012249999999999999,0.010753496955836465,0.12071554667952734,0.1357754142028342,38.04773674738066,39,8,0,True
8.5,5,0.8,0.9616969176658103,0.6079744903784661,185.78972025551872,0.012249999999999999,0.01067307706068517,0.10373575632906899,0.11698775882182774,41.557217208307755,39,8,0,False
8.5,5,0.8,0.9282821094527973,0.7389960103077661,170.94814180879243,0.012249999999999999,0.010783245368003522,0.14888761075652843,0.14847139567604345,35.81790969386275,39,8,0,False
8.5,5,0.8,0.773112115075233,0.7206235297724415,199.65008311681882,0.012249999999999999,0.010735721834519353,0.17279855310345685,0.14524046674619878,36.35509705478862,39,8,0,False
8.5,5,0.8,0.9827986045045598,0.6518456413093014,174.92925064803413,0.012249999999999999,0.01071833825113045,0.1137658447222668,0.12828234352428664,39.44296693369791,39,8,0,False
8.5,5,0.8,0.8272869894394292,0.6864499807024729,182.57690661847877,0.012249999999999999,0.0107144284066243,0.14942763184981167,0.13791060282064935,37.650115132428496,39,8,0,False
8.5,5,0.8,1.05,0.7741736689076079,173.16453793455622,0.012249999999999999,0.010840844565456123,0.14108230908378402,0.15499195160258183,34.73563034975931,39,8,0,True
8.5,5,0.8,0.9388671151608774,0.6287607600709756,178.69109399608107,0.012249999999999999,0.010684884155329751,0.11287346939608223,0.12291145820363712,40.41095532681297,39,8,0,False
8.5,5,0.8,1.0302151807441886,0.7480298465659954,172.6801862628201,0.012249999999999999,0.010815719121740034,0.13597746220500828,0.1497238689431913,35.61501809924179,39,8,0,True
8.5,5,0.8,0.9033567729205368,0.696101796294337,169.96353490377012,0.012249999999999999,0.01073925592031091,0.13915496364812296,0.1393984893558666,37.37771837018372,39,8,0,True
8.5,5,0.8,0.9301339189194835,0.5927619975218736,188.6516121075267,0.012249999999999999,0.010650734410476984,0.10342659815030647,0.1136325506681475,42.248529042384106,39,8,0,False
8.5,5,0.8,0.8319359947489152,0.6884849665399454,181.89896581322816,0.012249999999999999,0.010717165000565373,0.14924275190498584,0.13831228520115607,37.57657096731633,39,8,0,False
8.5,5,0.8,0.8948604382748098,0.7437491087492597,177.41062321639117,0.012249999999999999,0.010779806959369496,0.15627687969982745,0.1496538937191536,35.62626471788162,39,8,0,False
8.5,5,0.8,0.8769631531161461,0.7119645293980323,176.36492340512396,0.012249999999999999,0.01074800650422817,0.14888181544676465,0.14299706370221793,36.73997518652432,39,8,0,False
8.5,5,0.8,0.9145064843281759,0.6639328108782994,170.64817262650098,0.012249999999999999,0.010711654112581076,0.12716631630911418,0.13229025576210604,38.72363662340358,39,8,0,True
8.5,5,0.8,0.9452165461300774,0.6739157699785318,171.25302500404027,0.012249999999999999,0.010728622993446433,0.12564677022484266,0.13413392515844108,38.3619635690664,39,8,0,True
8.5,5,0.8,0.8718778475973907,0.6215747665035081,177.5188411910715,0.012249999999999999,0.01066155803028378,0.12049776255299821,0.12215955459011164,40.5519837228745,39,8,0,False
8.5,5,0.8,0.931613716148192,0.6621696981325769,171.13654275448582,0.012249999999999999,0.010714153294355135,0.12404237853412346,0.13170529245390564,38.83958942362438,39,8,0,True
8.5,5,0.8,0.9183027865155542,0.6316253312446426,177.00575133108651,0.012249999999999999,0.010682114750973618,0.11664113788780812,0.12400992715569087,40.20728487724531,39,8,0,False
8.5,5,0.8,0.8684933621785624,0.739940652383683,181.81667551247926,0.012249999999999999,0.010770869920092088,0.15986876823921828,0.14895657376395863,35.7389124991629,39,8,0,False
8.5,5,0.8,0.903295621531326,1.0446939870465062,237.79630818891192,0.012249999999999999,0.010907692652783798,0.26225991879801425,0.19912694574146816,28.356335438485832,39,8,0,False
8.5,5,0.8,0.8440651589847804,0.6761310930035145,177.88729070911467,0.012249999999999999,0.010707864892582856,0.14283301090292533,0.13559641608256726,38.0816343931994,39,8,0,False
8.5,5,0.8,0.9003873801793346,0.739336600695147,175.8120576625773,0.012249999999999999,0.010777280084452431,0.15381548730497496,0.14869051187412863,35.782169553203246,39,8,0,False
8.5,5,0.8,0.8520583868999326,0.7169275084395627,181.78213545008214,0.012249999999999999,0.010747273126035647,0.15513152995548735,0.14418878573024066,36.534349303321406,39,9,0,False
8.5,5,0.8,0.9135296253975868,0.5,228.0789790496401,0.012249999999999999,0.010594302482474298,0.07939392323908473,0.08804341121906366,48.17595368919775,39,9,0,False
8.5,5,0.8,0.9418934842897995,0.5876906025990043,191.0577021945288,0.012249999999999999,0.010650135891299796,0.10042703636953763,0.11205675347192301,42.5836707354744,39,9,0,False
8.5,5,0.8,0.8645648282668337,0.6500943547046472,172.15469368131082,0.012249999999999999,0.010687115423579968,0.13073901428757953,0.12958606771978262,39.21735031165888,39,9,0,False
8.5,5,0.8,0.8923744929752401,0.5522563391294323,200.51263397604677,0.012249999999999999,0.01060865042444399,0.09663635294658332,0.10369795662845273,44.42684568478926,39,9,0,False
8.5,5,0.8,0.8381821933921187,0.63819148262287,178.27415624352213,0.012249999999999999,0.010670347614938612,0.13132680177576872,0.12688641423777913,39.68796305758714,39,9,0,False
8.5,5,0.8,0.9057259469386941,0.6349254855007352,175.65081126791546,0.012249999999999999,0.010682093254748655,0.11949311134900158,0.1250713386418062,40.01333370976543,39,9,0,False
8.5,5,0.8,0.9782935377986731,0.5,236.78549481937634,0.012249999999999999,0.010626098556901147,0.07236778678746941,0.08562186112134428,48.766862887855794,39,9,0,False
8.5,5,0.8,0.8346784483865175,0.6355814991045456,179.2607616397086,0.012249999999999999,0.010667210879054303,0.13107429162995496,0.12626770680268826,39.79799473381024,39,9,0,False
8.5,5,0.8,0.8944601069728406,0.6741728649779337,169.97704632087226,0.012249999999999999,0.01071664085488175,0.1335693406462777,0.13472682954923074,38.24758587069527,39,9,0,True
8.5,5,0.8,0.9075973340406037,0.6194748975469241,179.65494629745046,0.012249999999999999,0.010668175683833669,0.1144930286874133,0.12102410671093769,40.76703536964063,39,9,0,False
8.5,5,0.8,0.8733217479893305,0.6410951947219723,172.93124785009036,0.012249999999999999,0.010680420696585279,0.1264292753326584,0.12715242374954364,39.640930469399,39,9,0,False
8.5,5,0.8,0.899390433138755,0.6515970581328387,171.54437408763877,0.012249999999999999,0.010696337810903222,0.12563622106313915,0.12950548726419903,39.231194369457185,39,9,0,False
8.5,5,0.8,0.8853336189875202,0.6595824382376917,170.00495863951423,0.012249999999999999,0.010700741533967627,0.13038360043438404,0.13166087773816007,38.848431993654536,39,9,0,True
8.5,5,0.8,0.929506888940299,0.7043918106846981,170.49423279832075,0.012249999999999999,0.01075295966763848,0.13757026351125803,0.14097557737775865,37.09443078742943,39,9,0,True
8.5,5,0.8,0.9304948134052886,0.7388139136548134,170.55613573770182,0.012249999999999999,0.010783602208211078,0.1484573271975307,0.14841938235113086,35.82640901234973,39,9,0,False
8.5,5,0.8,0.8968520034764633,0.7113373814162864,172.71151964827783,0.012249999999999999,0.010751754290255211,0.14519930396011313,0.14273342038890913,36.78590846439773,39,9,0,False
8.5,5,0.8,0.8511320519150471,0.6252365543515418,177.93225653150657,0.012249999999999999,0.01066054144987824,0.1249675673164998,0.12341151439177034,40.31786194034459,39,9,0,False
8.5,5,0.8,0.8816154994281775,0.6081375895605872,181.47576050781151,0.012249999999999999,0.01065134266534803,0.1148432445434282,0.11854048272621462,41.248400381820275,39,9,0,False
8.5,5,0.8,0.8987680510752547,0.6516794426382282,171.50289935729538,0.012249999999999999,0.010696266575689664,0.125758672859871,0.1295357243316273,39.225997827769525,39,9,0,False
8.5,5,0.8,0.8745788215100904,0.7678744056722481,185.06513821642818,0.012249999999999999,0.01079527508165027,0.1682783629770965,0.15446879724007162,34.822437086958764,39,9,0,False
8.5,5,0.8,0.926436512787708,0.6772207852571119,170.7050699202305,0.012249999999999999,0.010727014799853912,0.12949160826615164,0.13506628189803827,38.18255202724264,39,9,0,True
8.5,5,0.8,0.9161085541636786,0.6138500098131764,181.58754541756085,0.012249999999999999,0.0106651964133706,0.11158272022698602,0.11941072636270453,41.07825506184933,39,9,0,False
8.5,5,0.8,0.8886547278122818,0.6601857725232506,170.07264385078415,0.012249999999999999,0.010702049312929274,0.1300419379883571,0.13175679373004495,38.82934340159106,39,9,0,True
8.5,5,0.8,0.9897847742182367,0.5,238.5045455814796,0.012249999999999999,0.01063251734040848,0.07120162676103822,0.08517310126094257,48.879350906937134,39,9,0,False
8.5,5,0.8,0.8967724696923912,0.6670383935857706,170.14790285049253,0.012249999999999999,0.010710455201413073,0.13092004544498342,0.1331572247749664,38.55259519372252,39,9,0,True
8.5,5,0.8,0.9030217290041589,0.7269259221417952,173.677299144506,0.012249999999999999,0.010767094820874111,0.14925050681312596,0.1460312833381436,36.22199656565296,39,9,0,False
8.5,5,0.8,0.890710362427527,0.6559342907756993,170.300045794992,0.012249999999999999,0.010698512172478927,0.12836185379944065,0.13074766696694892,39.01936856049745,39,9,0,False
8.5,5,0.8,0.9014230293107767,0.6410162897308878,174.025447148279,0.012249999999999999,0.01068680660149712,0.12202241443205324,0.12672217861976018,39.717083467680546,39,9,0,False
8.5,5,0.8,1.05,0.619389686786392,187.81253098131333,0.012249999999999999,0.010712434641774304,0.09636448843642731,0.11817788243096206,41.31991042515696,39,9,0,False
8.5,5,0.8,0.9063485371910488,0.9190261833442248,207.6150517295832,0.012249999999999999,0.01089051143850723,0.21504177162743054,0.18091824409603702,30.792168546562994,39,9,0,False
8.5,5,0.8,0.9196603051218538,0.6149619537350438,181.46595215250466,0.012249999999999999,0.010667201136549773,0.11141568808065973,0.11963526396292286,41.034681799574464,39,9,0,False
8.5,5,0.8,0.8901498157059652,0.5961002347699645,185.34254469398095,0.012249999999999999,0.010642657116713099,0.10992489570810988,0.11528324467590806,41.90420831060938,39,9,0,False
8.5,5,0.8,0.8933396598429987,0.5979244442778799,184.9654623803064,0.012249999999999999,0.010645030232764328,0.1100200311084454,0.11569487250012964,41.81962952260291,39,9,0,False
8.5,5,0.8,0.9474440799267704,0.5703860143425469,197.61564379896265,0.012249999999999999,0.010638696190712468,0.09480233136685676,0.10726991965111857,43.61927796760281,39,9,0,False
8.5,5,0.8,0.9479990820445557,0.62878678506943,179.13456197367873,0.012249999999999999,0.010687473551975257,0.11162806349312006,0.12275580086791656,40.440063036257115,39,9,0,False
8.5,5,0.8,1.0300800171145066,0.6516326410111598,177.30317200476205,0.012249999999999999,0.010732625930692012,0.10768203125990945,0.12737585947813485,39.60155195315297,39,9,0,False
8.5,5,0.8,0.9100765646954648,0.6986040022425544,170.09489596782413,0.012249999999999999,0.010743101099602534,0.13885602960904025,0.13988301264055789,37.29000887091692,39,9,0,True
8.5,5,0.8,1.041918966175675,0.5422953306976064,219.41006613342188,0.012249999999999999,0.010663394416718604,0.07679535480102981,0.09692208932007314,46.08290658534312,39,9,0,False
8.5,5,0.8,0.9125303253492992,0.636148371250054,175.63958683311202,0.012249999999999999,0.010684906135445513,0.11886274914813975,0.12528283017374386,39.975016541147745,39,9,0,False
8.5,5,0.8,0.8827952296923048,0.6214433595583828,178.01834962440103,0.012249999999999999,0.010663939437876448,0.11877589561611115,0.12195044888394051,40.591350354897465,39,9,0,False
8.5,5,0.8,1.05,0.6575097265413842,176.81449261533618,0.012249999999999999,0.010744148832248853,0.10693718147003406,0.12860710898902236,39.38652107361613,39,9,0,False
8.5,5,0.8,0.9240990353077181,0.6157667352713173,181.46252282415443,0.012249999999999999,0.010669079167397118,0.11103862116335403,0.11976620494066063,41.00922632079002,39,9,0,False
8.5,5,0.8,0.7613578421300782,0.605791262899783,197.9763610986424,0.012249999999999999,0.010626856403844986,0.13449311769277017,0.11980716088393444,41.00127387419896,39,9,0,False
8.5,5,0.8,0.9017501985878393,0.6488626693379227,172.24405131225797,0.012249999999999999,0.010694330924600119,0.12441543269717817,0.12876044826316357,39.35988093916259,39,9,0,False
8.5,5,0.8,0.8567309546897253,0.6917986949969731,177.48503512559654,0.012249999999999999,0.010725202271759455,0.14578332690836954,0.13883867978260264,37.47981573237118,39,9,0,False
8.5,5,0.8,0.8688857968366778,0.6315433026563497,174.96870750939198,0.012249999999999999,0.01067031210728591,0.12410948706276043,0.1247612497701052,40.06971063090029,39,9,0,False
8.5,5,0.8,0.9032061317189348,0.5318019099436677,210.15883350853076,0.012249999999999999,0.010600088537842908,0.08940136714902228,0.09798267627805374,45.8121742694156,39,9,0,False
8.5,5,0.8,0.9490362534464319,0.6212698288843391,181.22461749577587,0.012249999999999999,0.010680989057431233,0.10926707596420243,0.12075224897050675,40.819020137008906,39,9,0,False
8.5,5,0.8,0.9309339202410515,0.6464221470276466,173.95362442322156,0.012249999999999999,0.010699163276671605,0.11932024819517091,0.12768687952574703,39.546928942154736,39,9,0,False
8.5,5,0.8,0.9789349854619186,0.6500460292366186,175.2019392756856,0.012249999999999999,0.010715677005667869,0.11374642664759477,0.1278624046935653,39.51620011900863,39,9,0,False
8.5,5,0.8,0.8982924721678106,0.6648840659536656,170.22468057761992,0.012249999999999999,0.010708772937357563,0.12999394882736737,0.13267460687424845,38.64782755965593,39,9,0,True
8.5,5,0.8,0.9159949660266504,0.6424326479896849,174.28041887684142,0.012249999999999999,0.01069168160216457,0.12028037273809813,0.12687014553445533,39.69084483294375,39,9,0,False
8.5,5,0.8,0.9179902699110882,0.6568517195002075,171.08523870415559,0.012249999999999999,0.010705810018720662,0.12443200135672829,0.1306126479913098,39.042229918814094,39,9,0,False
8.5,5,0.8,0.9155270611083742,0.6756123236201823,170.45862526140908,0.012249999999999999,0.010722871926849557,0.1306744265768851,0.13482853636872907,38.22806621075859,39,9,0,True
8.5,5,0.8,0.8937627199574336,0.5436150418123186,204.1415048396986,0.012249999999999999,0.010603542553302599,0.09396084188895153,0.1013627333546448,44.978394145687965,39,9,0,False
8.5,5,0.8,0.8633245607635007,0.6447162045292607,173.07799362870637,0.012249999999999999,0.010681710823905472,0.12921231529695704,0.1282224227942251,39.45339205803349,39,9,0,False
8.5,5,0.8,0.9022286768776563,0.6689951153226162,170.2452073390059,0.012249999999999999,0.010713549515881132,0.13067372550266745,0.13352501899694727,38.480482507801234,39,9,0,True
8.5,5,0.8,0.8845174517811342,0.6224873173859011,177.8246202000092,0.012249999999999999,0.010665292898585544,0.11883896427086012,0.12219287852725082,40.545720493823524,39,10,0,False
8.5,5,0.8,0.9676565645277854,0.5891872189771634,192.26769316601653,0.012249999999999999,0.010659569977981951,0.09762686142763144,0.11189052929534901,42.619467728659394,39,10,0,False
8.5,5,0.8,0.9147462579609092,0.7200916818391053,170.764531767969,0.012249999999999999,0.010763641676514129,0.14502166276323075,0.14449165378859774,36.48246138311381,39,10,0,False
8.5,5,0.8,0.9231774090258618,0.6477810416937989,173.32046968536628,0.012249999999999999,0.010698481664433003,0.12086518231976351,0.12816337945133835,39.463672479431004,39,10,0,False
8.5,5,0.8,0.8905123261156707,0.6178726721692694,179.28605167080906,0.012249999999999999,0.010662470392299903,0.11650930988780774,0.12089980195612106,40.79078073436742,39,10,0,False
8.5,5,0.8,0.9583322284671512,0.6634828051436077,171.8544220464301,0.012249999999999999,0.01072229678711006,0.12057956628376405,0.13166911627005343,38.84679132821599,39,10,0,True
8.5,5,0.8,0.9068043258957464,0.6756351380949177,170.25016953189964,0.012249999999999999,0.010720879329403764,0.13205296241639736,0.13492109996075924,38.210326790498556,39,10,0,True
8.5,5,0.8,0.8523262875808235,0.5996316032489075,182.45028732314043,0.012249999999999999,0.010636954989683237,0.11667254343085154,0.11686772293822907,41.58137594246529,39,10,0,False
8.5,5,0.8,0.9752596483626144,0.6319509604416059,179.66513070465024,0.012249999999999999,0.010698195572888125,0.108934067200438,0.12309932238340522,40.375907138265546,39,10,0,False
8.5,5,0.8,0.8723308431949669,0.6431792263798175,172.42950796251876,0.012249999999999999,0.01068221309767541,0.12725103574712182,0.12770277248952683,39.54414369438525,39,10,0,False
8.5,5,0.8,0.8663696132674331,0.6866023945286167,175.00401991289567,0.012249999999999999,0.010722250350488566,0.14234757851991034,0.13765891920406337,37.6963496466693,39,10,0,False
8.5,5,0.8,0.8874352326037606,0.6455038527325421,172.46215361312065,0.012249999999999999,0.010687812998739218,0.12558366100890483,0.1280919965637319,39.47611196696937,39,10,0,False
8.5,5,0.8,0.8827698434367869,0.6575263082695105,169.9825398975595,0.012249999999999999,0.010698198066775293,0.13014197846426226,0.13124239395266202,38.93204052572775,39,10,0,True
8.5,5,0.8,0.8808548055634609,0.6606107167415336,169.87576600759417,0.012249999999999999,0.01070070311566458,0.1314401620338504,0.1319323911370569,38.79446858264892,39,10,0,True
8.5,5,0.8,0.8978675162356218,0.7509254604639807,177.85800751416372,0.012249999999999999,0.01078648194166537,0.15813603745686872,0.15116259390175096,35.38538623254719,39,10,0,False
8.5,5,0.8,0.9429409792963017,0.6157295995750851,182.45116815061513,0.012249999999999999,0.01067426050209041,0.10845442960932362,0.11940730112627682,41.07892069074977,39,10,0,False
8.5,5,0.8,0.9099924824585885,0.6241576177600189,178.53804510653177,0.012249999999999999,0.010673098284934505,0.11557041808351592,0.12220281529700946,40.54385343162561,39,10,0,False
8.5,5,0.8,0.8581123226398375,0.6745187865349819,175.0229167770273,0.012249999999999999,0.010709233256971989,0.1397986221443759,0.1351326446045938,38.16987594898691,39,10,0,False
8.5,5,0.8,0.8828574018779569,0.6936674236512779,172.92378998811705,0.012249999999999999,0.010732477514541107,0.1418097736560226,0.13903972582130725,37.4430548916678,39,10,0,False
8.5,5,0.8,0.8989504727880703,0.6900697377731269,169.9092950692002,0.012249999999999999,0.01073264521481519,0.1379378648829126,0.1381354424974606,37.60895264714938,39,10,0,True
8.5,5,0.8,0.9050408775224542,0.8163211021457573,187.44788161999153,0.012249999999999999,0.01083734162922808,0.179032800226862,0.1636147850898268,33.37068645239463,39,10,0,False
8.5,5,0.8,0.8879135117097346,0.6797831521643661,170.31634630458475,0.012249999999999999,0.01072053562837227,0.1364443517207584,0.13600142114462768,38.00506341246804,39,10,0,False
8.5,5,0.8,0.8966872417511251,0.6447318853863614,172.97863991878305,0.012249999999999999,0.010689166922884564,0.12390500911025881,0.1277605449112444,39.53402392432988,39,10,0,False
8.5,5,0.8,0.896493635163582,0.674903239685532,170.01828479821268,0.012249999999999999,0.010717834985041108,0.1334715913156967,0.13486382198761665,38.221301012688166,39,10,0,True
8.5,5,0.8,1.0108963847154766,0.6828502586275054,172.92727771954063,0.012249999999999999,0.010754572324804125,0.11915755593777771,0.13533650265527702,38.13101392825528,39,10,0,True
8.5,5,0.8,0.8780143038294072,0.6093936248382802,180.96691302440178,0.012249999999999999,0.010651661667014246,0.11576903248072876,0.11892600641559863,41.17276871443701,39,10,0,False
8.5,5,0.8,0.9194987165517612,0.6160019983395064,181.163463199315,0.012249999999999999,0.010668040511134512,0.1117523571804975,0.11991150398850177,40.98103404100218,39,10,0,False
8.5,5,0.8,0.8971308572589209,0.6593900487331855,170.29954054347607,0.012249999999999999,0.010703240714367962,0.128441112837955,0.1314904418957628,38.88241935057568,39,10,0,True
8.5,5,0.8,0.9021263369841556,0.6616715560134052,170.37494420534034,0.012249999999999999,0.01070653488517567,0.12837761803376238,0.13193445328606454,38.7940595739431,39,10,0,True
8.5,5,0.8,1.0063185438700257,0.7114517012725373,172.30380890483292,0.012249999999999999,0.010778666451916358,0.12830057162172145,0.14181141280994525,36.946828968437806,39,10,0,True
8.5,5,0.8,0.9426932568114674,0.5,231.81201502395876,0.012249999999999999,0.010607774009220715,0.07612790144446872,0.0869726358870291,48.43382494465412,39,10,0,False
8.5,5,0.8,0.9135185881088057,0.7226801158575535,171.31003629772346,0.012249999999999999,0.010765696840892196,0.14606750557308293,0.14505508863292252,36.38650600410271,39,10,0,False
8.5,5,0.8,0.8930927183801235,0.6085779308479851,181.9114211991431,0.012249999999999999,0.010654560164100449,0.11328416612361486,0.11845104628787988,41.266004605291315,39,10,0,False
8.5,5,0.8,0.8826744841507109,0.6071730690683941,181.78954955373183,0.012249999999999999,0.010650701336150968,0.11438988997194306,0.11827368643939824,41.300980924259065,39,10,0,False
8.5,5,0.8,0.9296194043626079,0.6505154919981253,172.95924461336443,0.012249999999999999,0.010702750854174492,0.12075689470206306,0.12878098379587938,39.3563172637803,39,10,0,False
8.5,5,0.8,0.8840103219804396,0.6033443120522507,182.9322509285408,0.012249999999999999,0.010647619524583462,0.113017410517558,0.11726072236392557,41.502433742153464,39,10,0,False
8.5,5,0.8,0.8771287021552167,0.678329923757614,172.03005489535528,0.012249999999999999,0.010716780044884654,0.13778072891294366,0.13578597659862393,38.04573927449611,39,10,0,False
8.5,5,0.8,0.8743438946089166,0.6593125942673648,170.22774127358505,0.012249999999999999,0.010698066682903629,0.132090129177696,0.13171827721713145,38.837005393820306,39,10,0,False
8.5,5,0.8,0.923190326444405,0.5629946759568847,198.6320660283193,0.012249999999999999,0.010625588157426041,0.09573312480569378,0.10584162598370751,43.93695356836927,39,10,0,False
8.5,5,0.8,0.8551860071531917,0.6670781782634323,174.6303270812057,0.012249999999999999,0.010701449523850009,0.13786175699564382,0.13357284244909562,38.47113500646939,39,10,0,False
8.5,5,0.8,0.8913058008259753,0.6761154397654316,169.8819429869018,0.012249999999999999,0.010717808027562392,0.13470467411933118,0.13517662418863727,38.16148213851305,39,10,0,True
8.5,5,0.8,0.9114924869452877,0.6604846909709545,170.6419946786435,0.012249999999999999,0.01070765086818915,0.12655191277178438,0.13156845626271438,38.86685129958061,39,10,0,True
8.5,5,0.8,0.9489889834777794,0.8207126079388598,180.13630033496497,0.012249999999999999,0.010849858615139334,0.17221035304650137,0.16444977386667728,33.244758153528856,39,10,0,False
8.5,5,0.8,1.039500618515112,0.570690021630688,205.29031026019706,0.012249999999999999,0.010674553723904792,0.08442570621173044,0.10496518341598346,44.13530857240551,39,10,0,False
8.5,5,0.8,0.8976835220689182,0.6459493138911773,172.74378466291608,0.012249999999999999,0.010690585936281667,0.1241310412325688,0.12806178954569583,39.48137945185373,39,10,0,False
8.5,5,0.8,0.86616496996706,0.7350016224049385,181.57068170032042,0.012249999999999999,0.01076619025131449,0.15862235036800493,0.1479259192681135,35.90733978053678,39,10,0,False
8.5,5,0.8,0.8881139111152337,0.6169457493508932,179.41766725309378,0.012249999999999999,0.010661016561468192,0.11658261709321101,0.12070137939906403,40.82876917962165,39,10,0,False
8.5,5,0.8,0.9028257163278114,0.5,226.7697638127641,0.012249999999999999,0.010589630409261827,0.08064022430214716,0.0884296313632465,48.08393546689997,39,10,0,False
8.5,5,0.8,0.9538998000034098,0.6453792552752365,175.1986534156431,0.012249999999999999,0.010704325449570515,0.11575906536514546,0.12704048551227573,39.66070200756518,39,10,0,False
8.5,5,0.8,0.8621254904806728,0.6574858456942927,172.19237431487852,0.012249999999999999,0.010693724961031074,0.13353700678792377,0.1314493015287253,38.89063646056051,39,10,0,False
8.5,5,0.8,0.9454754823893897,0.6725334506546469,171.2897162098932,0.012249999999999999,0.010727422799174881,0.12518330893405247,0.13382568912827683,38.42182483544727,39,10,0,True
8.5,5,0.8,0.899933430814097,0.6839791718565468,169.99066666501193,0.012249999999999999,0.010727203147135928,0.1358170337030082,0.1368005220424201,37.85530348099863,39,10,0,True
8.5,5,0.8,0.8401042259065535,0.6688686889011177,177.72980862055854,0.012249999999999999,0.010700218062755144,0.1411194171310148,0.13408467828942672,38.3715091757159,39,10,0,False
8.5,5,0.8,0.883820494264974,0.7045014308371434,174.13947220000864,0.012249999999999999,0.010742646089592094,0.14520384195892128,0.1413553069233383,37.02715908922404,39,10,0,False
8.5,5,0.8,0.8836400167982452,0.6179645888259412,178.95250978539462,0.012249999999999999,0.010660917074596637,0.1175687048073472,0.12103834672785312,40.7643177674763,39,10,0,False
8.5,5,0.8,0.8489646325393245,0.5,220.80626519503826,0.012249999999999999,0.010569293963785562,0.08731489293674788,0.09028548616825348,47.64892550034668,39,10,0,False
8.5,5,0.8,0.9011455395163724,0.659601195265912,170.39617799919904,0.012249999999999999,0.010704372443138578,0.12787750887300844,0.13149187952471733,38.88213230035749,39,10,0,True
8.5,5,0.8,0.9011640715671507,0.6268975167029692,177.44120908321202,0.012249999999999999,0.010673451004096422,0.1177012938050404,0.12306034494614851,40.38317144952567,39,10,0,False
8.5,5,0.8,0.9576717444686141,0.6863090169852755,171.36109973404385,0.012249999999999999,0.010743259627624745,0.1276250179940686,0.1367372387326377,37.86710017287066,39,11,0,True
8.5,5,0.8,0.9310146741461118,0.7319929839861705,170.49622101531148,0.012249999999999999,0.01077787689873431,0.146163134642652,0.14694802367410065,36.06892205380945,39,11,0,True
8.5,5,0.8,0.8774125934794152,0.7045673033999751,175.30949195963117,0.012249999999999999,0.01074134744253329,0.1463462930766877,0.14141317700525768,37.01693846917257,39,11,0,False
8.5,5,0.8,0.8671270241300676,0.6563323385184089,171.1593698275389,0.012249999999999999,0.010693701731572552,0.13232377796650288,0.13114840856381554,38.95089077759848,39,11,0,False
8.5,5,0.8,0.8871166550857833,0.7619658653000629,181.66064037485032,0.012249999999999999,0.010793216474562566,0.1638517001925752,0.1533151445595715,35.016132146164736,39,11,0,False
8.5,5,0.8,0.9098091339303396,0.6756010946829623,170.32500171153254,0.012249999999999999,0.01072157066406416,0.13156571230284006,0.1348826612769758,38.21769045913322,39,11,0,True
8.5,5,0.8,0.8986296724527115,0.6919793180966295,169.95780014629443,0.012249999999999999,0.01073436558226393,0.13860622126572925,0.13855002690787224,37.53278139712368,39,11,0,False
8.5,5,0.8,0.932372160795572,0.8771704781389784,193.41931487899916,0.012249999999999999,0.010878389740267077,0.19465713934133688,0.17449958579929162,31.752865890828208,39,11,0,False
8.5,5,0.8,1.011138645218146,0.6602189542534391,174.22584203933386,0.012249999999999999,0.010734358947881602,0.11251421815963848,0.13004465422207837,39.13883635533406,39,11,0,False
8.5,5,0.8,0.8695895069885861,0.6579638968778065,170.91032396139332,0.012249999999999999,0.010695762231858473,0.1324421558039015,0.1314757804365321,38.88534714881939,39,11,0,False
8.5,5,0.8,0.8931045320030861,0.6865997778342479,170.24560000452192,0.012249999999999999,0.010728083082786345,0.1377856460953895,0.1374326104429482,37.73806570680106,39,11,0,False
8.5,5,0.8,0.8949832315995151,0.6498935739897925,171.75963046497662,0.012249999999999999,0.010693701514423006,0.12578567330668677,0.1291245917454976,39.296829252672914,39,11,0,False
8.5,5,0.8,0.8811471978559486,0.662556328767641,169.8526880072062,0.012249999999999999,0.010702678224286225,0.13201395346226072,0.1323495704046654,38.71192956668574,39,11,0,True
8.5,5,0.8,0.8891271265274207,0.6614205565221506,170.05988771595122,0.012249999999999999,0.01070332701055068,0.1303594449626256,0.13202055764659903,38.7769928761737,39,11,0,True
8.5,5,0.8,0.8875676185003679,0.7144384013376675,174.76160652630864,0.012249999999999999,0.01075248872818643,0.1478292442303698,0.14345909383183963,36.65988288533286,39,11,0,False
8.5,5,0.8,0.8601368261824361,0.6295348650181875,175.79187763267188,0.012249999999999999,0.010666514817603279,0.12487557958727516,0.12437557582241957,40.140157474091204,39,11,0,False
8.5,5,0.8,0.8977914108886187,0.6701913550325822,170.11864873873643,0.012249999999999999,0.010713664517136505,0.13176029012891283,0.13382991695232935,38.4210019059973,39,11,0,True
8.5,5,0.8,0.9198828008217246,0.6789352741444888,170.52089725397235,0.012249999999999999,0.010727090144904276,0.13103901794201953,0.1355079618361328,38.098418200803316,39,11,0,True
8.5,5,0.8,0.9020463096170108,0.6670098853311497,170.27667116107588,0.012249999999999999,0.010711640305377626,0.13007347457340407,0.13309594898321134,38.564648127472445,39,11,0,True
8.5,5,0.8,0.8859505551188751,0.6812162892566938,170.8336075331744,0.012249999999999999,0.010721479363288513,0.1372332774104725,0.1363283867670227,37.94357616863605,39,11,0,False
8.5,5,0.8,0.9103654499788094,0.8002421948603994,183.68879204758923,0.012249999999999999,0.010827438910605117,0.1724852546944368,0.16058421345268423,33.83644132812586,39,11,0,False
8.5,5,0.8,0.8692496967000489,0.65611443684335,170.76545153814553,0.012249999999999999,0.010693930462295949,0.1319012848615797,0.1310715652221561,38.96468660275631,39,11,0,False
8.5,5,0.8,0.8861145763673492,0.6758912985548557,170.15596127336315,0.012249999999999999,0.010716441251177763,0.13548707487251463,0.13517727495095933,38.16135797677006,39,11,0,False
8.5,5,0.8,0.8868151549917261,0.6748733569320157,169.91269883545996,0.012249999999999999,0.010715641860792052,0.13504281017509642,0.1349504338846459,38.20471012230241,39,11,0,False
8.5,5,0.8,0.9868386814293272,0.7683313346005158,171.8205721824892,0.012249999999999999,0.010820973020820648,0.1487569310226091,0.15418636095104846,34.86956677270977,39,11,0,True
8.5,5,0.8,0.8787779920367341,0.6164654962410705,179.12327627991016,0.012249999999999999,0.01065836581478569,0.11784223013146478,0.12073347112818986,40.822618069856524,39,11,0,False
8.5,5,0.8,0.9120593748117728,0.7129857836944602,170.30909893949618,0.012249999999999999,0.01075666586782571,0.14316717408653298,0.1429800688256005,36.74293103890175,39,11,0,False
8.5,5,0.8,0.894582292344022,0.6604354963028352,170.21305694742023,0.012249999999999999,0.010703631553908301,0.12917555046127185,0.1317469961808888,38.83129198099132,39,11,0,True
8.5,5,0.8,0.8991647710777301,0.6695456978503755,170.1625854859095,0.012249999999999999,0.010713372875212675,0.13133522558808236,0.1336757966125457,38.45103440396031,39,11,0,True
8.5,5,0.8,0.8345967715800033,0.7159642237770646,185.16808927890787,0.012249999999999999,0.010742969553546611,0.15816287024940484,0.144068885808656,36.55495077420946,39,11,0,False
8.5,5,0.8,0.928525861398522,0.5,229.95519546830985,0.012249999999999999,0.010601020171844914,0.07769342575530529,0.08749873146226131,48.306617107368865,39,11,0,False
8.5,5,0.8,0.8826628550869274,0.7371946510401487,178.7458696979639,0.012249999999999999,0.010771553188600553,0.15629697364747336,0.1483191973993907,35.84279659000051,39,11,0,False
8.5,5,0.8,0.878059748870805,0.6765665154148676,171.64809381035906,0.012249999999999999,0.010715303247929447,0.1370505705424253,0.13539791506242405,38.119329518601866,39,11,0,False
8.5,5,0.8,0.8939517741217732,0.7332598118946376,176.13607195813168,0.012249999999999999,0.010770597470129054,0.15294080221989262,0.14743280002598938,35.98871373334709,39,11,0,False
8.5,5,0.8,0.8757956395749454,0.7215723016588903,177.8786028978111,0.012249999999999999,0.010756422095665009,0.15230018736979142,0.14504365360162247,36.388446073380216,39,11,0,False
8.5,5,0.8,0.8861888538131166,0.7003408225830012,173.18098224627005,0.012249999999999999,0.010739336798329552,0.14342669518746312,0.14044570715205007,37.18890430931208,39,11,0,False
8.5,5,0.8,0.8101448215047036,0.6883720025890967,186.42645801470402,0.012249999999999999,0.010713077245301319,0.15341888654408842,0.13842434425057484,37.555912133129354,39,11,0,False
8.5,5,0.8,0.9044059301391287,0.6504830080761754,171.9774784908037,0.012249999999999999,0.010696461860490357,0.12451563552313609,0.1291451303280341,39.29328184403463,39,11,0,False
8.5,5,0.8,0.8266608352471321,0.7173780449124556,187.02410143702036,0.012249999999999999,0.010742690828662417,0.160225967603862,0.14439831762757566,36.49842882065561,39,11,0,False
8.5,5,0.8,0.8619203585660046,0.7444277266069217,183.74656716780956,0.012249999999999999,0.010773366764109267,0.16266049939223592,0.14991970076796157,35.583598749710156,39,11,0,False
8.5,5,0.8,0.8917402467590485,0.6891618239543557,170.7931781517719,0.012249999999999999,0.010730175356710206,0.1388418231333785,0.1380006031523063,37.633622435785405,39,11,0,False
8.5,5,0.8,0.8290430015209432,0.6604021306779047,178.82212239300907,0.012249999999999999,0.01068999388301926,0.14028978143727794,0.13238824608424724,38.70430167723839,39,11,0,False
8.5,5,0.8,0.9283277595386001,0.8259672416670754,184.72783457776407,0.012249999999999999,0.010848733413663224,0.17783104390432516,0.16544053631832945,33.097125403620524,39,11,0,False
8.5,5,0.8,1.009205365697972,0.6264565896419483,183.0795901667906,0.012249999999999999,0.010704057870061697,0.10309023352685329,0.12096775340439964,40.777795227766056,39,11,0,False
8.5,5,0.8,0.8877167053394776,0.6794791877212545,170.3103758060297,0.012249999999999999,0.010720164564225337,0.13638061106861504,0.13593879393963687,38.016874212761216,39,11,0,False
8.5,5,0.8,0.9104106539464003,0.5826025187524554,190.74779860990157,0.012249999999999999,0.010636620269524683,0.10308569119590634,0.11139620115409533,42.72645075643205,39,11,0,False
8.5,5,0.8,0.8603640002719223,0.6143122849521088,178.8839131207086,0.012249999999999999,0.010652253979453805,0.12001833896498293,0.12048069798137113,40.871141978560246,39,11,0,False
8.5,5,0.8,0.8997791154211032,0.9103169237962085,207.12272338845824,0.012249999999999999,0.010885979237772556,0.21337013907122096,0.17953386342853547,30.993475776349452,39,11,0,False
8.5,5,0.8,0.8879135192169779,0.6777619972700892,170.07120521518826,0.012249999999999999,0.010718618787768064,0.135792450782208,0.135564492964344,38.087689155819405,39,11,0,False
8.5,5,0.8,0.8830846858961499,0.6656773055568197,169.84289491992183,0.012249999999999999,0.010706057102866534,0.132699522343978,0.13300426140537303,38.58270379196871,39,11,0,True
8.5,5,0.8,0.9086330850489256,0.6720679647672306,170.3513046366949,0.012249999999999999,0.010717958838574234,0.13063432348506107,0.13412572063494393,38.36355338088671,39,11,0,True
8.5,5,0.8,0.8877290605794016,0.6896944077721906,171.55922756502315,0.012249999999999999,0.010729815933696894,0.1396865722003214,0.13814912128775245,37.6064526749682,39,11,0,False
8.5,5,0.8,0.8796296104955476,0.6871226656307028,172.67567448625817,0.012249999999999999,0.010725682109070404,0.14022014177639097,0.1376589356002977,37.696346629223484,39,11,0,False
8.5,5,0.8,0.8733808133908554,0.7214491349165433,178.30731858562226,0.012249999999999999,0.010755729115088467,0.15270155798129645,0.1450329901489221,36.39025551034917,39,11,0,False
8.5,5,0.8,0.8737712949773238,0.6367290268933172,173.9416364525989,0.012249999999999999,0.010676317278887399,0.12497395619830146,0.12602272956630522,39.841810956337774,39,11,0,False
8.5,5,0.8,0.8361665044455606,0.788836530550415,196.736000100549,0.012249999999999999,0.010803277483894423,0.183586387479192,0.15841982590720233,34.17736348750654,39,11,0,False
8.5,5,0.8,0.8986747628087757,0.6656985136764418,170.21577144023362,0.012249999999999999,0.010709597673227357,0.13019292825331658,0.13284801565970597,38.61353007018527,39,11,0,True
8.5,5,0.8,0.8932874215898398,0.6597538493094057,170.19613999191415,0.012249999999999999,0.010702701772345185,0.12916448628879962,0.13161211858518201,38.858146332934886,39,11,0,True
8.5,5,0.8,0.9605796801985388,0.7029522522485427,171.23226660719726,0.012249999999999999,0.010759229958027302,0.1323248678490209,0.1403806470374401,37.200553069008585,39,12,0,True
8.5,5,0.8,0.8512805909867273,0.7376921480639543,184.89325886434267,0.012249999999999999,0.010765411826556779,0.16240824118269637,0.14854496985821025,35.80589729230587,39,12,0,False
8.5,5,0.8,0.8876035813742361,0.6554498006313741,170.29365422152836,0.012249999999999999,0.010697330991168525,0.12870322132142403,0.13066385126371846,39.033555557941774,39,12,0,False
8.5,5,0.8,0.8851687751576863,0.6598897099450527,169.99437336339935,0.012249999999999999,0.010700990670030906,0.1305085596426963,0.1317296172716049,38.83474908304747,39,12,0,True
8.5,5,0.8,0.8796432222225277,0.6446115766375119,172.37410447597625,0.012249999999999999,0.01068519228082481,0.12653435965049858,0.1279709996225589,39.497223831008,39,12,0,False
8.5,5,0.8,0.8791734899684865,0.661893016289884,169.81627243166952,0.012249999999999999,0.010701593726103192,0.13212504286729373,0.13222674925596234,38.73618260167836,39,12,0,True
8.5,5,0.8,0.8838786359095958,0.6926082893268551,172.6073015746367,0.012249999999999999,0.010731713986518709,0.1412886770764008,0.13880497569970152,37.48598884768148,39,12,0,False
8.5,5,0.8,1.0000513707541363,0.8579028199609373,177.59298970005577,0.012249999999999999,0.010882847954294105,0.17541109091188564,0.17149965729880678,32.2254032184457,39,12,0,False
8.5,5,0.8,0.9344972828595258,0.7031181521337735,170.61522963251326,0.012249999999999999,0.010752990035858629,0.13637775785365414,0.14065490890258728,37.151520115672675,39,12,0,True
8.5,5,0.8,0.8913025701740512,0.6723793184219659,169.93815891743247,0.012249999999999999,0.010714329323067455,0.13350407706210327,0.13436640388935056,38.31699601462098,39,12,0,True
8.5,5,0.8,0.899346925058689,0.6393635643790504,174.32179468737843,0.012249999999999999,0.0106846827577475,0.12182658297873095,0.1263260111670336,39.787587422179904,39,12,0,False
8.5,5,0.8,0.888044777449316,0.6693870176247465,169.90345091322556,0.012249999999999999,0.010710725670191937,0.13307744739548794,0.13375317098068673,38.43594829340195,39,12,0,True
8.5,5,0.8,0.8839763567273546,0.6638888892060612,169.89372721590055,0.012249999999999999,0.01070454766662075,0.13198042709337024,0.13261025999963783,38.66057718241632,39,12,0,True
8.5,5,0.8,0.8899808886189854,0.6593146564271187,170.123877313031,0.012249999999999999,0.0107015357612275,0.1295518164052358,0.13155240465670962,38.87005295590621,39,12,0,True
8.5,5,0.8,0.9196985725956186,0.608730175600258,183.2185712780972,0.012249999999999999,0.01066158582890518,0.10954856947257201,0.11800516949489347,41.354100820484014,39,12,0,False
8.5,5,0.8,0.8661208677528929,0.7202886711791183,179.52093654809002,0.012249999999999999,0.010753165915718534,0.15364326586407864,0.1448257546763315,36.42547300441936,39,12,0,False
8.5,5,0.8,0.8838497361748393,0.6831782786574936,171.4409205132972,0.012249999999999999,0.010722867396490218,0.13822141455408696,0.13677124710717364,37.86075930056494,39,12,0,False
8.5,5,0.8,0.9013805592827483,0.6569325606567475,170.45792657512206,0.012249999999999999,0.010701865745271625,0.12700237505413522,0.13086596772772138,38.999370301901266,39,12,0,True
8.5,5,0.8,0.9076668789400821,0.6564849834569446,170.78425192997864,0.012249999999999999,0.010702973939564002,0.1258881499641745,0.13066131702922265,39.03398474979166,39,12,0,False
8.5,5,0.8,0.8885881152278964,0.6686286686639685,169.92168787206813,0.012249999999999999,0.010710059770267311,0.1327488052905474,0.13358618327365693,38.46852862095161,39,12,0,True
8.5,5,0.8,0.8918032717281036,0.7334207807892348,176.5451226208268,0.012249999999999999,0.01077025427407567,0.15337857692015447,0.14747838264071858,35.981198805955984,39,12,0,False
8.5,5,0.8,0.904204131627678,0.6675639233648701,170.31759524874204,0.012249999999999999,0.01071264276827641,0.12990928899991014,0.13319411461910813,38.5453443167085,39,12,0,True
8.5,5,0.8,0.8833362963435885,0.6641980321065378,169.869464741543,0.012249999999999999,0.01070465928287347,0.13218566248792243,0.1326846572635164,38.64583730372465,39,12,0,True
8.5,5,0.8,0.8907535275107356,0.6594749663729157,170.13953572111382,0.012249999999999999,0.010701862410337888,0.1294793891796774,0.13157892803258325,38.864763017007654,39,12,0,True
8.5,5,0.8,0.8630443440281743,0.8049352149701634,193.8643080636289,0.012249999999999999,0.01082048861300881,0.1835915242781376,0.16144728483958332,33.7022411650318,39,12,0,False
8.5,5,0.8,0.8922266498752116,0.7022045580712812,172.35826484856796,0.012249999999999999,0.010742440828839241,0.14300037467462912,0.1407988370670975,37.1258643295541,39,12,0,False
8.5,5,0.8,0.8942033127400688,0.6700861469772905,170.0355496702926,0.012249999999999999,0.010712754649380986,0.13230313626039403,0.13384325797162283,38.41840546884324,39,12,0,True
8.5,5,0.8,0.8848819078815758,0.6584449685873618,170.01669108248538,0.012249999999999999,0.010699559132482718,0.1300935078310197,0.13141856957387324,38.896778000313866,39,12,0,True
8.5,5,0.8,0.8803429239221586,0.6599147187888125,169.8778576566018,0.012249999999999999,0.010699940154493779,0.13130002779953676,0.13178634503679626,38.82346785234142,39,12,0,True
8.5,5,0.8,0.9583652666141892,0.5982880968184913,188.60893241503496,0.012249999999999999,0.0106638033611397,0.1013772995860378,0.11449947566013308,42.066658715000045,39,12,0,False
8.5,5,0.8,0.8678162339629952,0.5795432380941027,189.2199132517177,0.012249999999999999,0.010622852945379851,0.10814411134933946,0.11146968585690122,42.710496901162934,39,12,0,False
8.5,5,0.8,0.8763458978539405,0.6775018304059397,172.0644867140586,0.012249999999999999,0.010715787858697309,0.1376453432698782,0.13561589487911885,38.07794129924589,39,12,0,False
8.5,5,0.8,0.8718894720099738,0.6909744341592154,174.55580974475106,0.012249999999999999,0.010727615242664178,0.14282074096410122,0.1385498416387438,37.532815463367015,39,12,0,False
8.5,5,0.8,0.9196946784863516,0.7478643372842367,173.57741183743505,0.012249999999999999,0.010788755996188963,0.15325225729428227,0.1504185375867668,35.503731031122655,39,12,0,False
8.5,5,0.8,0.8632909594413509,0.6738320876849474,173.97425025895853,0.012249999999999999,0.01070958159979213,0.1386757694071186,0.13494266914032008,38.20619662834483,39,12,0,False
8.5,5,0.8,0.9158651759995166,0.7099588405490769,170.17194557377445,0.012249999999999999,0.010754805639711545,0.14155909939492126,0.14229701670590414,36.86186418323108,39,12,0,True
8.5,5,0.8,0.8194764454141215,0.687186754670774,184.28808481673258,0.012249999999999999,0.010713656795559667,0.15118052613220032,0.13811822751035174,37.6120995989793,39,12,0,False
8.5,5,0.8,0.8960853383259035,0.6830335994433437,169.90843056676167,0.012249999999999999,0.010725388062204874,0.13614519575688877,0.13663224298647847,37.886696396644695,39,12,0,True
8.5,5,0.8,0.8710989898119696,0.66184019323392,171.0995065631207,0.012249999999999999,0.01069980558494879,0.1334428075469381,0.1322973992662791,38.722226142611625,39,12,0,False
8.5,5,0.8,1.0367341637966745,0.7301851455471201,172.91702201920347,0.012249999999999999,0.010802822280357935,0.1297062595529635,0.14569121440272398,36.27905710742516,39,12,0,True
8.5,5,0.8,0.8865127774557091,0.6243624531568805,177.43826593772067,0.012249999999999999,0.010667524244207107,0.11911737870862787,0.122643833311333,40.4610390962864,39,12,0,False
8.5,5,0.8,0.9091595998610656,0.6600361425049085,170.5917535713851,0.012249999999999999,0.01070667286949531,0.1267701860108648,0.13149663544727688,38.88118273359795,39,12,0,True
8.5,5,0.8,0.94371470444676,0.5010571277868301,231.27689055476512,0.012249999999999999,0.010608277723378216,0.07629533179472171,0.08727764822306366,48.35995339177292,39,12,0,False
8.5,5,0.8,0.9944511655493815,0.7688958462564764,171.9736735139047,0.012249999999999999,0.010823212955021198,0.1477424837238816,0.1542602618201036,34.857216990524634,39,12,0,True
8.5,5,0.8,0.8930458525363247,0.699009375413705,171.80478591157734,0.012249999999999999,0.010739627540550582,0.14182115951386748,0.14010734610555856,37.24960399401413,39,12,0,False
8.5,5,0.8,0.9085423824849779,0.6844746614896966,170.1755395949407,0.012249999999999999,0.0107295677339742,0.13458624887472134,0.1368306952889053,37.84968266792689,39,12,0,True
8.5,5,0.8,0.862771853203962,0.6695206943798402,173.5376915306852,0.012249999999999999,0.010705404024786194,0.137350123309892,0.13402325860515946,38.3834240647705,39,12,0,False
8.5,5,0.8,0.8994275612109731,0.9529426403058345,216.72988000103092,0.012249999999999999,0.010899231466624817,0.22899410827667466,0.18600940737210533,30.07500317269605,39,12,0,False
8.5,5,0.8,0.8549778403178556,0.6770783033036363,175.92594353584067,0.012249999999999999,0.010710951043975538,0.14119901337461685,0.13570875065865504,38.06035073008875,39,12,0,False
8.5,5,0.8,0.901755186972853,0.6645875508687271,170.31701153157732,0.012249999999999999,0.010709307185966056,0.129352239059261,0.13257282595954223,38.667958407536965,39,12,0,True
8.5,5,0.8,0.8824912579542897,0.6472914840909229,171.8806663560162,0.012249999999999999,0.010688377033158322,0.126930813295491,0.12862480026780712,39.38344479819213,39,12,0,False
8.5,5,0.8,0.8886926266199456,0.6601048053898766,170.07536671370215,0.012249999999999999,0.010701983045778624,0.1300099879716122,0.13173869880514605,38.8329424245936,39,12,0,True
8.5,5,0.8,0.921477438543144,0.6563781097417343,171.31830164489193,0.012249999999999999,0.010706200605137082,0.12376274174800594,0.13043957447390017,39.07159244367827,39,12,0,False
8.5,5,0.8,0.8903817046318352,0.607375377616628,182.11076875494302,0.012249999999999999,0.010652784694065366,0.11331426552155079,0.11818862410450601,41.31778674952487,39,12,0,False
8.5,5,0.8,0.894604105343398,0.6901972662957334,170.42649964842823,0.012249999999999999,0.010731798077677992,0.138698704992402,0.13820038821645297,37.59708734192953,39,12,0,False
8.5,5,0.8,0.8821196243365813,0.6869687114663395,172.21195250999426,0.012249999999999999,0.010726049064367514,0.13974735817951237,0.13760574782011759,37.70613866732887,39,12,0,False
8.5,5,0.8,0.8814249290431718,0.6554907353232285,170.07522860738655,0.012249999999999999,0.01069600388808799,0.12970764593378342,0.13075481042077966,39.01816013186768,39,12,0,False
8.5,5,0.8,0.8835508279960353,0.6755412358220486,170.55766126626315,0.012249999999999999,0.010715522428734489,0.1358001687747632,0.1351264274676184,38.17106297140091,39,12,0,False
8.5,5,0.8,0.8636171189053928,0.6512501619412088,172.17119482810307,0.012249999999999999,0.010688093755552805,0.13126632885213263,0.1298920624749821,39.16490994321503,39,13,0,False
8.5,5,0.8,0.8490211497135207,0.6802789107993914,177.4674026576729,0.012249999999999999,0.010712814338922452,0.14332383661388115,0.13643955764760984,37.92273661562818,39,13,0,False
8.5,5,0.8,0.9021271604719986,0.6532051776794298,171.28931230047476,0.012249999999999999,0.010698489906705008,0.12571763325759197,0.1298860471579857,39.16593883840556,39,13,0,False
8.5,5,0.8,0.8956921270401299,0.6614262492907672,170.21966761584846,0.012249999999999999,0.01070481602326339,0.12931390249430463,0.13195133868916598,38.79071098379665,39,13,0,True
8.5,5,0.8,0.8791357605759397,0.5952261949257464,185.02351125837131,0.012249999999999999,0.010639155091084943,0.11125736945176014,0.1152640526176453,41.90816411216153,39,13,0,False
8.5,5,0.8,0.8742539620602382,0.651908114922427,170.5833629201019,0.012249999999999999,0.010690923693161741,0.12972949784258503,0.12992693181694198,39.15894725422366,39,13,0,False
8.5,5,0.8,0.8809705932817213,0.6329285595321241,175.11816752069873,0.012249999999999999,0.010674360145987416,0.12264102926579859,0.12493585094790703,40.037937795566535,39,13,0,False
8.5,5,0.8,0.9439548548522841,0.6918256980532905,170.9392054969162,0.012249999999999999,0.010744902234715123,0.1313762008683137,0.13810094904736372,37.61525893341049,39,13,0,True
8.5,5,0.8,0.8439117793540636,0.7022971444549015,181.37954456092197,0.012249999999999999,0.010732320278959488,0.15168646893927776,0.1411457573150397,37.0642378436903,39,13,0,False
8.5,5,0.8,0.9006418606316526,0.6730893728658033,170.14214344790992,0.012249999999999999,0.010717065996951804,0.13222583526937115,0.13442931428016644,38.30485412843018,39,13,0,True
8.5,5,0.8,0.8758999096128717,0.6510903485081461,170.81560634906847,0.012249999999999999,0.010690506174728309,0.1292000731232888,0.12969447758930494,39.198747732853754,39,13,0,False
8.5,5,0.8,0.884756072320123,0.6624684284356559,169.93890429081225,0.012249999999999999,0.010703383994999692,0.13139817065604933,0.13229326299005983,38.723042829533036,39,13,0,True
8.5,5,0.8,0.8866332939411313,0.6607610009778464,170.0109006516849,0.012249999999999999,0.010702125782200742,0.13055115585603477,0.1319040885631691,38.8000834271843,39,13,0,True
8.5,5,0.8,0.8784787288573068,0.6605100089648968,169.82146997279824,0.012249999999999999,0.010700086027809122,0.13179631357101046,0.1319353676739524,38.793878217394905,39,13,0,True
8.5,5,0.8,0.9056697520941968,0.6189750758875905,179.69695296471255,0.012249999999999999,0.010667229658354063,0.11461986198999627,0.12092733934677813,40.78551687510172,39,13,0,False
8.5,5,0.8,0.9069287070922447,0.7399855192897419,174.73962246613573,0.012249999999999999,0.010779269434254305,0.15287728375677295,0.1487971815517803,35.764808461587016,39,13,0,False
8.5,5,0.8,0.8945550856508765,0.6634158633242493,170.15833059602846,0.012249999999999999,0.010706498729988207,0.13012352966791949,0.13239567337012775,38.702837322251966,39,13,0,True
8.5,5,0.8,0.8844126271484086,0.6566326536678022,170.0420255510766,0.012249999999999999,0.010697725081495937,0.1295914367414766,0.1310125826053018,38.97462750331361,39,13,0,True
8.5,5,0.8,0.8923948050240716,0.6667217685832235,170.04880987054239,0.012249999999999999,0.01070916668596276,0.13152073827424604,0.13313371554279532,38.5572181426044,39,13,0,True
8.5,5,0.8,0.8898826253670857,0.65020671301641,171.50563645725228,0.012249999999999999,0.010692832228228557,0.12668293810053138,0.12927623016773906,39.270660589401515,39,13,0,False
8.5,5,0.8,0.8793864633860919,0.6002875407530077,183.5717202589497,0.012249999999999999,0.010643756994765562,0.11276460606978597,0.1165573797344505,41.644029100263346,39,13,0,False
8.5,5,0.8,0.8831104213202755,0.6696568302371881,169.9231851153581,0.012249999999999999,0.010709821248430909,0.13397589446055103,0.13386216110176374,38.41472741470849,39,13,0,False
8.5,5,0.8,0.8857075979772644,0.6484915290255827,171.72893195334544,0.012249999999999999,0.010690222330401298,0.12680129074920207,0.12889117370496742,39.337211458526625,39,13,0,False
8.5,5,0.8,0.8917134750051775,0.654445442867197,170.64667480865472,0.012249999999999999,0.010697262070363056,0.12773432150452516,0.13035045377953652,39.08673747491043,39,13,0,False
8.5,5,0.8,0.8294604531148989,0.5729479708783832,191.3506426136165,0.012249999999999999,0.010608657591319043,0.11190623943511911,0.1105390427560964,42.913853731288434,39,13,0,False
8.5,5,0.8,0.8968276164022372,0.6678736262161342,170.13132398966223,0.012249999999999999,0.010711221577607366,0.13117834721695054,0.13333867164852178,38.51696958171564,39,13,0,True
8.5,5,0.8,0.8813620913131995,0.6426753405075288,172.87164928809253,0.012249999999999999,0.01068372308073944,0.12564892432285243,0.12744637270720113,39.589148551276814,39,13,0,False
8.5,5,0.8,0.8862853289747566,0.6582849827829729,170.05717769329775,0.012249999999999999,0.010699754138999498,0.12981519740238184,0.13136759666418316,38.90697083725843,39,13,0,True
8.5,5,0.8,0.8825844576319926,0.6537382376401364,170.4789651630825,0.012249999999999999,0.010694518734338358,0.12896506297486096,0.1302893278942532,39.09713511629571,39,13,0,False
8.5,5,0.8,1.0183487981552712,0.6450299788517594,178.41642803308642,0.012249999999999999,0.010723057387880968,0.10724551430740425,0.12580536007478543,39.88080860626835,39,13,0,False
8.5,5,0.8,0.886607355443588,0.6909536531434508,171.91220642204442,0.012249999999999999,0.010730729466686325,0.14028663718072934,0.13842999263570172,37.55487169984879,39,13,0,False
8.5,5,0.8,0.9074370379483815,0.6200713251200106,179.48510173566845,0.012249999999999999,0.010668650067222273,0.11469867552541443,0.12118322314246047,40.73669951744706,39,13,0,False
8.5,5,0.8,0.8919545073424966,0.6566457987848159,170.2264747979451,0.012249999999999999,0.010699423112652888,0.1283919563307442,0.1309176106119292,38.9906497457803,39,13,0,True
8.5,5,0.8,0.8795406050683762,0.6105737182912139,180.71648347154886,0.012249999999999999,0.010653083573084943,0.11590432121267549,0.11920474797747438,41.11833968708193,39,13,0,False
8.5,5,0.8,0.8876128843917804,0.6443069037290228,172.73457451170543,0.012249999999999999,0.010686684386453848,0.1251799529131087,0.12778017099229905,39.53058783658181,39,13,0,False
8.5,5,0.8,0.8802976267546646,0.621132781355453,177.9905169866217,0.012249999999999999,0.0106630783168774,0.119060072137335,0.12191048841262227,40.59888622558978,39,13,0,False
8.5,5,0.8,0.939482005701186,0.677769429248158,171.0327844981214,0.012249999999999999,0.010730788313118722,0.1276852038263075,0.13504573061377387,38.18648008406345,39,13,0,True
8.5,5,0.8,0.8835145807238651,0.6567616948377012,170.0181773731648,0.012249999999999999,0.010697655562615267,0.12977688819341465,0.13105733486263585,38.96708429678829,39,13,0,True
8.5,5,0.8,0.9346263763203414,0.6270694530239898,178.92871009594526,0.012249999999999999,0.010682167887592213,0.11295629243781748,0.12254243906711644,40.48006206053694,39,13,0,False
8.5,5,0.8,0.9779208502884038,0.7002076930134906,171.6956895753796,0.012249999999999999,0.01076117602352733,0.12893057454495097,0.1396034260351223,37.34054629923253,39,13,0,True
8.5,5,0.8,0.8866343742179965,0.6394172368292531,173.8164753078843,0.012249999999999999,0.010681816596112685,0.12379531339914479,0.12652743209553158,39.751695480081885,39,13,0,False
8.5,5,0.8,0.9109438580897877,0.657835833010943,170.68684732536457,0.012249999999999999,0.010705004634940923,0.1258090254023315,0.13096985527089977,38.981833414522285,39,13,0,True
8.5,5,0.8,0.9759591061277136,0.8328383949155418,177.5112917028599,0.012249999999999999,0.010863432935960763,0.17140322575903347,0.16674438173089778,32.90495310872111,39,13,0,False
8.5,5,0.8,0.9866315085533148,0.6858262675480188,172.1582657044989,0.012249999999999999,0.010750505884961984,0.12334014733191831,0.1363016868267439,37.94858623023028,39,13,0,True
8.5,5,0.8,0.8959446735896314,0.6840703234131444,169.89336017602963,0.012249999999999999,0.010726316483431524,0.1365023475703541,0.13685909324130324,37.84439480748365,39,13,0,True
8.5,5,0.8,0.9021056518379449,0.7279927547950679,173.9749312736823,0.012249999999999999,0.010767769471842442,0.14976351332666143,0.1462666634138361,36.182548627704435,39,13,0,False
8.5,5,0.8,0.9010356548200608,0.6771190856409451,170.09630174202067,0.012249999999999999,0.010720984567950457,0.1334452275705761,0.1352996074646446,38.138038729097126,39,13,0,True
8.5,5,0.8,0.8978002314430434,0.8307202964829798,191.3914174411408,0.012249999999999999,0.010845142102318099,0.1854812708224773,0.16629128887466993,32.97184389944513,39,13,0,False
8.5,5,0.8,0.8971792608456731,0.6487268311581127,172.1034945859167,0.012249999999999999,0.010693131295014514,0.125077316390223,0.12879008657330948,39.35473789890673,39,13,0,False
8.5,5,0.8,0.9016102047457306,0.6551990710123328,170.83854683909146,0.012249999999999999,0.0107002828484779,0.1264219087691411,0.13041123411203687,39.07640668564957,39,13,0,False
8.5,5,0.8,0.895240287404044,0.6465841435323089,172.51057129119545,0.012249999999999999,0.010690638512824964,0.12470616480706781,0.1282614202959585,39.446606274904006,39,13,0,False
8.5,5,0.8,0.8974813252212565,0.654176695930184,170.90909116358836,0.012249999999999999,0.010698327754510817,0.12674398697918013,0.1302027227570022,39.111880792445454,39,13,0,False
8.5,5,0.8,0.8925386173458421,0.6456246227058752,172.61594763665457,0.012249999999999999,0.010689023879821603,0.12482742696430439,0.128053474463266,39.48282979541873,39,13,0,False
8.5,5,0.8,0.9091252218792186,0.6349815342530478,175.77466120833697,0.012249999999999999,0.010682932737381324,0.11900814054106709,0.12503395623910976,40.020117768428676,39,13,0,False
8.5,5,0.8,0.8951630032617843,0.7009477146735181,171.6815467597662,0.012249999999999999,0.010741882366485368,0.1420944752883578,0.1405080111048094,37.17775907704201,39,13,0,False
8.5,5,0.8,0.9060596018692993,0.6246788568731082,178.21796651881175,0.012249999999999999,0.010672543847138187,0.11630348251321314,0.1224063677745852,40.50563242359988,39,13,0,False
8.5,5,0.8,0.87414262400155,0.6552373980044117,169.92167248011776,0.012249999999999999,0.010694169552608653,0.13081143443349985,0.13078296708806494,39.013398057988226,39,13,0,False
8.5,5,0.8,0.8884624341482696,0.6524959446357308,170.95059397472681,0.012249999999999999,0.01069464791761979,0.12763271518519406,0.12988978858118386,39.16529887401978,39,13,0,False
8.5,5,0.8,0.8462977015768599,0.6552259049745192,174.8452309193427,0.012249999999999999,0.010688323226960048,0.1355077398916333,0.13112274157674703,38.956043371754006,39,14,0,False
8.5,5,0.8,0.9949876302227181,0.6247552015425776,182.7402106730325,0.012249999999999999,0.010697903821265788,0.10435563495357893,0.12079857078603429,40.810148633781,39,14,0,False
8.5,5,0.8,0.885287211295965,0.6837002706384838,171.2483353345865,0.012249999999999999,0.010723618855235024,0.1381518414384899,0.13687333744311408,37.84174327445305,39,14,0,False
8.5,5,0.8,0.8849872454288672,0.6598520848328612,169.99079752642874,0.012249999999999999,0.010700915140474424,0.1305258402663962,0.1317233544901355,38.835995129971955,39,14,0,True
8.5,5,0.8,0.8898241938411353,0.7350909041941385,177.13484958087756,0.012249999999999999,0.01077127886428957,0.15429080772663764,0.14784154183348827,35.92123197092159,39,14,0,False
8.5,5,0.8,0.8855542090720676,0.6658478592437063,169.89732756359928,0.012249999999999999,0.010706759681946216,0.13235113083822705,0.1330162736541668,38.58033685133508,39,14,0,True
8.5,5,0.8,0.890089961445395,0.650726573760128,171.39709865495408,0.012249999999999999,0.010693358121306609,0.12681507984178733,0.12940857966626765,39.247862584156586,39,14,0,False
8.5,5,0.8,0.875222761292913,0.5668623427819081,193.903931791468,0.012249999999999999,0.010614478486869371,0.10326822400146707,0.10798468140293127,43.462832070358715,39,14,0,False
8.5,5,0.8,0.8999339484856628,0.6158961386568743,180.2457897498256,0.012249999999999999,0.01066294719326364,0.11451636858644998,0.12022785567764686,40.91984980578778,39,14,0,False
8.5,5,0.8,0.8825834235083447,0.6497574774348883,171.34222077919216,0.012249999999999999,0.010690749121695667,0.12769835242312963,0.12925998157179855,39.27346219876946,39,14,0,False
8.5,5,0.8,0.8706024422399004,0.6662138011570022,171.71138491503228,0.012249999999999999,0.010703841691668008,0.13494422212445023,0.1332432161735278,38.5356993953181,39,14,0,False
8.5,5,0.8,0.8879755053727487,0.6605930205645362,170.04693660008144,0.012249999999999999,0.010702270492260491,0.13028131414441765,0.13185311107626335,38.81020270561414,39,14,0,True
8.5,5,0.8,0.8891366995989091,0.6569817250809752,170.15121981461922,0.012249999999999999,0.010699123704338896,0.12894557098506096,0.13104114526913052,38.96981263355114,39,14,0,True
8.5,5,0.8,0.8787195505306666,0.6587213758345569,169.863581676228,0.012249999999999999,0.010698462929674768,0.1311816988413702,0.13154416280076361,38.87169717987779,39,14,0,True
8.5,5,0.8,0.8971851715629564,0.6499075621168695,171.83617644199464,0.012249999999999999,0.010694214611668779,0.125448257521174,0.1290978175780301,39.30145508406536,39,14,0,False
8.5,5,0.8,0.9312212648464891,0.6632909294528334,171.09957727392805,0.012249999999999999,0.010715106214747671,0.12444614630757267,0.13195767740649347,38.7894541552891,39,14,0,True
8.5,5,0.8,0.8927797812339507,0.6573323089364203,170.23487398749268,0.012249999999999999,0.010700291958419322,0.1284774393386418,0.13108384920804497,38.96261720549515,39,14,0,True
8.5,5,0.8,0.8805143287385451,0.6677337407127311,170.146673730614,0.012249999999999999,0.010707454547865666,0.1337833629417417,0.13347238898955954,38.490777224066136,39,14,0,False
8.5,5,0.8,0.8828196037947408,0.661508763097624,169.90782432110032,0.012249999999999999,0.01070201367302083,0.1314068769863009,0.13210604212588012,38.76006183990866,39,14,0,True
8.5,5,0.8,0.8922036012983066,0.671176996495797,169.9705888377287,0.012249999999999999,0.01071332513180196,0.1329756118460613,0.1340996381169553,38.36860874681778,39,14,0,True
8.5,5,0.8,0.8937649325705167,0.5647159003592805,195.88282718887928,0.012249999999999999,0.010617879910558703,0.10008304091353,0.10699641561851779,43.67958400033994,39,14,0,False
8.5,5,0.8,0.8748356544076101,0.660016232664122,170.22200261454972,0.012249999999999999,0.010698825921504462,0.13223636386769913,0.13186609167921176,38.80762525537304,39,14,0,False
8.5,5,0.8,0.8882808611738887,0.6695633616400972,169.90606884036666,0.012249999999999999,0.010710943811160277,0.13309556647389828,0.13378896090588513,38.42897602476678,39,14,0,True
8.5,5,0.8,0.8881453651275535,0.667767017475658,169.92724083254978,0.012249999999999999,0.010709166186337061,0.13254387279041743,0.1334038708434097,38.5041919050842,39,14,0,True
8.5,5,0.8,0.8944526759345385,0.6987465123850805,171.5244480846626,0.012249999999999999,0.010739670960731957,0.14149901762048656,0.14004075218591752,37.261584839011185,39,14,0,False
8.5,5,0.8,0.8821339382771634,0.6388914012532807,173.76099331482786,0.012249999999999999,0.01068025671973876,0.12433489979903807,0.12645855918405474,39.76395745943371,39,14,0,False
8.5,5,0.8,0.8861335828238097,0.6322365482112648,175.4825933592221,0.012249999999999999,0.010674822737804653,0.12162740489375735,0.12468129766938044,40.084284652839514,39,14,0,False
8.5,5,0.8,0.8883105511242602,0.6584378467272767,170.09822273452755,0.012249999999999999,0.010700297683715169,0.1295413528467496,0.13138066408960045,38.90435704964194,39,14,0,True
8.5,5,0.8,0.8838404046184795,0.6601623041459277,169.9563424613419,0.012249999999999999,0.010700945718349416,0.130810884856523,0.13180325203767523,38.82010748914886,39,14,0,True
8.5,5,0.8,0.9194873640609019,0.7086670542036859,170.25292749901737,0.012249999999999999,0.010754472065165669,0.14055003902779284,0.1419884113744632,36.915793385029325,39,14,0,True
8.5,5,0.8,0.898934463501381,0.7388778452380478,176.00466757858126,0.012249999999999999,0.010776509332528628,0.15392395384952146,0.14860201097235165,35.79659236711672,39,14,0,False
8.5,5,0.8,0.91062539124235,0.6495600700549601,172.42598428249408,0.012249999999999999,0.010697119728731842,0.1232814089465367,0.12881373295490126,39.35063603853858,39,14,0,False
8.5,5,0.8,0.9012177174963618,0.6426000380478061,173.64076255450846,0.012249999999999999,0.010688190643667876,0.12254829130362807,0.12713994812638682,39.64313258780304,39,14,0,False
8.5,5,0.8,0.8856849478872337,0.6951250500469806,172.60466796336163,0.012249999999999999,0.010734410720324782,0.14180478124413032,0.13933097995392232,37.38998729087201,39,14,0,False
8.5,5,0.8,0.934130760434845,0.6704349036910076,171.03011641385032,0.012249999999999999,0.010722603839269297,0.1262159639729642,0.13349293150769695,38.486758030818244,39,14,0,True
8.5,5,0.8,0.902215973671066,0.6452839550576488,173.0665777399435,0.012249999999999999,0.010691005414768142,0.12323002042756184,0.12782311220100623,39.52307286007037,39,14,0,False
8.5,5,0.8,0.9304965996988313,0.664337565684659,171.05935238466404,0.012249999999999999,0.010715941179964949,0.12487548790995456,0.13219623435136393,38.74221520910924,39,14,0,True
8.5,5,0.8,0.8850552971982862,0.669507215068855,169.82924730786684,0.012249999999999999,0.010710143678228413,0.13360643638256936,0.1338096990256302,38.424937715852586,39,14,0,True
8.5,5,0.8,0.8633142662248892,0.6318965080659581,174.9239219840727,0.012249999999999999,0.01066948497539294,0.1251127348998343,0.1249318789717849,40.03865976553418,39,14,0,False
8.5,5,0.8,0.9136259461120206,0.6669521541750282,170.56768388162695,0.012249999999999999,0.01071432042928674,0.12824596073517724,0.13295895556803072,38.59163488103177,39,14,0,True
8.5,5,0.8,0.8886797591614696,0.6891714375247158,171.32515811242948,0.012249999999999999,0.010729491025691719,0.13935859064313266,0.1380292511917725,37.628377096874864,39,14,0,False
8.5,5,0.8,0.901131030730341,0.6590789724995918,170.4065678087501,0.012249999999999999,0.010703869089891854,0.12771550019170888,0.13137809995384647,38.90486989537051,39,14,0,True
8.5,5,0.8,0.8447318437215126,0.8688548653698629,210.22718850369859,0.012249999999999999,0.010855453637219698,0.21093106681940793,0.17280767505578357,32.01685958419662,39,14,0,False
8.5,5,0.8,0.971738081744631,0.6794600426050471,171.86498839556205,0.012249999999999999,0.010740652225005145,0.12351208950028962,0.13505627763040948,38.184464038092656,39,14,0,True
8.5,5,0.8,0.8856764828434079,0.6709769266265642,169.82179897285576,0.012249999999999999,0.010711675323523568,0.13397700981460728,0.13412071959230978,38.364522541053745,39,14,0,True
8.5,5,0.8,0.8973841611352469,0.6767704511959856,170.00916566648237,0.012249999999999999,0.010719751420018332,0.13392649531120773,0.13526170446570568,38.14525938340175,39,14,0,True
8.5,5,0.8,0.8999576165974602,0.6598108938124767,170.361664722383,0.012249999999999999,0.01070429414676377,0.12812964897985332,0.13155095481220203,38.870342180413125,39,14,0,True
8.5,5,0.8,0.896926219765644,0.5,226.07657875145293,0.012249999999999999,0.010587206647799234,0.08133618133085467,0.08863789153820674,48.03453249630828,39,14,0,False
8.5,5,0.8,0.9045626883696882,0.6494516863396063,172.21889855904334,0.012249999999999999,0.010695561704192147,0.12416841619649417,0.12887310486512843,39.34034253760089,39,14,0,False
8.5,5,0.8,0.8750482474257868,0.6606427108089311,170.25814885760718,0.012249999999999999,0.010699473503068229,0.1324028704131588,0.13199942746013402,38.78117903133963,39,14,0,False
8.5,5,0.8,0.9106908550865884,0.6570337081056907,170.7680117271226,0.012249999999999999,0.010704153606852146,0.12559868986384934,0.13076498241492582,39.016439567804035,39,14,0,False
8.5,5,0.8,0.9000231540308229,0.6700875412816711,170.17394703849453,0.012249999999999999,0.010714078689489885,0.1313706451288165,0.13378459741210655,38.4298258817415,39,14,0,True
8.5,5,0.8,0.8726848632932233,0.6879791510098435,174.02911907804577,0.012249999999999999,0.010724963976683884,0.14169677830930513,0.13790175653254116,37.65173737598564,39,14,0,False
8.5,5,0.8,0.8881270802269357,0.7119205275345797,174.32963615999304,0.012249999999999999,0.010750335206990048,0.1469000130525228,0.1429177528447668,36.753775396251534,39,14,0,False
8.5,5,0.8,0.8924784777599891,0.6514700471445182,171.31895913501896,0.012249999999999999,0.010694600891705867,0.12667453968361364,0.1295688180145488,39.220312672022594,39,14,0,False
8.5,5,0.8,0.9086387887013186,0.6472321759635798,172.8762820254865,0.012249999999999999,0.010694431205993313,0.1228594841750868,0.12823556849041431,39.45110424913697,39,14,0,False
8.5,5,0.8,0.88595385322738,0.6562685359459437,170.0855357045555,0.012249999999999999,0.010697702898155177,0.1292288205742716,0.13089898151192425,38.99379484330783,39,14,0,True
8.5,5,0.8,0.8935952748222802,0.6560251548626793,170.38115615028286,0.012249999999999999,0.010699255595846273,0.12793414880301396,0.1307328635435545,39.02187314559175,39,14,0,False
8.5,5,0.8,0.9000459973935571,0.6647360487710009,170.27125398042466,0.012249999999999999,0.010709044507449101,0.12966912778844883,0.1326236990779348,38.65791335419279,39,15,0,True
8.5,5,0.8,0.9450066784558998,0.7408916248921222,170.80567629043884,0.012249999999999999,0.0107887056271024,0.1467305977806598,0.14878149765014986,35.76735955449481,39,15,0,True
8.5,5,0.8,0.8882387062534177,0.676820191941037,169.90288367693913,0.012249999999999999,0.010717819217649577,0.13543434937975998,0.13535717687607637,38.127079245459626,39,15,0,False
8.5,5,0.8,0.8836340437803661,0.6576122610752868,170.00072666234425,0.012249999999999999,0.010698461264007328,0.13003026551934505,0.13125206838244038,38.93010169123124,39,15,0,True
8.5,5,0.8,0.8890796941080914,0.6038462020386371,183.03358734392438,0.012249999999999999,0.010649245156876883,0.11243025088542619,0.11730115696516885,41.49433668033092,39,15,0,False
8.5,5,0.8,0.8884062025265479,0.6701429717445371,169.89490601613838,0.012249999999999999,0.010711465441303105,0.13326337408052763,0.13391469397377392,38.40451133451564,39,15,0,True
8.5,5,0.8,0.8975615539304438,0.6804761844738483,169.96931857222086,0.012249999999999999,0.010723306858762573,0.13508324954093495,0.13606357890639448,37.99335181456044,39,15,0,True
8.5,5,0.8,0.8769946517434625,0.7332325751520233,179.25531447225399,0.012249999999999999,0.01076693063521727,0.15600263814752865,0.14750790191863708,35.97631856577131,39,15,0,False
8.5,5,0.8,0.9336819317177193,0.6210794157565794,180.49414014705326,0.012249999999999999,0.010676534789462217,0.1112958934606287,0.12098260924512531,40.774957904194224,39,15,0,False
8.5,5,0.8,0.8893113760471479,0.662892197275849,170.0409982458103,0.012249999999999999,0.010704813904224139,0.1307968499048608,0.1323372779320086,38.71435490186302,39,15,0,True
8.5,5,0.8,0.8880925524431795,0.6637086300275007,169.99554227626214,0.012249999999999999,0.010705302176640735,0.1312544968280414,0.13252815019110697,38.676745724567375,39,15,0,True
8.5,5,0.8,0.8899829153792436,0.6655865816193575,170.00783636069238,0.012249999999999999,0.010707514005378296,0.13154867142733115,0.1329143063906555,38.600442481785436,39,15,0,True
8.5,5,0.8,0.885671994203145,0.6623770276675459,169.96199266294406,0.012249999999999999,0.010703496364628626,0.13122060390801002,0.13226396412615812,38.728829195310524,39,15,0,True
8.5,5,0.8,0.8942390568142067,0.6610745751228722,170.1901283850612,0.012249999999999999,0.010704142389675781,0.12943337611714453,0.13189064496067607,38.80275129305565,39,15,0,True
8.5,5,0.8,0.910886664894081,0.7089920843334651,170.06575640478985,0.012249999999999999,0.010752749465451484,0.1420718714765032,0.14212648781109433,36.8916356886219,39,15,0,True
8.5,5,0.8,0.8597904192465649,0.6225827862451119,176.9384291576742,0.012249999999999999,0.010659883067823218,0.12272126937354742,0.12260453874690995,40.46840817107251,39,15,0,False
8.5,5,0.8,0.8934095491982904,0.6802579166760586,169.87774450407068,0.012249999999999999,0.010722167985248566,0.13569208955476808,0.13605490872688347,37.994984789027846,39,15,0,True
8.5,5,0.8,0.8975695858129912,0.6636561464655879,170.22703628180452,0.012249999999999999,0.010707410579823556,0.12972078792840497,0.13241599552438751,38.698831463893356,39,15,0,True
8.5,5,0.8,0.8865419004858031,0.6580368748762793,170.0641764114607,0.012249999999999999,0.010699529435777223,0.12969688287348966,0.13131236445212305,38.91802427449195,39,15,0,True
8.5,5,0.8,0.8867442310294429,0.6605280925980501,170.01845394362704,0.012249999999999999,0.010701933234756914,0.1304587955365104,0.13185212352649184,38.810398815786805,39,15,0,True
8.5,5,0.8,0.8958011317176086,0.8030247430289484,186.93156174377458,0.012249999999999999,0.010826238198505153,0.17625633348445774,0.1611126539989091,33.7542122996369,39,15,0,False
8.5,5,0.8,0.8823905153723686,0.6573704686459575,169.97924779914638,0.012249999999999999,0.010697994549522917,0.13015233110570362,0.13121174519912318,38.93818466374615,39,15,0,True
8.5,5,0.8,0.8862982169516541,0.6733913921139725,169.8252481457253,0.012249999999999999,0.010714141780966831,0.13464995643309832,0.13463466311883424,38.26529989330562,39,15,0,False
8.5,5,0.8,0.8905622515063221,0.667711449421918,169.9851797270708,0.012249999999999999,0.010709655527191067,0.13213401079396403,0.1333674407424838,38.51132990302359,39,15,0,True
8.5,5,0.8,0.918921584900325,0.6979084063245253,170.29774937264523,0.012249999999999999,0.010744533913436145,0.13719867195516847,0.13965665467271748,37.330909290959866,39,15,0,True
8.5,5,0.8,0.8856776010953549,0.6810318870573477,170.85611205971264,0.012249999999999999,0.010721212420559258,0.13722058554995833,0.13629204583155125,37.95039577560477,39,15,0,False
8.5,5,0.8,0.891340399854166,0.6990563794304754,172.11072573498222,0.012249999999999999,0.010739316177456215,0.1421246330083851,0.1401298631909465,37.245555529764495,39,15,0,False
8.5,5,0.8,0.8867292366958509,0.6591262206254651,170.04825671250578,0.012249999999999999,0.010700624348949538,0.13001310189929638,0.13154658663672478,38.87121361107162,39,15,0,True
8.5,5,0.8,0.8903551011795942,0.6621128887013771,170.078185865939,0.012249999999999999,0.010704280397669767,0.13038202882084124,0.13215753643698747,38.749869527470466,39,15,0,True
8.5,5,0.8,0.8593818526771052,0.7091438191127559,179.28964417405794,0.012249999999999999,0.010741748863790548,0.1511236733564788,0.14250454530720813,36.82572823204955,39,15,0,False
8.5,5,0.8,0.8959900685916911,0.5670857328511534,195.18519974934122,0.012249999999999999,0.010620360895860057,0.10047524302583673,0.10757958802001823,43.55129415373836,39,15,0,False
8.5,5,0.8,0.8753810919207591,0.7043642447984927,175.65438782717263,0.012249999999999999,0.010740725318180063,0.1466377107317804,0.14138365787183366,37.022150901190685,39,15,0,False
8.5,5,0.8,0.8945086938159992,0.6734914378530377,169.98882256877798,0.012249999999999999,0.010716018131471041,0.13334300188999826,0.13457840680588787,38.27612400955685,39,15,0,True
8.5,5,0.8,0.8943658046188134,0.7415423709460245,177.19755743519386,0.012249999999999999,0.010777833313824318,0.15562769805586432,0.149187292472975,35.701525649269506,39,15,0,False
8.5,5,0.8,0.9083587564191489,0.6776457203455551,170.26195116087806,0.012249999999999999,0.010723170575515558,0.1324423309322336,0.13534212479864807,38.129943813115005,39,15,0,True
8.5,5,0.8,0.9015443106011382,0.70443924587951,171.02332976623913,0.012249999999999999,0.010746552147596572,0.14215315107275267,0.14121044474077699,37.05278008221761,39,15,0,False
8.5,5,0.8,0.9229999495505017,0.6514633896733112,172.4725909219553,0.012249999999999999,0.010701920621544831,0.12202177283900961,0.12913066035529627,39.29578098870364,39,15,0,False
8.5,5,0.8,0.8884558035626375,0.6660102649900115,169.96252507624425,0.012249999999999999,0.01070755515553587,0.1319318439839225,0.1330219870973277,38.57921120211011,39,15,0,True
8.5,5,0.8,0.8837634989328736,0.6878963703624789,172.03030169764986,0.012249999999999999,0.0107272085804619,0.13977399442602606,0.13779485065982505,37.671358182340484,39,15,0,False
8.5,5,0.8,0.8404721790336412,0.6499087703406001,176.34743966580143,0.012249999999999999,0.010682109705467171,0.1347708617127224,0.12983598151786416,39.17450545063221,39,15,0,False
8.5,5,0.8,0.8897123528483525,0.6771330195232521,169.83141207655527,0.012249999999999999,0.010718397875597254,0.13529420659990601,0.1354124595963889,38.116563798480605,39,15,0,True
8.5,5,0.8,0.8854414352481422,0.659387488782923,170.01165999659932,0.012249999999999999,0.010700582883711942,0.13030388222081163,0.1316172701453188,38.857119643957866,39,15,0,True
8.5,5,0.8,0.8552505087570907,0.8450263710786534,202.97682856787046,0.012249999999999999,0.010844647451195148,0.19971637998024724,0.16877471678717926,32.61001060850381,39,15,0,False
8.5,5,0.8,0.8098165341742876,0.6569153771469913,182.28983978229974,0.012249999999999999,0.010683147979485738,0.1426737706839869,0.13181818842373103,38.817139509494936,39,15,0,False
8.5,5,0.8,0.8837030448646175,0.6533978044548349,170.58981874050372,0.012249999999999999,0.010694437936258657,0.12867742154387993,0.13018674520590987,39.11460297348197,39,15,0,False
8.5,5,0.8,0.888677375587449,0.6291747731984625,176.333921061665,0.012249999999999999,0.010672548121317179,0.12028283288673335,0.12385061571079668,40.23663569050791,39,15,0,False
8.5,5,0.8,0.8792425008558576,0.6521371451130678,170.70536338570008,0.012249999999999999,0.010692237769812693,0.12899356283227725,0.12992039477163592,39.160064891184355,39,15,0,False
8.5,5,0.8,0.9109179623668914,0.5,227.7481322243131,0.012249999999999999,0.010593098720045248,0.0796969231205615,0.08813970822789134,48.152961769789094,39,15,0,False
8.5,5,0.8,0.8656436519068396,0.6597573797924349,171.8246544153993,0.012249999999999999,0.010696613256375196,0.1336831541473337,0.1319041036625095,38.80008043104306,39,15,0,False
8.5,5,0.8,0.8792740858301945,0.663510821761128,169.8577118438459,0.012249999999999999,0.010703164659644679,0.13262822424023737,0.13257619390648004,38.66729620131221,39,15,0,False
8.5,5,0.8,0.8893660020523168,0.6769932027636721,169.82378124636162,0.012249999999999999,0.010718172526184535,0.13530691097570768,0.1353859901878394,38.12159753731937,39,15,0,True
8.5,5,0.8,0.8870585735652146,0.6712544370792897,169.84978396705998,0.012249999999999999,0.01071224696447971,0.13383934824150512,0.13416707621611895,38.35554177706345,39,15,0,True
8.5,5,0.8,0.8861748079937317,0.6865134535725863,171.43620772440912,0.012249999999999999,0.010726440130661223,0.13891687862638394,0.13747502227359087,37.73023748655924,39,15,0,False
8.5,5,0.8,0.8806241410689978,0.7056093478649664,174.86084009795175,0.012249999999999999,0.01074298634097883,0.1461268595034679,0.14161448935960222,36.98144855220609,39,15,0,False
8.5,5,0.8,0.8931102875102769,0.6377838961290161,174.4502237587069,0.012249999999999999,0.010681758850104127,0.12228434638163312,0.126008401740127,39.84437801134462,39,15,0,False
8.5,5,0.8,0.8582445055673584,0.6846691935773318,176.27377899978782,0.012249999999999999,0.010718781035486048,0.1431391702961289,0.13730714840067834,37.76125103589997,39,15,0,False
8.5,5,0.8,0.8895699635014772,0.6614718263593351,170.06972152455458,0.012249999999999999,0.01070347636572685,0.13030463291590932,0.13202696443156084,38.77572387455041,39,15,0,True
8.5,5,0.8,0.8868421644475579,0.6615695310000616,170.00255374727692,0.012249999999999999,0.010702962907481933,0.13077457480863872,0.13207702266062066,38.765809166607504,39,15,0,True
8.5,5,0.8,0.9087068008804572,0.6653636970545239,170.47327257629195,0.012249999999999999,0.010711642910303673,0.12851008124053204,0.1326673007562969,38.64927456319449,39,16,0,True
8.5,5,0.8,0.8103051899627973,0.6822995306344399,185.55861862102608,0.012249999999999999,0.010707371653018952,0.15128472663770257,0.13714820187076893,37.79068455005521,39,16,0,False
8.5,5,0.8,0.8897267943564401,0.664077858776953,170.02250427192493,0.012249999999999999,0.010705960741810792,0.13111115134143653,0.13259328587726815,38.663936090188386,39,16,0,True
8.5,5,0.8,0.8905546993627885,0.6584191252881842,170.153362231323,0.012249999999999999,0.010700782621877656,0.1291770818680095,0.13135225385593732,38.91004041439096,39,16,0,True
8.5,5,0.8,0.8814803261884611,0.5836406141290986,188.68899780213403,0.012249999999999999,0.010629695880746364,0.10740960822752886,0.11224948349466803,42.54227660550479,39,16,0,False
8.5,5,0.8,0.8837362956690042,0.6666851797786228,169.84566621020014,0.012249999999999999,0.010707202789217092,0.13291461502476912,0.13321342979931294,38.54154942601046,39,16,0,True
8.5,5,0.8,0.8852125384061968,0.6874541172897961,171.7289546932827,0.012249999999999999,0.010727214504682798,0.13938028613549047,0.13768344927361,37.69183610246968,39,16,0,False
8.5,5,0.8,0.9043600498271028,0.7888814506743043,182.90503524084505,0.012249999999999999,0.010817882202518173,0.1697536497776823,0.15842539059279545,34.17647402911356,39,16,0,False
8.5,5,0.8,0.9324397714245525,0.7413461795264193,170.5621862351881,0.012249999999999999,0.010786172966736214,0.14895453023804203,0.14895363767591124,35.7393890188507,39,16,0,False
8.5,5,0.8,0.8922883540341301,0.6619895174046003,170.1269642231607,0.012249999999999999,0.010704594455790403,0.13003354913083529,0.13211023545133885,38.759231556165545,39,16,0,True
8.5,5,0.8,0.888936931895707,0.6556650320426977,170.29482380641113,0.012249999999999999,0.010697844612197176,0.1285587266826182,0.13070170684691587,39.02714608186455,39,16,0,False
8.5,5,0.8,0.8884931495555826,0.6589565495913355,170.09459157486387,0.012249999999999999,0.010700858395549342,0.12967601932637152,0.1314906609569831,38.88237561039477,39,16,0,True
8.5,5,0.8,0.8832057243367308,0.6606700105518599,169.9305059182719,0.012249999999999999,0.010701277627158525,0.13107662693785596,0.13192058294050663,38.7968108768084,39,16,0,True
8.5,5,0.8,0.8839932144616102,0.6587761280126877,169.988810591538,0.012249999999999999,0.010699678902512768,0.13034252811126923,0.13149995887576096,38.88051921892302,39,16,0,True
8.5,5,0.8,0.8838842668965969,0.7213334565811039,176.35131711913465,0.012249999999999999,0.010757907936455433,0.1507664382306135,0.14494918876547458,36.404484625715654,39,16,0,False
8.5,5,0.8,0.9254997923426899,0.7019686783336617,170.4191289171361,0.012249999999999999,0.010749807459788298,0.13743826596469577,0.14048192691693148,37.182423947397865,39,16,0,True
8.5,5,0.8,0.885432007377171,0.6499762921933225,171.3958183205187,0.012249999999999999,0.010691598311328189,0.1273140819440048,0.1292777625251663,39.270396408223085,39,16,0,False
8.5,5,0.8,0.8859082186545273,0.6637786903983052,169.94188518578045,0.012249999999999999,0.0107048770865543,0.13163075615228884,0.132566267758753,38.66924797777975,39,16,0,True
8.5,5,0.8,0.888216680546775,0.6608070360111236,170.0482413211576,0.012249999999999999,0.010702523995297255,0.130310911618961,0.13189723010467053,38.80144441207688,39,16,0,True
8.5,5,0.8,0.8911968194805102,0.6770108082545305,169.86505789708224,0.012249999999999999,0.010718596777841325,0.13501169958989162,0.13537255782958577,38.12415274344842,39,16,0,True
8.5,5,0.8,0.8916415740514962,0.6357400932254833,174.86390980243308,0.012249999999999999,0.010679392555864763,0.12187561934292063,0.12550420561895406,39.93502430288653,39,16,0,False
8.5,5,0.8,0.8917105900288894,0.6687902531388662,169.99884430651795,0.012249999999999999,0.010710980613634544,0.1322911359636006,0.13358755449243423,38.46826075657139,39,16,0,True
8.5,5,0.8,0.88728298791282,0.6558640270721195,170.19688159101443,0.012249999999999999,0.010697673534131922,0.12888513055297574,0.13077461847423325,39.01480986172769,39,16,0,False
8.5,5,0.8,0.8925669054207591,0.6803595476536558,169.86232686796058,0.012249999999999999,0.01072212580196938,0.13586105392959574,0.13608307864040087,37.989679915232834,39,16,0,True
8.5,5,0.8,0.9184220866358985,0.6303584128781323,177.33115123600982,0.012249999999999999,0.010680973678271803,0.11623863390194483,0.12367710536164567,40.26867443557158,39,16,0,False
8.5,5,0.8,0.8954383068651333,0.6785757176392402,169.9454675539702,0.012249999999999999,0.010721057722319313,0.1348190362778045,0.13567049185209681,38.06759556880213,39,16,0,True
8.5,5,0.8,0.8907174517760195,0.636158974819504,174.73340263605564,0.012249999999999999,0.010679619835946067,0.1221461679950025,0.125624978111138,39.91325600407855,39,16,0,False
8.5,5,0.8,0.8849225800167096,0.6594417871855931,169.99796456560756,0.012249999999999999,0.010700517853219326,0.1304049817839906,0.13163465233519442,38.853656020235874,39,16,0,True
8.5,5,0.8,0.8849413642479457,0.6599152205307894,169.98831761148506,0.012249999999999999,0.01070096341091535,0.13055347767617398,0.13173761247162932,38.833158524137936,39,16,0,True
8.5,5,0.8,0.9128836875689312,0.6342776442375855,176.1080523512308,0.012249999999999999,0.010683210311061253,0.11823902347087875,0.1247904135363437,40.06439841843674,39,16,0,False
8.5,5,0.8,0.873160418262031,0.7602538590735151,184.05817796307795,0.012249999999999999,0.010788849062024505,0.16592984905539818,0.15301945610206547,35.066288173330825,39,16,0,False
8.5,5,0.8,0.871431973456722,0.652385001780579,170.72239579499072,0.012249999999999999,0.01069076815107188,0.13034385380179014,0.13008636000462753,39.13171891776338,39,16,0,False
8.5,5,0.8,0.8896149589531624,0.6672065870638895,169.9727850436655,0.012249999999999999,0.010708981700425479,0.13212523586446379,0.13326743605619704,38.53094454783162,39,16,0,True
8.5,5,0.8,0.9109426005793748,0.6743932808022094,170.37017122917155,0.012249999999999999,0.0107206905661751,0.1310058288473861,0.13460826476103513,38.27037800365375,39,16,0,True
8.5,5,0.8,0.8928448716533199,0.6657438842031416,170.07311154506348,0.012249999999999999,0.01070830398988427,0.13113825977329754,0.13291891577773116,38.59953294936349,39,16,0,True
8.5,5,0.8,0.8924831933274674,0.7229756395232028,175.0146240953111,0.012249999999999999,0.010761214698574323,0.14978942950655366,0.14525031881140105,36.35343002968213,39,16,0,False
8.5,5,0.8,0.8572711416838243,0.6678768146929468,174.34755537889774,0.012249999999999999,0.010702703982484416,0.1377595936101947,0.1337221024240703,38.44200380848531,39,16,0,False
8.5,5,0.8,0.8890371176114775,0.6614216019937386,170.05770005075607,0.012249999999999999,0.01070330788183043,0.1303742317405917,0.13202174113740534,38.77675845114317,39,16,0,True
8.5,5,0.8,0.900550329673085,0.6868637457789443,169.97348598599902,0.012249999999999999,0.010730020071025463,0.13664320691190945,0.13742327651852912,37.73978916997642,39,16,0,True
8.5,5,0.8,0.8688700429548474,0.6492468582535067,171.55642451183823,0.012249999999999999,0.010687235338776684,0.12975579239052704,0.12931203651920392,39.26448887798745,39,16,0,False
8.5,5,0.8,0.8882179307920852,0.6366005634013325,174.53190574748066,0.012249999999999999,0.01067947432414874,0.12266845149723046,0.1257762897689221,39.88603256356283,39,16,0,False
8.5,5,0.8,0.8817990036270514,0.659479471129218,169.92193208804454,0.012249999999999999,0.010699857886857943,0.13092310417945563,0.13167616887319827,38.84538699710272,39,16,0,True
8.5,5,0.8,0.9777441347198422,0.5437160713712055,211.66555842849993,0.012249999999999999,0.010634365203980858,0.08391162042661907,0.09918009923806963,45.5115912251054,39,16,0,False
8.5,5,0.8,0.9485167037906578,0.6658184846021077,171.51682015606283,0.012249999999999999,0.010721892490950997,0.12268908080978501,0.13231017491922611,38.71970397448774,39,16,0,True
8.5,5,0.8,0.888653440227018,0.6577873984748841,170.12022818603643,0.012249999999999999,0.010699758066719842,0.12927961304138472,0.1312354203350068,38.933438271895334,39,16,0,True
8.5,5,0.8,0.8896250758004868,0.6684535303850488,169.9529924104186,0.012249999999999999,0.010710170316696101,0.1325223148791909,0.13353652460381082,38.47823302802795,39,16,0,True
8.5,5,0.8,0.8826194933710789,0.675377127325391,170.70533108558968,0.012249999999999999,0.010715224057239322,0.13589936053808258,0.1350977077674256,38.17654776249561,39,16,0,False
8.5,5,0.8,0.9129285615046261,0.8372019781983254,189.5835787133521,0.012249999999999999,0.010852412091856608,0.18469096529984905,0.16751732707397737,32.79175218518149,39,16,0,False
8.5,5,0.8,0.891484615288301,0.6753878319120935,169.89857277363004,0.012249999999999999,0.010717193112840187,0.13444032387215257,0.13501635443762974,38.19209694681023,39,16,0,True
8.5,5,0.8,0.8843267146099498,0.6636759470307213,169.90649604804057,0.012249999999999999,0.010704430876526536,0.131854795662088,0.1325602384308572,38.670433664971256,39,16,0,True
8.5,5,0.8,0.8765661820715918,0.676017706249512,171.85010657831873,0.012249999999999999,0.010714512845533505,0.1371216104019776,0.13529158371700717,38.13956694551182,39,16,0,False
8.5,5,0.8,0.8815917632770425,0.6505014262554942,171.14225702910056,0.012249999999999999,0.010691212963568212,0.12809432083712669,0.129466337274366,39.23792569997365,39,16,0,False
8.5,5,0.8,0.8989371693112311,0.6709795087156653,170.13018809730136,0.012249999999999999,0.01071463769298267,0.13182914301976337,0.13399022377964204,38.389837042196646,39,16,0,True
8.5,5,0.8,0.884704397664035,0.6792124826017945,170.80524916692644,0.012249999999999999,0.010719290280976753,0.1367935892949727,0.13590726528680883,38.02282425820224,39,16,0,False
8.5,5,0.8,0.8879200076144819,0.6620866386656818,170.0200889494731,0.012249999999999999,0.010703710056361646,0.1307651338060304,0.1321775823275308,38.74590396128195,39,16,0,True
8.5,5,0.8,0.9017743776775239,0.6997983610715296,170.39813461752667,0.012249999999999999,0.010742315929485139,0.14061137060122667,0.1402083473243917,37.23145456563682,39,16,0,False
8.5,5,0.8,0.8878962905229086,0.6556865588191112,170.2546153873941,0.012249999999999999,0.01069763308120201,0.12873125825025294,0.13072092371658522,39.0238935850425,39,16,0,False
8.5,5,0.8,0.886070727663066,0.6635188637660419,169.951258052253,0.012249999999999999,0.010704675723324706,0.13152087832258835,0.13250779642460594,38.680751075466716,39,16,0,True
8.5,5,0.8,0.8995627632076412,0.6627551048933347,170.29242556163973,0.012249999999999999,0.010707001734462032,0.1291210687612578,0.1321981980522763,38.74182691431769,39,17,0,True
8.5,5,0.8,0.9908113908168336,0.6356904951447765,179.46940109720865,0.012249999999999999,0.010706244191137712,0.10801642215320285,0.12380745096029806,40.244599051715994,39,17,0,False
8.5,5,0.8,0.8868857138181397,0.6668283401002199,169.91677876324187,0.012249999999999999,0.01070803485910317,0.1324464185835317,0.13321271431935702,38.541689978117546,39,17,0,True
8.5,5,0.8,0.8881742110388411,0.6607790419590557,170.0477009859958,0.012249999999999999,0.01070248726823413,0.13030884276743424,0.13189161095872298,38.80255957395227,39,17,0,True
8.5,5,0.8,0.8843889180346068,0.7027666308913445,173.8167003673651,0.012249999999999999,0.01074121425189238,0.14453238587285494,0.140977946143006,37.09401003003399,39,17,0,False
8.5,5,0.8,0.8848977286673428,0.6476423774648322,171.89272631501615,0.012249999999999999,0.010689275002146776,0.12665906806691893,0.128681351976083,39.37361596360007,39,17,0,False
8.5,5,0.8,0.885117616304534,0.6424875104870083,173.05650766518042,0.012249999999999999,0.010684409082017978,0.12499719605301556,0.12734355200633196,39.60723872187922,39,17,0,False
8.5,5,0.8,0.9332464778009663,0.6400431292711253,175.58168617711027,0.012249999999999999,0.010693814535557532,0.11705210188420058,0.12597094560874134,39.8510911694491,39,17,0,False
8.5,5,0.8,0.8994103264529615,0.8001480392749323,185.7428102223153,0.012249999999999999,0.010824981684403674,0.17455959856015155,0.1605700201147835,33.8386446386214,39,17,0,False
8.5,5,0.8,0.8906473650568011,0.6640196452559682,170.05026467740754,0.012249999999999999,0.010706161940639287,0.13094232604885486,0.13256937641956235,38.66863669121787,39,17,0,True
8.5,5,0.8,0.888204110172648,0.6551001294439824,170.38696776836983,0.012249999999999999,0.010697116214940999,0.12849721951948617,0.13056596794427777,39.05014294902696,39,17,0,False
8.5,5,0.8,0.8870870950850634,0.6607970414641035,170.02119831634704,0.012249999999999999,0.010702262040779169,0.1304894858749914,0.1319070810574076,38.79948964400162,39,17,0,True
8.5,5,0.8,0.8853210103913792,0.6599808718935294,169.9960748824657,0.012249999999999999,0.010701109255590207,0.13051316470037477,0.1317478721277798,38.83111775712167,39,17,0,True
8.5,5,0.8,0.8809948247215074,0.6606762679213009,169.87800782452683,0.012249999999999999,0.01070079788370911,0.13143827271387287,0.1319451017495516,38.791947749084244,39,17,0,True
8.5,5,0.8,0.8939608689142433,0.640907283404583,173.74944179138885,0.012249999999999999,0.010684879535619992,0.12313014758010841,0.12680741816361432,39.70196189381935,39,17,0,False
8.5,5,0.8,0.9408803918424862,0.6642672906558266,171.34214681069966,0.012249999999999999,0.010718481534202679,0.12332346853570744,0.13205814028184804,38.76955018388435,39,17,0,True
8.5,5,0.8,0.8861293450761047,0.6468538236526525,172.10943916410602,0.012249999999999999,0.010688777333469719,0.12621612769916254,0.12846141247318485,39.41186048417342,39,17,0,False
8.5,5,0.8,0.8825774297364987,0.6622516308750229,169.89071547289328,0.012249999999999999,0.010702690686120089,0.13168329158296402,0.1322690386204192,38.72782682806049,39,17,0,True
8.5,5,0.8,0.887168057005834,0.6587293955391891,170.06660155858185,0.012249999999999999,0.010700341934663647,0.12981632512969807,0.13145568854366121,38.88936042424267,39,17,0,True
8.5,5,0.8,0.891903829610767,0.6808796589636609,169.83927575767493,0.012249999999999999,0.010722441944698168,0.13613882733758545,0.13620275301567555,37.96716746930427,39,17,0,True
8.5,5,0.8,0.8833037493025663,0.5631131396677729,195.76935042214583,0.012249999999999999,0.010613818435193798,0.10103282273860177,0.10680302168429309,43.72237530837205,39,17,0,False
8.5,5,0.8,0.8827153498869516,0.6612473425177732,169.90949982486634,0.012249999999999999,0.010701734501580575,0.13134043466527667,0.1320506310246096,38.77103725666736,39,17,0,True
8.5,5,0.8,0.8885624363701672,0.6608457706313826,170.05592204921103,0.012249999999999999,0.010702639072203944,0.1302676632312639,0.1319019449989797,38.80050877857911,39,17,0,True
8.5,5,0.8,0.8893968764019384,0.6745917313941509,169.85843615141073,0.012249999999999999,0.010715943085631107,0.1345278205665962,0.13486512820387436,38.22105064368854,39,17,0,True
8.5,5,0.8,0.863107994130793,0.6567069579104443,171.9226647991878,0.012249999999999999,0.01069318559411197,0.13311873368183938,0.13127149491981807,38.926209313733494,39,17,0,False
8.5,5,0.8,0.8904191971748314,0.6537102417092138,170.75787853425715,0.012249999999999999,0.010696254187299404,0.12770693590768112,0.1301777507755217,39.116135648372996,39,17,0,False
8.5,5,0.8,0.8913967364546903,0.6178842617164604,179.32295880860525,0.012249999999999999,0.01066269206937814,0.11638132650654105,0.12088799627074057,40.79303804235473,39,17,0,False
8.5,5,0.8,0.8872529806841362,0.6592181669301814,170.05915010851655,0.012249999999999999,0.01070082919336438,0.12995821858356021,0.131560935311815,38.868351333139564,39,17,0,True
8.5,5,0.8,0.8811968960244908,0.6574020913566716,169.94826970723042,0.012249999999999999,0.010697744192560931,0.1303564200768497,0.13123195832380724,38.934132229611784,39,17,0,True
8.5,5,0.8,0.9401013236190344,0.621862099365502,180.60310973975447,0.012249999999999999,0.010679004857404611,0.11064922167270054,0.1210724427411927,40.75781296617482,39,17,0,False
8.5,5,0.8,0.8674974857124648,0.691956904929011,175.48526381306655,0.012249999999999999,0.010727547678774289,0.14391830949189557,0.13879435793422928,37.48793417790376,39,17,0,False
8.5,5,0.8,0.8915583738266983,0.6492502092571485,171.77180929844053,0.012249999999999999,0.01069226139636051,0.12611988506384075,0.12900704159018012,39.317150599503336,39,17,0,False
8.5,5,0.8,0.8848456464666381,0.657949491588784,170.02500791613048,0.012249999999999999,0.01069907072919958,0.12994169484663765,0.13131162136368654,38.91817304935054,39,17,0,True
8.5,5,0.8,0.8852635908177208,0.6298449872079586,176.0338252387906,0.012249999999999999,0.010672424889579778,0.12101233554108289,0.12407530399814325,40.19525840370266,39,17,0,False
8.5,5,0.8,0.8850502641625086,0.6519464767544627,170.94919495865312,0.012249999999999999,0.010693353801638439,0.12800103655402137,0.12979360140893675,39.181761325776115,39,17,0,False
8.5,5,0.8,0.8872946924392642,0.6167106051129227,179.44328011947294,0.012249999999999999,0.010660611245807406,0.11663237414592513,0.12065416659107243,40.83782356086534,39,17,0,False
8.5,5,0.8,0.877651862551839,0.6754718163743794,171.58748323966867,0.012249999999999999,0.010714189077826149,0.13676315140284603,0.13516544731296207,38.16361480830144,39,17,0,False
8.5,5,0.8,0.8879518926388597,0.6581484326251077,170.09530241770636,0.012249999999999999,0.010699940884446006,0.12950675682854018,0.1313216564360736,38.9161640537756,39,17,0,True
8.5,5,0.8,0.9020718785621389,0.6595883940575727,170.41991479970883,0.012249999999999999,0.010704576397149201,0.12772875519973653,0.13147872163250107,38.88475975901063,39,17,0,True
8.5,5,0.8,0.9019585765889159,0.6664162496499322,170.28040744641197,0.012249999999999999,0.0107110059995555,0.1299016760176172,0.13296981312235556,38.58949398888198,39,17,0,True
8.5,5,0.8,0.889030129810539,0.6549218520782473,170.44908761623503,0.012249999999999999,0.010697094454213615,0.12831085114034216,0.13051026159214596,39.05959227132164,39,17,0,False
8.5,5,0.8,0.8891800743569509,0.6591236721310967,170.10810906066084,0.012249999999999999,0.01070117317126394,0.1296191598143314,0.13151953830493712,38.87661090884574,39,17,0,True
8.5,5,0.8,0.9270837644503908,0.6653454702345365,170.95054512961036,0.012249999999999999,0.010716087875303936,0.12569556302845786,0.13245670595831568,38.69081038419118,39,17,0,True
8.5,5,0.8,0.9609781335108077,0.6612142501088474,171.99437449688654,0.012249999999999999,0.010720914086557173,0.11952330609993486,0.1311292757406455,38.954731461476186,39,17,0,True
8.5,5,0.8,0.8892252067376523,0.6654976194154185,169.9916440873265,0.012249999999999999,0.01070726273843154,0.1316425308460319,0.13290277999318745,38.60271716718884,39,17,0,True
8.5,5,0.8,0.888264311961495,0.6838435921117371,170.74978056772918,0.012249999999999999,0.010724450038779452,0.1376983785231743,0.13687678469262346,37.84110165718752,39,17,0,False
8.5,5,0.8,0.9032683023112918,0.6697880451919878,170.2584113866673,0.012249999999999999,0.010714554918628006,0.1307596433067597,0.1336858329655642,38.449076576424474,39,17,0,True
8.5,5,0.8,0.9127603860675657,0.8289055049839098,188.15226099023496,0.012249999999999999,0.010847173866436197,0.18185825810300027,0.1659789858677749,33.01769153576296,39,17,0,False
8.5,5,0.8,0.9012003374391299,0.680676895213888,170.05009393960125,0.012249999999999999,0.010724319477691513,0.13455694532128407,0.13607296104797192,37.99158497910849,39,17,0,True
8.5,5,0.8,0.8860155337049083,0.6590989399672783,170.03146347967697,0.012249999999999999,0.010700438537063475,0.13011925236956323,0.13154833992824996,38.870863830667325,39,17,0,True
8.5,5,0.8,0.8846939960315331,0.6551368604744081,170.25895102335636,0.012249999999999999,0.010696370196105323,0.12906960224286157,0.1306214994294028,39.04072998820593,39,17,0,False
8.5,5,0.8,0.8828084355586898,0.6649192723675702,169.85202266988037,0.012249999999999999,0.010705306413305929,0.13250003859352452,0.1328428279949877,38.61455480726206,39,17,0,True
8.5,5,0.8,0.9046919830856431,0.6501156227534927,172.0631837947287,0.012249999999999999,0.010696124200551582,0.12435957803022778,0.12904759540287356,39.31013640811277,39,17,0,False
8.5,5,0.8,0.9064924527383312,0.6434450717792785,173.6585945391486,0.012249999999999999,0.0106902978225096,0.12201056138332568,0.12727974485205246,39.61847714642316,39,17,0,False
8.5,5,0.8,0.8854751980286769,0.671822843518707,169.80899839974677,0.012249999999999999,0.010712474987107793,0.1342804490775986,0.13430388444301072,38.32907367857572,39,17,0,True
8.5,5,0.8,0.9212454943333565,0.6766025748590239,170.5883921029636,0.012249999999999999,0.010725212930711357,0.13009560718290744,0.13498421477134392,38.198244988381724,39,17,0,True
8.5,5,0.8,0.8739546464631981,0.6586067857671343,170.2144323923008,0.012249999999999999,0.01069731655500761,0.13192676833545527,0.13156934611916768,38.86667383136891,39,17,0,False
8.5,5,0.8,0.8886973444503834,0.6580762447793602,170.11711631065347,0.012249999999999999,0.010700061932645218,0.12936360733967545,0.1312971463257498,38.92107145274693,39,17,0,True
8.5,5,0.8,0.8885357914518972,0.661295293302105,170.04771666808202,0.012249999999999999,0.010703072214933856,0.13041468089944225,0.13199968529856004,38.78112794228971,39,18,0,True
8.5,5,0.8,0.8862319328782309,0.7148923820696493,175.06210142723157,0.012249999999999999,0.010752608717150612,0.14821386700517838,0.14356443541686414,36.64169378421577,39,18,0,False
8.5,5,0.8,0.8890429228729431,0.6736501848607317,169.8655302390992,0.012249999999999999,0.01071499982301732,0.13428211684299063,0.13466408538837682,38.259642425882745,39,18,0,True
8.5,5,0.8,0.883979260921793,0.6610260006669662,169.94306527900812,0.012249999999999999,0.010701796351253595,0.13106462203427827,0.13198949528232984,38.783147180310294,39,18,0,True
8.5,5,0.8,0.889991728352981,0.6386623953034195,174.1169080038502,0.012249999999999999,0.010681829681815988,0.12303992622647414,0.12628399878980173,39.79508581112894,39,18,0,False
8.5,5,0.8,0.8850620034784029,0.6527103208227787,170.78443530414467,0.012249999999999999,0.01069408288996483,0.1282417185104016,0.12999103195716452,39.1479930459178,39,18,0,False
8.5,5,0.8,0.8985462765923519,0.6615203892893687,170.28847891355193,0.012249999999999999,0.010705561125653322,0.1288924611936534,0.13194078073897686,38.79280465983884,39,18,0,True
8.5,5,0.8,0.9127555704753249,0.583977777246174,190.44456602796853,0.012249999999999999,0.010638459232107747,0.10317214060810441,0.11170238007404087,42.66009382437228,39,18,0,False
8.5,5,0.8,0.9060156981933727,0.6200780566444164,179.4171006048683,0.012249999999999999,0.01066829986550944,0.11490645946058604,0.12120929545583227,40.73173512838362,39,18,0,False
8.5,5,0.8,0.8892195350423818,0.6646093233728925,170.01054778693504,0.012249999999999999,0.010706455082642542,0.13135819866488516,0.13270996063474497,38.64082787029133,39,18,0,True
8.5,5,0.8,0.8866237110728199,0.656919941935136,170.0908772948169,0.012249999999999999,0.010698501421045682,0.1293275445101642,0.1310579085197467,38.966987632058185,39,18,0,True
8.5,5,0.8,0.8886892497400204,0.666161013591088,169.96491846698186,0.012249999999999999,0.010707744374132102,0.13194248232204106,0.13305233499242872,38.57323375132679,39,18,0,True
8.5,5,0.8,0.8867415190614586,0.6605660123589555,170.01753595765584,0.012249999999999999,0.010701967411413566,0.13047138206927283,0.13186043970743516,38.80874745837996,39,18,0,True
8.5,5,0.8,0.8881571522449033,0.6589723699222625,170.08608032971858,0.012249999999999999,0.010700798014458003,0.12973488539792608,0.13149773442331864,38.880963321927005,39,18,0,True
8.5,5,0.8,0.8912489028231123,0.6689126310087483,169.98652073809708,0.012249999999999999,0.010710998486069734,0.13240471227045753,0.13361847550594982,38.462221866669914,39,18,0,True
8.5,5,0.8,0.9014210531614604,0.6753090217176143,170.12764979983606,0.012249999999999999,0.01071933644891406,0.13280773009750324,0.1349035963965404,38.21367941672263,39,18,0,True
8.5,5,0.8,0.8952158692829697,0.6505584781577184,171.62241778519018,0.012249999999999999,0.010694396588605935,0.12595805065256635,0.1292934402787008,39.26769383610808,39,18,0,False
8.5,5,0.8,0.8834360238549016,0.6611206768524792,169.9286192602291,0.012249999999999999,0.010701769161940902,0.13118294015223822,0.1320156848236436,38.77795812550604,39,18,0,True
8.5,5,0.8,0.8841189571755516,0.6605445658551692,169.95469845221822,0.012249999999999999,0.010701360506439576,0.1308884079002844,0.1318836935234763,38.8041310088743,39,18,0,True
8.5,5,0.8,0.8914841280726868,0.6463161792343903,172.4221367341536,0.012249999999999999,0.010689448260119755,0.12520842355046113,0.12824782770884716,39.44897107049242,39,18,0,False
8.5,5,0.8,0.8824741921947259,0.6947207761823319,173.12557768349123,0.012249999999999999,0.010733360010177795,0.14222113734142197,0.13926859581596038,37.40133529954135,39,18,0,False
8.5,5,0.8,0.8794165375945757,0.6562144294130312,169.92276447850554,0.012249999999999999,0.010696147385054566,0.13026855144284788,0.13097167308480778,38.98152676256061,39,18,0,True
8.5,5,0.8,0.888429746520119,0.6610315981565259,170.04957396985463,0.012249999999999999,0.010702790809732585,0.13034798794508123,0.13194364694986252,38.79223624793887,39,18,0,True
8.5,5,0.8,0.8858723542295495,0.6682190363755431,169.86861097808716,0.012249999999999999,0.010709107920252446,0.13305860062697974,0.13352356147680963,38.48076749754805,39,18,0,True
8.5,5,0.8,0.8799855214696949,0.6862474679838714,172.49637137077409,0.012249999999999999,0.01072484448779936,0.1398777712853907,0.13746997959793059,37.73116799491299,39,18,0,False
8.5,5,0.8,0.8912071477507335,0.6467955524163427,172.3053903835097,0.012249999999999999,0.01068984871242642,0.12540204111134498,0.1283759973048558,39.426689114922716,39,18,0,False
8.5,5,0.8,0.8919508656756148,0.6258295738117012,177.314157504238,0.012249999999999999,0.010670267625105114,0.11874638214524938,0.12293190113601556,40.40713711516433,39,18,0,False
8.5,5,0.8,0.8880710087117101,0.6588268136141615,170.0867693013543,0.012249999999999999,0.010700638576222481,0.12970244022076519,0.13146706311873255,38.88708824844344,39,18,0,True
8.5,5,0.8,0.8868114109201914,0.6581207551492074,170.06759113395253,0.012249999999999999,0.010699654209299527,0.12968097125765338,0.13132816137046802,38.91486194587647,39,18,0,True
8.5,5,0.8,0.8717692230204742,0.7098975957813122,177.05051557970143,0.012249999999999999,0.010745030186094085,0.149122504278288,0.14258954721595463,36.81095728891113,39,18,0,False
8.5,5,0.8,0.8834854195922603,0.6507639238888059,171.15173565454342,0.012249999999999999,0.010691884969617945,0.12787493831047614,0.129508674353994,39.230646540651826,39,18,0,False
8.5,5,0.8,0.900542702898224,0.6563664691569985,170.5538953812445,0.012249999999999999,0.010701189175294395,0.126952554098687,0.13072785143866547,39.022721248868834,39,18,0,False
8.5,5,0.8,0.890643123486477,0.6573706153060785,170.18148072903088,0.012249999999999999,0.010699847896832667,0.1288285106563097,0.13112174008609645,38.95623603284714,39,18,0,True
8.5,5,0.8,0.8958316065945133,0.6492344573186183,171.93804367442996,0.012249999999999999,0.010693280185226832,0.12544632909700418,0.12894147798190558,39.3284982920967,39,18,0,False
8.5,5,0.8,0.8895458494733415,0.6653749569242973,170.00191421768332,0.012249999999999999,0.010707223631672095,0.13155130963594736,0.13287283957252055,38.60862762628349,39,18,0,True
8.5,5,0.8,0.8921551885770445,0.6865761341622908,170.4067592000075,0.012249999999999999,0.010727854476198458,0.1379354728688636,0.13743564014903478,37.73750633626941,39,18,0,False
8.5,5,0.8,0.9240613396175426,0.6687060218514675,170.80124990411298,0.012249999999999999,0.010718495808595166,0.12719580191805505,0.13322678103734611,38.53892692544734,39,18,0,True
8.5,5,0.8,0.887557875890647,0.6616507116393231,170.01838351833786,0.012249999999999999,0.01070320177409258,0.1306849735627129,0.13208704433781016,38.76382408228379,39,18,0,True
8.5,5,0.8,0.8970992451349254,0.6569794117394798,170.35628418819115,0.012249999999999999,0.010701004460746299,0.12768255931587472,0.13093253356457954,38.98813088544063,39,18,0,True
8.5,5,0.8,0.9013053901196125,0.6609528098607507,170.36950627517894,0.012249999999999999,0.010705666727731118,0.12827944460480703,0.13178625490928422,38.823485767995955,39,18,0,True
8.5,5,0.8,0.8885040118946186,0.6743277897875122,169.83773443586978,0.012249999999999999,0.01071545367657998,0.1345912589050835,0.13481793866812572,38.23009876212965,39,18,0,True
8.5,5,0.8,0.8865700084225103,0.6587330476948685,170.05199388698264,0.012249999999999999,0.010700211653264072,0.12991354991643453,0.13146293301759704,38.88791322885009,39,18,0,True
8.5,5,0.8,0.8535793070634085,0.7250555801291043,182.62148835957075,0.012249999999999999,0.010754823990562138,0.1576194254592831,0.14589119015505003,36.24547100844392,39,18,0,False
8.5,5,0.8,0.8227612398180663,0.6588229919935908,179.8772976086795,0.012249999999999999,0.010687284820571389,0.14090931897603978,0.1321095013370227,38.75937690794617,39,18,0,False
8.5,5,0.8,0.8880353422448459,0.6711087352245632,169.87446691822564,0.012249999999999999,0.010712325999368045,0.13363264635705707,0.13412605306396438,38.36348896148207,39,18,0,True
8.5,5,0.8,0.8875904275094981,0.6592656850799825,170.06640570127442,0.012249999999999999,0.010700950056313108,0.1299191607294023,0.13156763215003242,38.86701565833489,39,18,0,True
8.5,5,0.8,0.9015359124731708,0.6689954190747286,170.22855142190707,0.012249999999999999,0.01071339169531291,0.13078357766635804,0.13353221423141698,38.479075710540215,39,18,0,True
8.5,5,0.8,0.8933177678921601,0.5,225.6438267147614,0.012249999999999999,0.010585665418659507,0.08176818821279692,0.08876751887962457,48.00385847501395,39,18,0,False
8.5,5,0.8,0.8943134038316052,0.6705418435424275,170.02978918379583,0.012249999999999999,0.010713198134026648,0.13243139218118913,0.1339411960377484,38.39936050626352,39,18,0,True
8.5,5,0.8,0.8888601871941423,0.6607741154032707,170.0646855414176,0.012249999999999999,0.010702639520918412,0.13019695306631962,0.13188311302035657,38.8042462332162,39,18,0,True
8.5,5,0.8,0.8934881268831146,0.648621649992171,171.9896966389314,0.012249999999999999,0.010692170776006116,0.1256179032552187,0.12881495264177747,39.35042449761472,39,18,0,False
8.5,5,0.8,0.8956664317541825,0.6641186217883255,170.17002285501485,0.012249999999999999,0.01070739506547844,0.1301706056658804,0.13253784370935007,38.674838598225236,39,18,0,True
8.5,5,0.8,0.8700167729576067,0.6675752319769265,171.98558660825478,0.012249999999999999,0.010705060644480085,0.1354830058443001,0.1335392790437152,38.47769456047057,39,18,0,False
8.5,5,0.8,0.8862250228604802,0.6591023469139621,170.03648109646258,0.012249999999999999,0.010700488669017577,0.1300866119742851,0.1315468266062253,38.87116573678045,39,18,0,True
8.5,5,0.8,0.8880931899294741,0.6590958131222385,170.08209363725814,0.012249999999999999,0.010700901721932799,0.1297843984707405,0.13152525193454023,38.875470611753755,39,18,0,True
8.5,5,0.8,0.9065484086989672,0.6646167427673767,170.43632792245984,0.012249999999999999,0.010710457469577802,0.12861009236859353,0.13252698343893368,38.67697529289926,39,18,0,True
8.5,5,0.8,0.8841457128989125,0.6577435172201328,170.01570583277504,0.012249999999999999,0.010698756070457971,0.12998725114583093,0.13127326537459716,38.92585463543722,39,18,0,True
8.5,5,0.8,0.8889233308450576,0.6596803975213239,170.0902720946364,0.012249999999999999,0.01070164067610375,0.129837533658093,0.13164357466221294,38.85187848555839,39,18,0,True
8.5,5,0.8,0.8830194792932493,0.659679288678864,169.9470324483058,0.012249999999999999,0.010700315361768095,0.13078903293499322,0.13170669340766217,38.839310602776344,39,19,0,True
8.5,5,0.8,0.857055588614132,0.7187584960535659,181.0606394193121,0.012249999999999999,0.010749964682347778,0.15481130517730726,0.14454783940803445,36.472859346339966,39,19,0,False
8.5,5,0.8,0.8894903408315117,0.672109423675123,169.89821186762913,0.012249999999999999,0.010713648440320134,0.13371388002436702,0.13432642576964798,38.324717796621485,39,19,0,True
8.5,5,0.8,0.885120983979846,0.6584042940014969,170.02331745261748,0.012249999999999999,0.010699573862493391,0.13004199817194365,0.13140715589277094,38.89905966239962,39,19,0,True
8.5,5,0.8,0.8893284663435369,0.6272129435530117,176.84449092738538,0.012249999999999999,0.010670847671683685,0.11957489206701959,0.12333428018129758,40.332199019785435,39,19,0,False
8.5,5,0.8,0.8792993833545625,0.6635244666316634,169.85486285563226,0.012249999999999999,0.010703182701368606,0.1326284742297025,0.1325789101077648,38.66676216574014,39,19,0,False
8.5,5,0.8,0.8883484078473615,0.6997376744657703,172.7227140141309,0.012249999999999999,0.01073927196136892,0.14285788476156625,0.14029946567678472,37.21510333173304,39,19,0,False
8.5,5,0.8,0.9309516080109179,0.6936145578549651,170.60820875309116,0.012249999999999999,0.010743399620176633,0.13393551028422915,0.13861690565570123,37.52049004864038,39,19,0,True
8.5,5,0.8,0.9058481910396291,0.5891028400633177,188.36319898932638,0.012249999999999999,0.010640736254380941,0.10562524820877879,0.11317430723873366,42.34528569533402,39,19,0,False
8.5,5,0.8,0.8877648281531544,0.6697523226805473,169.8912034862068,0.012249999999999999,0.010711008510419834,0.13324033677065272,0.13383486368130917,38.42003911038249,39,19,0,True
8.5,5,0.8,0.8809357089759328,0.6623768595775352,169.85033359242928,0.012249999999999999,0.01070245473686632,0.1319912061547326,0.13231302027010253,38.71914231147273,39,19,0,True
8.5,5,0.8,0.8888037788669307,0.6594001898656479,170.09326682283472,0.012249999999999999,0.010701350551756996,0.1297673934128078,0.13158379664100006,38.86379223061364,39,19,0,True
8.5,5,0.8,0.8880831610551368,0.6618520377307204,170.02773305521458,0.012249999999999999,0.010703516202099635,0.1306643256641758,0.13212508154611682,38.75629243156245,39,19,0,True
8.5,5,0.8,0.8840995081516279,0.6608854249392092,169.94822908282043,0.012249999999999999,0.010701685437588043,0.1310003310333761,0.13195780429158424,38.78942899798514,39,19,0,True
8.5,5,0.8,0.8850536344585571,0.679514938641725,170.78197181383598,0.012249999999999999,0.010719663778364221,0.1368327476186864,0.13596908946012187,38.01115946309424,39,19,0,False
8.5,5,0.8,0.8666285612262151,0.6578391060698661,171.42372001125588,0.012249999999999999,0.010695014164322466,0.13289529697325325,0.13147933081618837,38.884638101465676,39,19,0,False
8.5,5,0.8,0.8979678317688771,0.6675536471510151,170.16545903638746,0.012249999999999999,0.010711191309912136,0.1308941335703469,0.13325720378537914,38.53295313654228,39,19,0,True
8.5,5,0.8,0.8905946268930429,0.6597707459805912,170.12931928324832,0.012249999999999999,0.010702103818997206,0.12959889470384184,0.13164516729415798,38.85156122149273,39,19,0,True
8.5,5,0.8,0.8908394577893036,0.6604691175628628,170.1198163475872,0.012249999999999999,0.010702806213757462,0.12978244016840343,0.13179511800193794,38.82172406837809,39,19,0,True
8.5,5,0.8,0.8910706383567164,0.6451040236404585,172.68692980971255,0.012249999999999999,0.010688259521597982,0.12488957493919442,0.12793670096788617,39.50321440564937,39,19,0,False
8.5,5,0.8,0.8834823827412028,0.7353209234035375,178.33350517933766,0.012249999999999999,0.010770113714444952,0.1555169697366196,0.14791962493366542,35.90837555692047,39,19,0,False
8.5,5,0.8,0.8903485518772773,0.6608493973127854,170.09912220447873,0.012249999999999999,0.01070304349790385,0.12998243843540994,0.1318836344893138,38.804142726547425,39,19,0,True
8.5,5,0.8,0.8873040462728832,0.6648078818140116,169.96056575435253,0.012249999999999999,0.010706205402345995,0.13173190737792134,0.1327728086317415,38.628393809716165,39,19,0,True
8.5,5,0.8,0.8878769589596474,0.6575266615182703,170.11096190937494,0.012249999999999999,0.010699381893494325,0.12931894718647824,0.13118573139796197,38.943401876996816,39,19,0,True
8.5,5,0.8,0.9052673093649448,0.6790843052782827,170.16813473537974,0.012249999999999999,0.010723793345862036,0.13339281873330272,0.13568619845909624,38.06462081261948,39,19,0,True
8.5,5,0.8,0.8896680913629489,0.6737981411758924,169.87153398975548,0.012249999999999999,0.010715211449219322,0.1342301705260919,0.13469223971377306,38.25423107000698,39,19,0,True
8.5,5,0.8,0.8874133056755272,0.6345614178071806,174.98407060562883,0.012249999999999999,0.010677367748299018,0.12215458796419106,0.1252606467814273,39.979030559449775,39,19,0,False
8.5,5,0.8,0.8877849186745785,0.6589371981865305,170.07768144641128,0.012249999999999999,0.010700680618004776,0.12978338936957046,0.1314941208989705,38.88168477941248,39,19,0,True
8.5,5,0.8,0.8860692485099861,0.6595640554864936,170.02318680748297,0.012249999999999999,0.010700889175009365,0.13025908106935397,0.13164898035430228,38.850801662706026,39,19,0,True
8.5,5,0.8,0.8998313045137653,0.7275767278510133,174.3228827460713,0.012249999999999999,0.010766932881964198,0.15002094167126157,0.14618977169283082,36.19543753798049,39,19,0,False
8.5,5,0.8,0.8920982841984271,0.631617919310074,175.88308988690295,0.012249999999999999,0.01067568459123316,0.1205201828871566,0.12442744964022956,40.13066099109484,39,19,0,False
8.5,5,0.8,0.8898191225648276,0.695056763309597,171.86954588528326,0.012249999999999999,0.010735274458355513,0.14107874677053703,0.13928309271021475,37.39869733346045,39,19,0,False
8.5,5,0.8,0.8919823707885297,0.6647262800615286,170.0744534755484,0.012249999999999999,0.0107071858388124,0.1309507908432248,0.1327066565401396,38.64148188968946,39,19,0,True
8.5,5,0.8,0.9102863374736216,0.6759601965056009,170.33127898419062,0.012249999999999999,0.010722021800419793,0.13160397382276895,0.13495602236854,38.20364035145908,39,19,0,True
8.5,5,0.8,0.8898856532880531,0.6639365946374446,170.0337086926708,0.012249999999999999,0.01070591409131075,0.13103832067865118,0.13255920964378387,38.67063599003052,39,19,0,True
8.5,5,0.8,0.9120345201595137,0.7261853451699124,172.0187034433505,0.012249999999999999,0.010768457371891568,0.147461164636671,0.14581806168963665,36.25774240179556,39,19,0,False
8.5,5,0.8,0.9271709111492685,0.6595581063651433,171.07491269756756,0.012249999999999999,0.010710550483624265,0.12389808679633416,0.13118322458648468,38.94390474082828,39,19,0,True
8.5,5,0.8,0.8858312537488807,0.6635435736619061,169.94502952852372,0.012249999999999999,0.010704644873838471,0.13156767014778387,0.132515690959403,38.679197390877924,39,19,0,True
8.5,5,0.8,0.8930842906131282,0.6677601968751946,170.04402310505333,0.012249999999999999,0.01071026794923313,0.1317425805858907,0.1333523947688493,38.514279100225195,39,19,0,True
8.5,5,0.8,0.8782023918318954,0.6585926755252832,169.8537158161601,0.012249999999999999,0.010698226365877365,0.13122494243703803,0.13152174993216909,38.876169511862486,39,19,0,True
8.5,5,0.8,0.8886964386817674,0.6775233087762449,169.90518860707977,0.012249999999999999,0.010718541810038494,0.135587277375042,0.13550638680635022,38.09871725314282,39,19,0,False
8.5,5,0.8,0.8872708760535727,0.6590925932230975,170.06210880121043,0.012249999999999999,0.01070071385675748,0.12991534248444256,0.13153343569991957,38.87383750913077,39,19,0,True
8.5,5,0.8,0.8944766093729625,0.6983992908447259,171.4767094605038,0.012249999999999999,0.010739359630452788,0.14138183743581928,0.13996575359454802,37.27509133618106,39,19,0,False
8.5,5,0.8,0.7834800819551367,0.662015217116933,188.67883217223587,0.012249999999999999,0.010683664915965122,0.14956967063166712,0.13309524124833189,38.56478740357729,39,19,0,False
8.5,5,0.8,0.886260249302146,0.6708839516357907,169.83688863799927,0.012249999999999999,0.010711719687998214,0.13385114210068033,0.1340948526268952,38.369536493031404,39,19,0,True
8.5,5,0.8,0.8884529617834385,0.6480768538164567,171.92603893316874,0.012249999999999999,0.010690497736369521,0.12623498660424548,0.12874424501008414,39.362693474805994,39,19,0,False
8.5,5,0.8,0.8765455769869948,0.6637287670314299,170.35672791463722,0.012249999999999999,0.010702726503657861,0.133150526551045,0.13265230165100048,38.652245691191574,39,19,0,False
8.5,5,0.8,0.8923925995199615,0.5014407829281415,224.7179377869339,0.012249999999999999,0.010585604152480124,0.08227296431696836,0.08925754233730379,47.88842545988852,39,19,0,False
8.5,5,0.8,0.8789571210231861,0.6526608569167448,170.58329587424132,0.012249999999999999,0.010692675175225909,0.12920672311100506,0.1300592891795196,39.13633834419306,39,19,0,False
8.5,5,0.8,0.8837789778509794,0.6643571024404394,169.87731914725168,0.012249999999999999,0.010704910437785525,0.13216434329422194,0.13271433866978272,38.63996132308516,39,19,0,True
8.5,5,0.8,0.8873606293044292,0.678691248277932,170.28192578961628,0.012249999999999999,0.010719407637387117,0.13618236659823593,0.13576948496831218,38.048858170408536,39,19,0,False
8.5,5,0.8,0.8887686248861454,0.6625473215253581,170.03323384203776,0.012249999999999999,0.010704352462588669,0.13077475455491966,0.13226835410931156,38.727962035405355,39,19,0,True
8.5,5,0.8,0.8835486523282714,0.6700276945559548,169.89456484353227,0.012249999999999999,0.01071030691958322,0.13402150662249743,0.13393664030237226,38.4002457948275,39,19,0,False
8.5,5,0.8,0.8795048849211016,0.6665040730856451,170.17859953490287,0.012249999999999999,0.010706104948563614,0.13355206166288605,0.13321643555549928,38.54095897820582,39,19,0,False
8.5,5,0.8,0.8884441573349807,0.6529976338185752,170.84141625255225,0.012249999999999999,0.010695121590049357,0.1277944805023951,0.13001993736363002,39.1430562924553,39,19,0,False
8.5,5,0.8,0.8721953335460858,0.6857859225083293,173.84326197778242,0.012249999999999999,0.010722798048381771,0.14106073660442217,0.13743323013925582,37.73795129112659,39,19,0,False
8.5,5,0.8,0.8940661896784198,0.6572913546995336,170.2675063115833,0.012249999999999999,0.01070054297060972,0.128261158660854,0.13105633079977055,38.96725348921932,39,19,0,True
8.5,5,0.8,0.8863386971094629,0.6606424117587598,170.00618350669313,0.012249999999999999,0.010701948270108293,0.13056078426218873,0.13188139927923348,38.804586400389915,39,19,0,True
8.5,5,0.8,0.8840418172784563,0.6579267681880759,170.0057617963902,0.012249999999999999,0.010698867814895771,0.13006413390562618,0.1313154292462191,38.9174106851373,39,20,0,True
8.5,5,0.8,0.8971556834505956,0.6527887279738251,171.19888537239498,0.012249999999999999,0.010696928314118217,0.12635841875200107,0.12984682281776078,39.17264995341532,39,20,0,False
8.5,5,0.8,0.8889301848748792,0.6571886912308009,170.1425989263498,0.012249999999999999,0.010699283110329506,0.1290438577410797,0.1310971750132119,38.960372666259595,39,20,0,True
8.5,5,0.8,0.88955578759013,0.6578848131001306,170.13923898111204,0.012249999999999999,0.010700041970071093,0.1291669822698213,0.13124713306839553,38.93109073281273,39,20,0,True
8.5,5,0.8,0.8787209455503837,0.6317166742213663,175.31090723627267,0.012249999999999999,0.010672645200146935,0.12261368740145194,0.12465960282521889,40.088241981491855,39,20,0,False
8.5,5,0.8,0.884357159584859,0.6641501487439571,169.89415821783672,0.012249999999999999,0.010704837704348167,0.13200392032941924,0.1326639942676154,38.64992947788121,39,20,0,True
8.5,5,0.8,0.8848646754492264,0.6463553154327237,172.17256649191648,0.012249999999999999,0.010688002798873868,0.12625887340466327,0.1283503497060515,39.43114491599361,39,20,0,False
8.5,5,0.8,0.9289593295048281,0.730128984186365,170.4455505462405,0.012249999999999999,0.010775740749901591,0.14590342676052642,0.14656078384855176,36.13337104278169,39,20,0,True
8.5,5,0.8,0.9105770247000595,0.7409200236681993,174.22421284353388,0.012249999999999999,0.010780852793553298,0.15254921428539003,0.14897925180210542,35.73523253899711,39,20,0,False
8.5,5,0.8,0.8878708640290821,0.6515052635282681,171.145397122931,0.012249999999999999,0.010693575940089786,0.1274126173883305,0.12964114732529433,39.2078956836152,39,20,0,False
8.5,5,0.8,0.8861873364227463,0.6634213987081111,169.956100753589,0.012249999999999999,0.010704612505109935,0.1314706558262442,0.13248528517132077,38.68518241396762,39,20,0,True
8.5,5,0.8,0.8874829648485139,0.6569615263539087,170.1111129871936,0.012249999999999999,0.010698734097540503,0.12920318774296521,0.13105746824980405,38.967061820172,39,20,0,True
8.5,5,0.8,0.8842469044084993,0.6582196898196445,170.0025139214585,0.012249999999999999,0.010699167718220196,0.13012554144124153,0.1313776055168693,38.904968788638286,39,20,0,True
8.5,5,0.8,0.8863859314566992,0.6612963279434708,169.99608005216714,0.012249999999999999,0.010702593999628583,0.13076131971142538,0.1320226785568301,38.77657277072189,39,20,0,True
8.5,5,0.8,0.8879197567702488,0.6790952383314989,170.2305587207385,0.012249999999999999,0.010719870087599701,0.13622198388771944,0.13585311682415846,38.03304948228626,39,20,0,False
8.5,5,0.8,0.874478789279249,0.660729723134289,170.36862330190195,0.012249999999999999,0.01069943628276446,0.13252483272578544,0.13202403568764814,38.77630396012733,39,20,0,False
8.5,5,0.8,0.8784204222131252,0.6661694864965645,170.32278985304362,0.012249999999999999,0.010705483019472212,0.13362632231383545,0.1331573475137292,38.552571062166635,39,20,0,False
8.5,5,0.8,0.8852559319784506,0.6601765252405848,169.99020752405224,0.012249999999999999,0.010701275475021109,0.13058636712947788,0.13179126041400843,38.82249080466044,39,20,0,True
8.5,5,0.8,0.8907152466392932,0.6602622470148819,170.1214298445837,0.012249999999999999,0.010702587354432835,0.1297362887183561,0.1317512243412901,38.83045103064537,39,20,0,True
8.5,5,0.8,0.8896408462612901,0.6765878621106093,169.84085826129606,0.012249999999999999,0.01071791315343378,0.13512850654266237,0.13529366688145436,38.13917016519985,39,20,0,True
8.5,5,0.8,0.8911213861330262,0.5972132600841861,185.0654218026999,0.012249999999999999,0.010643893125066188,0.11012133732130687,0.11555132164202411,41.849068210534284,39,20,0,False
8.5,5,0.8,0.885333534966739,0.6615013794685739,169.96762318360513,0.012249999999999999,0.010702561284715586,0.13099667054972716,0.13207814798073095,38.7655862493451,39,20,0,True
8.5,5,0.8,0.8872775249879881,0.6662579833938858,169.92950482963585,0.012249999999999999,0.010707516574307388,0.13220275848745336,0.1330877601348568,38.56625971259981,39,20,0,True
8.5,5,0.8,0.890336910841565,0.6543383804536448,170.62106191678234,0.012249999999999999,0.010696844592339322,0.12791828440413744,0.13034124655116267,39.08830312269706,39,20,0,False
8.5,5,0.8,0.9046975349129432,0.6537081526601137,171.273621253676,0.012249999999999999,0.010699575664716032,0.12547883654137615,0.12998105462282117,39.149697500431365,39,20,0,False
8.5,5,0.8,0.8883437047597695,0.6799794530223975,170.2629275186648,0.012249999999999999,0.010720782269982918,0.1364378797310991,0.13604107048096648,37.99759156467037,39,20,0,False
8.5,5,0.8,0.891097614883462,0.6741267542852597,169.90214505989422,0.012249999999999999,0.010715865775776294,0.1341008849188807,0.13474873623884617,38.243379041091416,39,20,0,True
8.5,5,0.8,0.8868845772335284,0.659250227235147,170.04952966449116,0.012249999999999999,0.010700776836220078,0.13002765120226945,0.13157188204761638,38.86616809245445,39,20,0,True
8.5,5,0.8,0.8860239700399986,0.6599336810944744,170.01414040164047,0.012249999999999999,0.01070122319975858,0.13038459494088833,0.13173004938861937,38.834663113117934,39,20,0,True
8.5,5,0.8,0.9048591697696167,0.6880805834958484,170.06104297651478,0.012249999999999999,0.010732162038566402,0.1363299387650432,0.13764870499741838,37.698229534390705,39,20,0,True
8.5,5,0.8,0.884226325028703,0.6380204146624308,174.04636465106597,0.012249999999999999,0.010679928303567902,0.12373242727972197,0.1262019339573707,39.80974480487336,39,20,0,False
8.5,5,0.8,0.8862444908347528,0.6959677136971879,172.6106323231778,0.012249999999999999,0.010735285382170655,0.1419860916260033,0.1395082023941035,37.35780474052461,39,20,0,False
8.5,5,0.8,0.8898232891128933,0.6624621090501647,170.05985227635557,0.012249999999999999,0.010704504334284439,0.13057812789139284,0.13223879535837493,38.73380192337284,39,20,0,True
8.5,5,0.8,0.8792248992565749,0.6839464116167643,172.34952748914077,0.012249999999999999,0.01072254392097844,0.1392550033056121,0.1369786070608904,37.82216445339394,39,20,0,False
8.5,5,0.8,0.8869323341299887,0.6568806856939268,170.09905883373045,0.012249999999999999,0.010698531010011532,0.12926571422490332,0.13104379961867105,38.9693652731044,39,20,0,True
8.5,5,0.8,0.9067866994538379,0.6724647114714006,170.29963601837426,0.012249999999999999,0.010717898826128242,0.1310508371840036,0.1342311593987217,38.343136995551724,39,20,0,True
8.5,5,0.8,0.8926222298807805,0.6605360348407148,170.16221233076243,0.012249999999999999,0.010703274568398325,0.12951923282050928,0.13179040161974503,38.822661505146705,39,20,0,True
8.5,5,0.8,0.8880558911278369,0.6630241640475478,170.00906093027731,0.012249999999999999,0.010704664514961002,0.13104100235470284,0.13237897953431552,38.70612888815996,39,20,0,True
8.5,5,0.8,0.8900304031221442,0.6763524474601285,169.8462172195212,0.012249999999999999,0.010717708272236653,0.1349917383838863,0.1352412993442505,38.14914829715562,39,20,0,True
8.5,5,0.8,0.8802734839737804,0.6578229914590064,169.91601301699308,0.012249999999999999,0.010697924058860022,0.1306417120308552,0.13133366986144782,38.91375939872058,39,20,0,True
8.5,5,0.8,0.8892924984650216,0.6717722391123137,169.8958320097977,0.012249999999999999,0.010713256125231994,0.13363923949267303,0.1342564109702144,38.33825221288831,39,20,0,True
8.5,5,0.8,0.8843041893796264,0.6593484334944865,169.98495365480886,0.012249999999999999,0.010700292089915797,0.13047504759181253,0.13162095498064227,38.85638531741842,39,20,0,True
8.5,5,0.8,0.9339524881912855,0.6557741450314453,171.9316612289518,0.012249999999999999,0.010708736852981578,0.12173551749684236,0.13009989379629935,39.129410083333674,39,20,0,False
8.5,5,0.8,0.9235342108013952,0.6651163094489392,170.85490758771815,0.012249999999999999,0.0107149251369129,0.12616201294586574,0.1324492744513358,38.69227423100482,39,20,0,True
8.5,5,0.8,0.8864800078781909,0.6532538037772659,170.7172834185591,0.012249999999999999,0.010694922477069397,0.12818795029645372,0.13011257528992443,39.12724701320169,39,20,0,False
8.5,5,0.8,0.8893332382183946,0.6587540225158056,170.11898332173007,0.012249999999999999,0.010700852010196429,0.12947731284147568,0.13143758555483323,38.892977469014255,39,20,0,True
8.5,5,0.8,0.8945276571571116,0.6552661851848515,170.57359402624056,0.012249999999999999,0.010698722017845516,0.12754856165669265,0.13052426633829603,39.0572160491759,39,20,0,False
8.5,5,0.8,0.897800461672705,0.66578158882159,170.19251664618918,0.012249999999999999,0.010709471192801492,0.13035834758475992,0.13287533689563227,38.60813453448271,39,20,0,True
8.5,5,0.8,0.8758064502315563,0.6536969779433103,170.257057369085,0.012249999999999999,0.010692988693714342,0.13004861185954655,0.13036711010504895,39.08390561098285,39,20,0,False
8.5,5,0.8,0.8872567880053692,0.6627019246491481,169.99478740030287,0.012249999999999999,0.010704168247793657,0.1310676293071536,0.13231765534182774,38.7182274147539,39,20,0,True
8.5,5,0.8,0.8865451776123553,0.672336020621436,169.81804257576792,0.012249999999999999,0.010713109869353915,0.13427341518487876,0.13440717987688008,38.30912484031729,39,20,0,True
8.5,5,0.8,0.8839169893428721,0.6604294846331062,169.9522888149683,0.012249999999999999,0.010701208667461912,0.13088423814028233,0.1318607481210857,38.80868622016551,39,20,0,True
8.5,5,0.8,0.8926330426784462,0.6585626455172268,170.20183129096597,0.012249999999999999,0.01070139206563142,0.12889196657056426,0.13136068904166465,38.908352730676626,39,20,0,True
8.5,5,0.8,0.8800015486444467,0.660990420803649,169.84956390298663,0.012249999999999999,0.01070088813750575,0.13170081178032184,0.13202335656543304,38.776438475026694,39,20,0,True
8.5,5,0.8,0.887860231207955,0.6691744173405236,169.9026794793633,0.012249999999999999,0.010710485410652388,0.13303926746788478,0.13370902203225604,38.4445541238726,39,20,0,True
8.5,5,0.8,0.8938908819052618,0.6638243682616735,170.13315879023256,0.012249999999999999,0.010706720638142096,0.13035991543977943,0.13249226092409774,38.68380907771536,39,20,0,True
8.5,5,0.8,0.8957864618255027,0.6577444172299423,170.30222394131232,0.012249999999999999,0.010701382952286788,0.1281323713087594,0.13114603486548335,38.951367208353076,39,20,0,True
8.5,5,0.8,0.8873615781559083,0.6595971339452621,170.05391484966037,0.012249999999999999,0.01070121049478868,0.1300616427422775,0.131642284793092,38.85213544262229,39,20,0,True
8.5,5,0.8,0.8889660904391266,0.6589909586581786,170.10548517152952,0.012249999999999999,0.010700997914911166,0.12961123075214076,0.13149301128085833,38.88190632790908,39,21,0,True
8.5,5,0.8,0.9190704948775987,0.6309555670447617,177.21003737123,0.012249999999999999,0.010681699262253607,0.11632645931306794,0.12382202819989424,40.24190921204413,39,21,0,False
8.5,5,0.8,0.8882694866547116,0.6609770770447472,170.04662911499895,0.012249999999999999,0.01070270173528176,0.13035643096738977,0.1319335327892056,38.79424214464562,39,21,0,True
8.5,5,0.8,0.8895713820930258,0.6614245795616243,170.07054136306775,0.012249999999999999,0.010703430478932487,0.1302894145607514,0.132016703851014,38.77775626223046,39,21,0,True
8.5,5,0.8,0.876619216530081,0.6687612490434437,170.95392939335696,0.012249999999999999,0.01070758609322846,0.13476132226767648,0.13373130121314972,38.440210596778016,39,21,0,False
8.5,5,0.8,0.8871705995147945,0.6546223728854186,170.45099136390732,0.012249999999999999,0.010696409494582013,0.12851107426862285,0.13045662682084216,39.068696564381774,39,21,0,False
8.5,5,0.8,0.8911111952311189,0.6817821057004956,170.00703103525362,0.012249999999999999,0.010723142154927237,0.13655939445575824,0.13640466967268583,37.9292729191861,39,21,0,False
8.5,5,0.8,0.9057781265779697,0.6985175272210836,169.997686725227,0.012249999999999999,0.010741993625801654,0.13953622682658198,0.1399012795592081,37.28671398100131,39,21,0,True
8.5,5,0.8,0.8778230915918048,0.7005744999048291,174.71830649827615,0.012249999999999999,0.010737797380486348,0.14495210247783055,0.1405549577246044,37.169367523912456,39,21,0,False
8.5,5,0.8,0.8885958077661722,0.6582219359155604,170.10864290368846,0.012249999999999999,0.010700145857389527,0.12942748718749086,0.13133094579784071,38.914304619770554,39,21,0,True
8.5,5,0.8,0.8887030440847538,0.6607023303904311,170.06220050224334,0.012249999999999999,0.010702535206693222,0.13019935151480538,0.13186919596211652,38.80700893845808,39,21,0,True
8.5,5,0.8,0.8878193771990529,0.6684416939074048,169.9112909564161,0.012249999999999999,0.010709760444050653,0.13281193100869798,0.13355191594682106,38.47522444698992,39,21,0,True
8.5,5,0.8,0.8866720740942238,0.661251643284248,170.00366499966643,0.012249999999999999,0.010702613902270224,0.13070092982005324,0.13200997613598905,38.77908903989053,39,21,0,True
8.5,5,0.8,0.8829920884899702,0.6617709187957044,169.90780712918135,0.012249999999999999,0.010702308882203136,0.13146244419652037,0.13216089311163198,38.7492054120199,39,21,0,True
8.5,5,0.8,0.8900832386796633,0.6664188133007735,169.9926642891972,0.012249999999999999,0.010708291593993594,0.13179972147115246,0.13309408028819864,38.56501587370071,39,21,0,True
8.5,5,0.8,0.9177767924235692,0.6638286861027756,170.73439861419962,0.012249999999999999,0.010712337534634827,0.12663393130404454,0.1322306594088054,38.73540978863746,39,21,0,True
8.5,5,0.8,0.8986501458766356,0.674973134580239,170.0675056583903,0.012249999999999999,0.010718388832149026,0.13314585472073637,0.1348579147945467,38.22243333419646,39,21,0,True
8.5,5,0.8,0.8841189767976408,0.6598689830386,169.96945247665124,0.012249999999999999,0.010700736683449764,0.13067168871579113,0.13173631279142534,38.83341706845309,39,21,0,True
8.5,5,0.8,0.8829161454447725,0.6580991294898426,169.9780794615489,0.012249999999999999,0.010698814005766864,0.13029967016252922,0.13136393025096302,38.90770429771207,39,21,0,True
8.5,5,0.8,0.8876435770074917,0.691997447352056,171.8612525139286,0.012249999999999999,0.01073191867681867,0.14045178311260148,0.1386455678946627,37.51522596600382,39,21,0,False
8.5,5,0.8,0.8894100375234169,0.6555863954973802,170.32744812034392,0.012249999999999999,0.010697872278510687,0.12845870716921395,0.1306752290309372,39.031628817986224,39,21,0,False
8.5,5,0.8,0.884434089477593,0.6595378492163142,169.98413837420526,0.012249999999999999,0.010700498734557772,0.13051464687884037,0.13166079623194743,38.848448226258505,39,21,0,True
8.5,5,0.8,0.8882836418366487,0.6726959316311885,169.85412971005357,0.012249999999999999,0.010713850119882608,0.13410325130393255,0.1344676687613678,38.297457158500606,39,21,0,True
8.5,5,0.8,0.8894628887017569,0.672950795505106,169.87872889807144,0.012249999999999999,0.01071436533181286,0.1339915734998964,0.1345109565646924,38.28911380648661,39,21,0,True
8.5,5,0.8,0.8980407700892341,0.662167360980932,170.2647375272811,0.012249999999999999,0.010706076680291119,0.1291760913204038,0.13208698186991816,38.76383645493749,39,21,0,True
8.5,5,0.8,0.8881950336967632,0.6478577781053072,171.96478991207096,0.012249999999999999,0.010690226949667014,0.12620658761960538,0.12869131570265074,39.37188499072751,39,21,0,False
8.5,5,0.8,0.8879385980338363,0.6823946575134324,170.63050070367748,0.012249999999999999,0.01072302127263871,0.13728347230592886,0.136565750850483,37.89912181628529,39,21,0,False
8.5,5,0.8,0.8868578061693675,0.6593121718873804,170.0476096927732,0.012249999999999999,0.010700829382927808,0.13005171038167376,0.13158564954054358,38.86342278658248,39,21,0,True
8.5,5,0.8,0.8877142116428459,0.6583161596079504,170.08588117879304,0.012249999999999999,0.010700045238182757,0.1295982708300788,0.13136076305633765,38.90833792302291,39,21,0,True
8.5,5,0.8,0.8808373900988233,0.660065930746666,169.88639813289575,0.012249999999999999,0.010700189210482618,0.131268033042856,0.13181407214216276,38.81795738093218,39,21,0,True
8.5,5,0.8,0.884212349138215,0.6732590188809565,170.1711305121089,0.012249999999999999,0.010713559784505902,0.13495138168991463,0.13462589071255637,38.26698717395,39,21,0,False
8.5,5,0.8,0.8866720351057007,0.6808938091051896,170.6671772994785,0.012249999999999999,0.010721315175779341,0.1370094428331679,0.13625277035534156,37.95777012468433,39,21,0,False
8.5,5,0.8,0.8861654914828323,0.6584470362253011,170.04784305387267,0.012249999999999999,0.010699848069434309,0.1298874918871033,0.13140516966720048,38.899456760862456,39,21,0,True
8.5,5,0.8,0.8959931441971918,0.6765768467124752,169.98010613161273,0.012249999999999999,0.010719259926967378,0.13408987551812054,0.13523292583379015,38.15074450187636,39,21,0,True
8.5,5,0.8,0.8887611575825086,0.6588305596394709,170.10355065172485,0.012249999999999999,0.010700797313463545,0.12959309597607377,0.1314604016167775,38.888418897173295,39,21,0,True
8.5,5,0.8,0.8715358727883091,0.6507774708644665,170.9163715598342,0.012249999999999999,0.010689257732073656,0.12981081651789714,0.12967121939213797,39.2027365299618,39,21,0,False
8.5,5,0.8,0.8732746541066025,0.660701770082064,170.57749987238805,0.012249999999999999,0.010699150520448904,0.13271504066061127,0.1320303183775819,38.77505960214057,39,21,0,False
8.5,5,0.8,0.8880369396077002,0.6680350554970325,169.9204147020128,0.012249999999999999,0.010709396773425412,0.13264734244294124,0.1334628043193606,38.49265291077058,39,21,0,True
8.5,5,0.8,0.8881291321261405,0.6660229017593956,169.95451474848196,0.012249999999999999,0.010707493429654134,0.13198886877145347,0.13302806574560708,38.578013707194444,39,21,0,True
8.5,5,0.8,0.8875178827499722,0.6582309225044638,170.08838168098202,0.012249999999999999,0.01069997937370114,0.12960013903051165,0.13134248031398746,38.911996141611134,39,21,0,True
8.5,5,0.8,0.8878647998515051,0.6538905306135214,170.629695499427,0.012249999999999999,0.010695849280677124,0.12816913560512602,0.1302586116884657,39.10236308433314,39,21,0,False
8.5,5,0.8,0.8864114070594072,0.6588307848863649,170.04629978432675,0.012249999999999999,0.010700270500008087,0.12997013522891665,0.13148584366926228,38.88333751667696,39,21,0,True
8.5,5,0.8,0.9466885336339582,0.6423916699941178,175.6030851446221,0.012249999999999999,0.010699579369745041,0.11586610301338994,0.12636944428721786,39.77983983520366,39,21,0,False
8.5,5,0.8,0.9408139954676079,0.6638233276224575,171.34972650823858,0.012249999999999999,0.010718036748601393,0.12319771857317785,0.13196092789985975,38.78880970032103,39,21,0,True
8.5,5,0.8,0.8876799257798578,0.652912202933905,170.83288796010112,0.012249999999999999,0.010694866658021511,0.1278887651859083,0.1300081192108288,39.14507449275087,39,21,0,False
8.5,5,0.8,0.8889994965937688,0.6685730111943935,169.93864125757295,0.012249999999999999,0.01071016772735258,0.13266114701904033,0.1335678367289324,38.47211310389833,39,21,0,True
8.5,5,0.8,0.8995100930220131,0.6738035409482859,170.10078480980928,0.012249999999999999,0.010717439834232439,0.13263636515679275,0.1345969505841127,38.27255505849952,39,21,0,True
8.5,5,0.8,0.8854001156392691,0.7478491662716465,179.72283808176056,0.012249999999999999,0.010781181895151795,0.15938717544947756,0.15056007783141268,35.48112909632251,39,21,0,False
8.5,5,0.8,0.8821158917078644,0.6702929034559186,170.1757313998588,0.012249999999999999,0.01071024682635534,0.1343432273697025,0.13400763486130474,38.38645667442203,39,21,0,False
8.5,5,0.8,0.8873997581778867,0.6639873088631387,169.97301124108122,0.012249999999999999,0.010705401223534777,0.13145601262735596,0.1325963406855077,38.66333563589697,39,21,0,True
8.5,5,0.8,0.8883188451723446,0.64297630264465,173.06063596577445,0.012249999999999999,0.010685562184220211,0.12465169024089454,0.1274257169117751,39.59278075647646,39,21,0,False
8.5,5,0.8,0.8834446397922179,0.6592949044749222,169.96531885703425,0.012249999999999999,0.01070005024270119,0.130596997230963,0.13161849621173277,38.856875304727645,39,21,0,True
8.5,5,0.8,0.8907244431470361,0.6576170632384979,170.17916930928513,0.012249999999999999,0.0107001101822749,0.12889335818960615,0.13117421009426464,38.94571319685823,39,21,0,True
8.5,5,0.8,0.8921170899845418,0.6550236657156107,170.53580656239214,0.012249999999999999,0.010697898074856549,0.12785366570521722,0.1304952546782265,39.06213900664636,39,21,0,False
8.5,5,0.8,0.8861467833323855,0.6624179835664362,169.97265229085482,0.012249999999999999,0.0107036418811187,0.13115678253332957,0.1322678608103305,38.728059474635614,39,21,0,True
8.5,5,0.8,0.900369977825999,0.6478171872626141,172.42493401374094,0.012249999999999999,0.010692998602375693,0.12430136088513696,0.12850922542763274,39.40355451448365,39,21,0,False
8.5,5,0.8,0.8779317303351353,0.658645550149649,169.84631062334466,0.012249999999999999,0.010698217962910758,0.1312861429622213,0.13153605011875769,38.87331583413671,39,21,0,True
8.5,5,0.8,0.8872074172811472,0.659605656215059,170.04997842894875,0.012249999999999999,0.010701183777197155,0.13008914869573748,0.13164580316566987,38.85143455331485,39,21,0,True
8.5,5,0.8,0.889806415707607,0.6595631102440553,170.11441008879342,0.012249999999999999,0.010701730599043923,0.12965877010970345,0.13160843218447338,38.8588810695062,39,22,0,True
8.5,5,0.8,0.8955444029532804,0.6633362691491408,170.18430568844937,0.012249999999999999,0.010706652225861476,0.12994058359107494,0.13236764074307092,38.70836505654303,39,22,0,True
8.5,5,0.8,0.8879865562983683,0.6632088863948571,170.00365826300052,0.012249999999999999,0.010704820623132601,0.13111132785494942,0.13242000937352813,38.69804040716191,39,22,0,True
8.5,5,0.8,0.8874420489395956,0.6618524440416644,170.01236392010065,0.012249999999999999,0.010703373709172802,0.1307677560545069,0.13213192988138694,38.754936867893775,39,22,0,True
8.5,5,0.8,0.8769750566917175,0.681626085601037,172.4647491938065,0.012249999999999999,0.010719881097677889,0.1388801101354474,0.1364971122778353,37.911960927685364,39,22,0,False
8.5,5,0.8,0.8886722198146199,0.6614894093907144,170.0477882296936,0.012249999999999999,0.010703292579010351,0.1304543887795372,0.1320403165543721,38.773079592315106,39,22,0,True
8.5,5,0.8,0.8893547542793234,0.6809656345851147,170.21047855142308,0.012249999999999999,0.010721973544243292,0.1365870597409788,0.136244091882345,37.95940016049308,39,22,0,False
8.5,5,0.8,0.892083594529691,0.645031418852196,172.7343850049392,0.012249999999999999,0.01068836735407442,0.12471145624144687,0.1279054250694482,39.50867936290066,39,22,0,False
8.5,5,0.8,0.9243640802456909,0.6827693012620989,170.5771745925705,0.012249999999999999,0.010731758466051474,0.13154780064202645,0.13630196894848015,37.948533281835445,39,22,0,True
8.5,5,0.8,0.8878482276603191,0.6711918614357057,169.86887619944056,0.012249999999999999,0.010712362664642264,0.13368996193178828,0.13414585684422825,38.35965188141892,39,22,0,True
8.5,5,0.8,0.8817357727128813,0.6585817127419247,169.93816586050377,0.012249999999999999,0.010698991714288194,0.1306460252226745,0.1314819328001493,38.884118482672065,39,22,0,True
8.5,5,0.8,0.8883458546770149,0.6714471885711532,169.87715680454744,0.012249999999999999,0.01071272088915863,0.13369030496335632,0.13419596314412954,38.349948582060456,39,22,0,True
8.5,5,0.8,0.8899419827168841,0.6608711940399729,170.08887325459057,0.012249999999999999,0.010702973259190339,0.13005445185503772,0.1318927206366551,38.80233934252125,39,22,0,True
8.5,5,0.8,0.8873882868538235,0.6563047986033586,170.11994300752863,0.012249999999999999,0.010698058292772978,0.12901079589894154,0.13088963688337116,38.99537275161347,39,22,0,True
8.5,5,0.8,0.8878228440561349,0.6504374495934352,171.38364555851743,0.012249999999999999,0.010692604842336745,0.1270800315830942,0.1293633892160712,39.255642528889425,39,22,0,False
8.5,5,0.8,0.9179846375496216,0.6657732120925065,170.70086965563917,0.012249999999999999,0.01071423728058571,0.12720815791441406,0.13265474235722008,38.651762173164265,39,22,0,True
8.5,5,0.8,0.8942582999318158,0.666758821478534,170.09272120176595,0.012249999999999999,0.01070962307391701,0.13123317483271468,0.13312257271055175,38.55940988368057,39,22,0,True
8.5,5,0.8,0.882624515999767,0.6615318834110678,169.90284912632575,0.012249999999999999,0.01070199346055685,0.1314459907903825,0.13211307050509744,38.75867024161281,39,22,0,True
8.5,5,0.8,0.8790648858876647,0.6601205692135725,169.84298816102714,0.012249999999999999,0.010699848147598952,0.13157511528505317,0.1318446438321769,38.81188424748352,39,22,0,True
8.5,5,0.8,0.8880885979865817,0.6875775046425391,171.24020702604048,0.012249999999999999,0.010727960096351243,0.1389362734028558,0.13768573280592597,37.69141601234787,39,22,0,False
8.5,5,0.8,0.8865318983128686,0.6855555217286108,171.25586254263237,0.012249999999999999,0.010725614107120283,0.13854602540453545,0.13726471903241994,37.76910145205448,39,22,0,False
8.5,5,0.8,0.8880144036052754,0.6582708048301488,170.0999542698958,0.012249999999999999,0.010700131519329425,0.12953316385438124,0.13134567471371705,38.911356896818255,39,22,0,True
8.5,5,0.8,0.8872134476165173,0.673308352514871,169.82655895617188,0.012249999999999999,0.010714250708194085,0.1344732889230793,0.1346084350473339,38.270345240235706,39,22,0,True
8.5,5,0.8,0.8873710286709117,0.6566818853768408,170.11313053938792,0.012249999999999999,0.010698430699351462,0.12913269261019636,0.13098691922134786,38.97895513009359,39,22,0,True
8.5,5,0.8,0.8799873903568899,0.6726186686140382,170.82964324157146,0.012249999999999999,0.010712001887674565,0.13544695933802742,0.13452872652401082,38.28569034828583,39,22,0,False
8.5,5,0.8,0.88965849933076,0.6542013776915073,170.62636289362737,0.012249999999999999,0.010696557134798335,0.12798254095279393,0.1303149364465516,39.09277805613825,39,22,0,False
8.5,5,0.8,0.8872253332123925,0.6523655860632579,170.93505942167408,0.012249999999999999,0.010694243183432506,0.12778776189296379,0.12987275419766808,39.16821282696485,39,22,0,False
8.5,5,0.8,0.886598652919244,0.6588739427766672,170.05002474071512,0.012249999999999999,0.010700353909582069,0.1299537614040508,0.13149319200763485,38.881870243398154,39,22,0,True
8.5,5,0.8,0.887080147045121,0.6585112171296817,170.06883128742993,0.012249999999999999,0.010700114159060286,0.12976098381069798,0.13140922533980315,38.89864593848938,39,22,0,True
8.5,5,0.8,0.869532958700099,0.6437322301506712,172.20194061996608,0.012249999999999999,0.010682097891371837,0.1278816950668767,0.12788513338107124,39.512226199092744,39,22,0,False
8.5,5,0.8,0.8842209247660185,0.6897703090970847,172.1846685165529,0.012249999999999999,0.010729108767928373,0.1403052165510534,0.1381951028283629,37.59805254815537,39,22,0,False
8.5,5,0.8,0.8935913866870113,0.6569293833455906,170.2695311921536,0.012249999999999999,0.010700154969298034,0.12821901280374073,0.13096617650045655,38.98245401803392,39,22,0,True
8.5,5,0.8,0.8911811204922655,0.6579140938615976,170.17949500685432,0.012249999999999999,0.010700445832932455,0.1289170234569279,0.13123542636204022,38.93343706381248,39,22,0,True
8.5,5,0.8,0.8926284854542405,0.6646037912286151,170.09274937929214,0.012249999999999999,0.010707221343540614,0.1308078798508634,0.13267329073815487,38.64808821347078,39,22,0,True
8.5,5,0.8,0.8890338091064756,0.6630258194561894,170.03237468254568,0.012249999999999999,0.010704884066959634,0.13088391736314275,0.1323690987710575,38.708077491695704,39,22,0,True
8.5,5,0.8,0.8845303903711581,0.6853045932750732,171.58035923852694,0.012249999999999999,0.010724994524235802,0.13879868020770453,0.13722588735805497,37.7762904213402,39,22,0,False
8.5,5,0.8,0.8975480439247646,0.6590392551563953,170.3169515817743,0.012249999999999999,0.010702999272231178,0.128264805159722,0.13140942950760387,38.8986051219592,39,22,0,True
8.5,5,0.8,0.8873397010461013,0.6693275620192118,169.88812734747086,0.012249999999999999,0.010710514149695101,0.13317335160353397,0.13374727247991566,38.43709774333777,39,22,0,True
8.5,5,0.8,0.8874674660844086,0.6505977219080198,171.3307817381347,0.012249999999999999,0.01069263526382027,0.12718867897493813,0.12941125536476253,39.247402080903086,39,22,0,False
8.5,5,0.8,0.8861681854774504,0.658781486434655,170.0413289125589,0.012249999999999999,0.010700168626595603,0.12999356959060243,0.13147776806914088,38.88495019344112,39,22,0,True
8.5,5,0.8,0.8876696200527069,0.6562281980878882,170.12813033373604,0.012249999999999999,0.010698044544123432,0.12894167472856505,0.1308662520289318,38.9993222783071,39,22,0,True
8.5,5,0.8,0.8848520052169442,0.6587116150902633,170.01076154031657,0.012249999999999999,0.01069980770329256,0.13018333354412026,0.13147676551438373,38.88515041481802,39,22,0,True
8.5,5,0.8,0.8913544821074861,0.6478593543757148,172.07323195862986,0.012249999999999999,0.010690893760250625,0.12571375096820903,0.12864972411943168,39.37911207673788,39,22,0,False
8.5,5,0.8,0.9001495249157371,0.6634195985439634,170.29616708852285,0.012249999999999999,0.010707790657755773,0.12923765750695462,0.13233619822565001,38.71456795196938,39,22,0,True
8.5,5,0.8,0.8885486256956558,0.6669934506707554,169.9532001256697,0.012249999999999999,0.010708562723049715,0.13222901369023896,0.13323152655340567,38.53799491982816,39,22,0,True
8.5,5,0.8,0.8878999847111045,0.6656983180786253,169.9558733465886,0.012249999999999999,0.01070714740457978,0.13192163615881697,0.13295994432505853,38.5914399034842,39,22,0,True
8.5,5,0.8,0.8832231843838824,0.6705347987344561,170.0097046518645,0.012249999999999999,0.010710688593817616,0.13423968512419707,0.13405004187240946,38.378227002865714,39,22,0,False
8.5,5,0.8,0.8925010806657208,0.5969705128490291,185.2084435342313,0.012249999999999999,0.01064401467762931,0.10985078469262023,0.11546336931325342,41.86713529005524,39,22,0,False
8.5,5,0.8,0.9004208199043404,0.6767726168636947,170.08037578914417,0.012249999999999999,0.010720450718543502,0.1334365218520003,0.13523250972501233,38.15082382795223,39,22,0,True
8.5,5,0.8,0.883982270342161,0.6606920909240461,169.9486272042126,0.012249999999999999,0.010701470583191658,0.13095772272346362,0.13191719032040997,38.79748391978704,39,22,0,True
8.5,5,0.8,0.8875629584574708,0.6369590207679926,174.41952820635285,0.012249999999999999,0.010679645026635227,0.12288260495941412,0.12587947940252409,39.86749842557932,39,22,0,False
8.5,5,0.8,0.884490713918602,0.6671282171320829,169.85414831073834,0.012249999999999999,0.010707769714447727,0.1329342626753672,0.13330202250416648,38.52415752993162,39,22,0,True
8.5,5,0.8,0.8794501340848907,0.6645938484159948,169.95283404359063,0.012249999999999999,0.010704192520416149,0.13294947846904442,0.13280877518186548,38.621283364012164,39,22,0,False
8.5,5,0.8,0.8856489348033669,0.6539478335987218,170.54042739255007,0.012249999999999999,0.010695406609092099,0.12854050963090655,0.13030288240746654,39.09482876206792,39,22,0,False
8.5,5,0.8,0.8872784923116328,0.6608293096517135,170.025257053618,0.012249999999999999,0.010702336209782401,0.13046891784045875,0.13191204088061742,38.798505554136774,39,22,0,True
8.5,5,0.8,0.9016873884668126,0.6585771633193662,170.43207750905418,0.012249999999999999,0.010703528131820817,0.12747049865009197,0.13126206001124635,38.928099585976916,39,22,0,True
8.5,5,0.8,0.8821782959302366,0.6593719323952308,169.93327105049693,0.012249999999999999,0.010699841298410206,0.13082700599048697,0.1316487428373571,38.85084897463016,39,22,0,True
8.5,5,0.8,0.8875644415352745,0.6604800291317083,170.0394726927364,0.012249999999999999,0.010702073979636276,0.13031128288287258,0.13183282510246572,38.81423173231685,39,22,0,True
8.5,5,0.8,0.8853542021582048,0.6594907556806072,170.00739126082343,0.012249999999999999,0.010700660330098206,0.1303509615857976,0.13164068833882003,38.852453481977044,39,23,0,True
8.5,5,0.8,0.8713404707762546,0.6735719379274103,172.4809970447114,0.012249999999999999,0.010711036955157916,0.13721147102656794,0.13481431311262518,38.23079418673467,39,23,0,False
8.5,5,0.8,0.8885080913516082,0.6723838783445346,169.86161880410984,0.012249999999999999,0.010713582237341665,0.13396720205301632,0.13439877798492578,38.310746306395295,39,23,0,True
8.5,5,0.8,0.8859499903804134,0.6595243801360724,170.0211302017914,0.012249999999999999,0.010700825286564117,0.13026562279922063,0.1316416182565719,38.85226822647961,39,23,0,True
8.5,5,0.8,0.8892822881287202,0.6566863599164241,170.15329641262872,0.012249999999999999,0.010698792210257786,0.12883205992077879,0.13096578801657338,38.98251955642942,39,23,0,True
8.5,5,0.8,0.8844604908405315,0.6639287370116168,169.9001395193712,0.012249999999999999,0.010704646600546142,0.13191630095008222,0.13261535833047447,38.65956655263767,39,23,0,True
8.5,5,0.8,0.8900379669184584,0.6392668086506286,173.98355219413034,0.012249999999999999,0.010682459537667515,0.12322009959607491,0.1264382363199409,39.76757782764836,39,23,0,False
8.5,5,0.8,0.8879618232528783,0.6884732062843655,171.36545246327458,0.012249999999999999,0.010728687127525836,0.13925216316425415,0.1378837192840392,37.65504570669798,39,23,0,False
8.5,5,0.8,0.9086092470202692,0.68287284472607,170.20146960216508,0.012249999999999999,0.010728147208903522,0.13406270566727038,0.13647858517276182,37.91542868871206,39,23,0,True
8.5,5,0.8,0.8880842909112088,0.6762409693003083,169.85454561835823,0.012249999999999999,0.010717171890387595,0.1352760484903545,0.13523550742853332,38.15025236309654,39,23,0,False
8.5,5,0.8,0.8854609203083096,0.6585556835540355,170.02845191250788,0.012249999999999999,0.010699793103089834,0.13003554307699888,0.13143640492750028,38.893213397183764,39,23,0,True
8.5,5,0.8,0.8884647189685179,0.6483419799751902,171.86606746723137,0.012249999999999999,0.010690739289744945,0.12631735513114695,0.12881314356050713,39.3507382635455,39,23,0,False
8.5,5,0.8,0.8852066202409611,0.6580934353361088,170.0282810340521,0.012249999999999999,0.01069926080439366,0.12993060429013048,0.13133986000153466,38.91252052647305,39,23,0,True
8.5,5,0.8,0.886928830080618,0.6583385411698596,170.06641865052447,0.012249999999999999,0.010699892095899216,0.12973128713234994,0.1313740866523956,38.90567262471248,39,23,0,True
8.5,5,0.8,0.8868969483366004,0.6611223064728812,170.0111902848816,0.012249999999999999,0.010702537442680096,0.1306235360394278,0.1319795766411066,38.78511294047947,39,23,0,True
8.5,5,0.8,0.8906808786532494,0.6632344831513217,170.06803505068137,0.012249999999999999,0.010705451365349089,0.13068558994837978,0.13239719047484894,38.702538231727736,39,23,0,True
8.5,5,0.8,0.8827924126621494,0.6606057363243795,169.92174284088537,0.012249999999999999,0.010701123752804687,0.13112323665735523,0.13191101833710697,38.79870843331763,39,23,0,True
8.5,5,0.8,0.8855836250954465,0.6622982848429088,169.96109113338454,0.012249999999999999,0.01070339924925154,0.13120985490342496,0.13224786300100932,38.73201016404508,39,23,0,True
8.5,5,0.8,0.8807216646623326,0.6605659161706533,169.87335112720183,0.012249999999999999,0.010700630160721288,0.13144756148073553,0.13192409561936652,38.796114052272955,39,23,0,True
8.5,5,0.8,0.89090390030843,0.6591647802271604,170.1495935648923,0.012249999999999999,0.010701602246665205,0.1293568540445883,0.1315097434225316,38.87856595080063,39,23,0,True
8.5,5,0.8,0.8906364395153153,0.6895208930027594,171.03182765446513,0.012249999999999999,0.010730306834983225,0.13914110456657214,0.13808657824839113,37.61788720167969,39,23,0,False
8.5,5,0.8,0.8870704180998416,0.6601515274430343,170.0347784231563,0.012249999999999999,0.010701660078492947,0.13028567592483198,0.13176636588557672,38.827439927555716,39,23,0,True
8.5,5,0.8,0.88755501054146,0.6628627268627444,169.99949975407054,0.012249999999999999,0.010704393390131378,0.13107056571817893,0.1323493087924523,38.711981178760816,39,23,0,True
8.5,5,0.8,0.888736651589513,0.6535138106296948,170.74071393776637,0.012249999999999999,0.010695682671340669,0.12791143702068475,0.1301495637399784,39.12093994055254,39,23,0,False
8.5,5,0.8,0.8897401882738363,0.6754341712098628,169.8535877229583,0.012249999999999999,0.010716799214811676,0.13474305999841216,0.1350446146402974,38.18669341900226,39,23,0,True
8.5,5,0.8,0.8900284408708374,0.6653874510829338,170.0131835498525,0.012249999999999999,0.010707343696790345,0.13147739246761675,0.13287057845081499,38.609074096552476,39,23,0,True
8.5,5,0.8,0.8918784869051098,0.6437892116937955,173.00695482995374,0.012249999999999999,0.01068712690701282,0.12435407451347752,0.1275862443898026,39.56457871805599,39,23,0,False
8.5,5,0.8,0.8873277820080854,0.6592134571715965,170.06106766428937,0.012249999999999999,0.01070084153240197,0.12994470087224963,0.13155910377162863,38.86871665475396,39,23,0,True
8.5,5,0.8,0.8819581055018714,0.6599008184435204,169.9167897631657,0.012249999999999999,0.010700285064603765,0.13103249176037557,0.131766232152524,38.82746651919157,39,23,0,True
8.5,5,0.8,0.8833713565142861,0.6541732999446086,170.4143323317281,0.012249999999999999,0.010695119006677694,0.1289767469934462,0.13039105367222115,39.079835848415684,39,23,0,False
8.5,5,0.8,0.8855127371441552,0.6379186352559166,174.1208800336045,0.012249999999999999,0.010680133145505432,0.1234996617134511,0.12615636816540124,39.81789096082039,39,23,0,False
8.5,5,0.8,0.8902570831186816,0.6485629738232058,171.8812098231842,0.012249999999999999,0.010691348405723259,0.12610578048847318,0.1288457889180276,39.34507740653279,39,23,0,False
8.5,5,0.8,0.8924540563565612,0.6668150469280585,170.04827849964286,0.012249999999999999,0.010709264777862501,0.13154110648931416,0.13315338771905985,38.55334961620308,39,23,0,True
8.5,5,0.8,0.8906091478305308,0.6530931648341871,170.8974423806993,0.012249999999999999,0.010695705926044461,0.12748190648594943,0.1300154198741435,39.14382771342358,39,23,0,False
8.5,5,0.8,0.8888382119937231,0.6610514749821434,170.0590938964723,0.012249999999999999,0.010702901613248599,0.1302886821516018,0.1319436073005825,38.792244110808674,39,23,0,True
8.5,5,0.8,0.9067969810075048,0.694854551596392,170.0480167360114,0.012249999999999999,0.010738895618591784,0.1381875542451825,0.1391001879341622,37.43202024793619,39,23,0,True
8.5,5,0.8,0.904107107571198,0.658483529458385,170.4922710094924,0.012249999999999999,0.010703967232163434,0.1270662499638826,0.13121548722122028,38.937434349655106,39,23,0,True
8.5,5,0.8,0.8877178205229027,0.6698005537486402,169.88938041231415,0.012249999999999999,0.010711043844598317,0.1332634818411023,0.13384574076355135,38.41792232340366,39,23,0,True
8.5,5,0.8,0.8891649288137169,0.6605471883883546,170.0770020731185,0.012249999999999999,0.010702497585374155,0.13007558013514567,0.13183029043606287,38.81473523266921,39,23,0,True
8.5,5,0.8,0.8827525248956676,0.6591551246207332,169.95150404605087,0.012249999999999999,0.010699764601428336,0.13066440555845052,0.13159549129474382,38.861460642371846,39,23,0,True
8.5,5,0.8,0.8898593281310075,0.6707485716065074,169.92438625911572,0.012249999999999999,0.010712415554844703,0.13321845921644482,0.1340295094895794,38.38221094924247,39,23,0,True
8.5,5,0.8,0.8886082476171295,0.6596275489284293,170.0836937360187,0.012249999999999999,0.010701520015940442,0.1298711927886402,0.13163545812724314,38.85349547791382,39,23,0,True
8.5,5,0.8,0.8881063117345126,0.6555012926156358,170.30023841821634,0.012249999999999999,0.010697494903220195,0.12863933333271066,0.13067049289241167,39.032430813657044,39,23,0,False
8.5,5,0.8,0.8681774544201533,0.6595146620164081,171.34279307574153,0.012249999999999999,0.010696927568942853,0.13317949340828955,0.13182570361494683,38.8156464334494,39,23,0,False
8.5,5,0.8,0.8886877486426672,0.6710327255580087,169.89092064849956,0.012249999999999999,0.010712401727363903,0.13350153692614528,0.134103150852214,38.36792778715082,39,23,0,True
8.5,5,0.8,0.8888577308990951,0.6554997431221303,170.32641366104792,0.012249999999999999,0.01069766174536167,0.12851921457389157,0.13066020278521231,39.03417345987314,39,23,0,False
8.5,5,0.8,0.8826790057153336,0.6655394943887161,169.8362251791922,0.012249999999999999,0.010705842112520412,0.1327214689489446,0.13297849195041345,38.58778294936297,39,23,0,True
8.5,5,0.8,0.896436060317094,0.5560693057470176,199.32439347831416,0.012249999999999999,0.01061248230828047,0.09720475075630802,0.10461809719443388,44.214595796208386,39,23,0,False
8.5,5,0.8,0.902749163207043,0.678622047192306,170.11439517402135,0.012249999999999999,0.010722770322398269,0.1336498824712983,0.13561035807590657,38.0789909455004,39,23,0,True
8.5,5,0.8,0.8835700330836402,0.6628595946601221,169.90520351322212,0.012249999999999999,0.010703509310102444,0.13171551945609725,0.13239004853623126,38.70394629292282,39,23,0,True
8.5,5,0.8,0.8868279854849745,0.6676362273100184,169.89890943761773,0.012249999999999999,0.010708753142858712,0.1327162511434166,0.1333887283019294,38.507158413336484,39,23,0,True
8.5,5,0.8,0.8863161868255655,0.6690026391255682,169.86985672678603,0.012249999999999999,0.010709983862687933,0.1332361038611557,0.13368712095422955,38.448825345084465,39,23,0,True
8.5,5,0.8,0.8851366133623371,0.6650381454465999,169.90432971483855,0.012249999999999999,0.010705930873464614,0.13215826266609254,0.13284493275010198,38.61413903816352,39,23,0,True
8.5,5,0.8,0.8820187006886542,0.6640417235432864,169.84114226153176,0.012249999999999999,0.010704219058730194,0.13235089828910657,0.1326644377969044,38.64984162634193,39,23,0,True
8.5,5,0.8,0.8886324785391693,0.6670779260190425,169.9538756952153,0.012249999999999999,0.01070866269336443,0.13224239147992356,0.13324887813003916,38.53458768525817,39,23,0,True
8.5,5,0.8,0.8880126646561446,0.6683305783263732,169.91686106099777,0.012249999999999999,0.010709690419425238,0.13274517587637275,0.1335262428116395,38.480243219413325,39,23,0,True
8.5,5,0.8,0.8887048961728795,0.6587954404921168,170.10283824975224,0.012249999999999999,0.010700750708517592,0.1295909540819851,0.13145338984247845,38.889819658407376,39,23,0,True
8.5,5,0.8,0.886734167829067,0.6607663528638552,170.013233465997,0.012249999999999999,0.010702153463591324,0.13053659678633397,0.13190417784502612,38.80006571111868,39,23,0,True
8.5,5,0.8,0.8828103800540927,0.6594063298546339,169.9477467088037,0.012249999999999999,0.01070001388143596,0.13073545801511005,0.13164949816834803,38.85069851790046,39,24,0,True
8.5,5,0.8,0.8898037618142383,0.668742691573258,169.9551132260729,0.012249999999999999,0.01071051182130262,0.1325846875260671,0.13359631802820077,38.46654895005069,39,24,0,True
8.5,5,0.8,0.8883713523926358,0.6619339347347847,170.03333449382862,0.012249999999999999,0.010703660839812926,0.1306439425107242,0.13213976909141037,38.75338534125436,39,24,0,True
8.5,5,0.8,0.8854895912748733,0.6586202099276177,170.0278833443447,0.012249999999999999,0.010699861256342676,0.1300514857088058,0.1314501044989814,38.890476031548516,39,24,0,True
8.5,5,0.8,0.8951931983817181,0.6445212485876578,172.97571401112617,0.012249999999999999,0.010688667416975474,0.12406742245271374,0.12772563746604368,39.54013761277771,39,24,0,False
8.5,5,0.8,0.8861260042009521,0.6635592541168813,169.95172061231327,0.012249999999999999,0.010704725043956004,0.13152489129538125,0.13251604563901492,38.67912759244051,39,24,0,True
8.5,5,0.8,0.8933528848905654,0.628248318675135,176.76620383274374,0.012249999999999999,0.010672834863681039,0.1192847069924082,0.12353555144654907,40.29486821144442,39,24,0,False
8.5,5,0.8,0.8909023531838148,0.7152655413891077,174.2769972281584,0.012249999999999999,0.010754003165013246,0.14751750235367692,0.1436131981958425,36.63328299632528,39,24,0,False
8.5,5,0.8,0.896363541128674,0.6800250379387724,169.95279268463662,0.012249999999999999,0.010722670538851196,0.1351313193202257,0.13597495039420607,38.01005418647815,39,24,0,True
8.5,5,0.8,0.8884232839342328,0.6460902620186143,172.35973052140065,0.012249999999999999,0.010688535702687562,0.1256158683208491,0.12823241162899449,39.45165361728308,39,24,0,False
8.5,5,0.8,0.8875316544791746,0.6588398080350265,170.07337491984404,0.012249999999999999,0.01070053007124744,0.12979305969213456,0.13147571511247153,38.885360195063306,39,24,0,True
8.5,5,0.8,0.8883474260147747,0.6669825755437262,169.94864616209904,0.012249999999999999,0.010708507534916157,0.13225818510196088,0.13323121317527198,38.5380564643401,39,24,0,True
8.5,5,0.8,0.8835934655229515,0.6585140001868182,169.98403732348763,0.012249999999999999,0.010699336927811743,0.13032358507848688,0.1314474381930447,38.89100875222425,39,24,0,True
8.5,5,0.8,0.8843005170596133,0.6616383715278281,169.9408698914533,0.012249999999999999,0.010702467113452362,0.1312076629297678,0.13211859638732265,38.75757623659029,39,24,0,True
8.5,5,0.8,0.8895807546367679,0.6652920563558172,170.00452189372928,0.012249999999999999,0.010707156294190107,0.131519050248641,0.13285447457419733,38.61225433071845,39,24,0,True
8.5,5,0.8,0.8767967364521241,0.6552558355053929,169.9687096921311,0.012249999999999999,0.010694759879046528,0.13038371317813302,0.13075396007595824,39.01830397541438,39,24,0,False
8.5,5,0.8,0.8878129617969279,0.663972334173176,169.9832077959171,0.012249999999999999,0.010705480232999042,0.13138433957004683,0.1325887515533318,38.66482740929123,39,24,0,True
8.5,5,0.8,0.8881858355749881,0.6581575547678187,170.10085829327824,0.012249999999999999,0.010700002335235392,0.12947219658830997,0.1313210900790739,38.91627742885109,39,24,0,True
8.5,5,0.8,0.8908163845686752,0.6590740380944209,170.14924018622912,0.012249999999999999,0.010701495582680638,0.12934201785666172,0.13149096082750267,38.882315735172284,39,24,0,True
8.5,5,0.8,0.8905040444235028,0.6650599076031365,170.03162659298022,0.012249999999999999,0.010707153942999943,0.1312955745642895,0.13279450789979613,38.62410348843116,39,24,0,True
8.5,5,0.8,0.8905037579297999,0.6266390775066976,177.0432084859759,0.012249999999999999,0.010670633192688673,0.11921717847542446,0.1231658111404273,40.363524370656215,39,24,0,False
8.5,5,0.8,0.8865501787027059,0.65977100379509,170.03044663698265,0.012249999999999999,0.010701190289607556,0.13024774794110233,0.13168892066270704,38.84284820998386,39,24,0,True
8.5,5,0.8,0.8881107205946625,0.6662594218595187,169.9491685077182,0.012249999999999999,0.010707704152808875,0.13206792897823533,0.1330795990737177,38.56786602644339,39,24,0,True
8.5,5,0.8,0.8892665918549016,0.671062320367822,169.90390693979947,0.012249999999999999,0.010712558898611882,0.1334165607116966,0.13410385268597086,38.36779173775719,39,24,0,True
8.5,5,0.8,0.8942571206809987,0.6552904900449077,170.55786275884637,0.012249999999999999,0.010698675114523739,0.1275991285019063,0.1305345144880547,39.055477488428615,39,24,0,False
8.5,5,0.8,0.8870531515248714,0.6611448673374715,170.01456439424928,0.012249999999999999,0.01070259427892603,0.13060552888205768,0.13198281076779403,38.78447194167102,39,24,0,True
8.5,5,0.8,0.8913822323429831,0.6941832671132624,171.4860668872913,0.012249999999999999,0.010734810578328959,0.14053029747685555,0.13908303949735748,37.435148953359004,39,24,0,False
8.5,5,0.8,0.8881455144537821,0.6588512024312387,170.08812450257892,0.012249999999999999,0.010700678843292288,0.1296982467562974,0.1314715501678615,38.886192026725894,39,24,0,True
8.5,5,0.8,0.8852543471356943,0.6596161524789189,170.00232324333777,0.012249999999999999,0.010700755287255044,0.1304071805713211,0.13166907208876108,38.84680012617132,39,24,0,True
8.5,5,0.8,0.8934486377366947,0.6716538949379575,169.99311029111564,0.012249999999999999,0.010714062959814542,0.1329261299258034,0.13419028336247124,38.35104813298187,39,24,0,True
8.5,5,0.8,0.8900667950368658,0.640675342248042,173.6518571171801,0.012249999999999999,0.010683752606194367,0.12365875953973783,0.1268047124823661,39.70244162341898,39,24,0,False
8.5,5,0.8,0.8897091593860503,0.6639400910206182,170.0293860661343,0.012249999999999999,0.0107058774565719,0.13106787461153316,0.1325618299225534,38.67012068248689,39,24,0,True
8.5,5,0.8,0.8886914005432576,0.660538735307578,170.0656233840294,0.012249999999999999,0.010702382573530783,0.13014888784140394,0.13183354316570237,38.814089095704176,39,24,0,True
8.5,5,0.8,0.8926305951088715,0.6581119771279255,170.21600996337497,0.012249999999999999,0.010701014283104266,0.12874741354503982,0.1312609476972179,38.928322454531326,39,24,0,True
8.5,5,0.8,0.8885622443775087,0.6595143665622204,170.08496942649123,0.012249999999999999,0.010701403500538761,0.12984248449523245,0.13161128477694678,38.85831251568395,39,24,0,True
8.5,5,0.8,0.8955730740593221,0.6284429847310722,176.81324072726545,0.012249999999999999,0.010673553461562409,0.1190106771717703,0.12355030952798782,40.29213496294292,39,24,0,False
8.5,5,0.8,0.8697242797390315,0.660584063132234,171.19297609956752,0.012249999999999999,0.010698278562856675,0.13326725138528642,0.13204101906464033,38.77294048042253,39,24,0,False
8.5,5,0.8,0.8860453563620095,0.6656246741917328,169.91352446276497,0.012249999999999999,0.010706666181210165,0.13219923884611845,0.1329628779099925,38.590861433442925,39,24,0,True
8.5,5,0.8,0.8897006288723465,0.6683078086435895,169.95623985665273,0.012249999999999999,0.010710039684692788,0.13246382281835659,0.13350458854396088,38.48447785300284,39,24,0,True
8.5,5,0.8,0.8870957640594586,0.6586943016205843,170.06549645506144,0.012249999999999999,0.010700291769704384,0.12981678006947564,0.1314488587103483,38.89072493405471,39,24,0,True
8.5,5,0.8,0.8885176158800605,0.6733253478638231,169.8553958004566,0.012249999999999999,0.010714548043141989,0.13426501381735204,0.13459982004246027,38.27200288765924,39,24,0,True
8.5,5,0.8,0.8873697706829614,0.658650578535628,170.0729798976926,0.012249999999999999,0.01070031078095141,0.12975891316536953,0.13143641717420226,38.893210949868305,39,24,0,True
8.5,5,0.8,0.886658641756638,0.6627506701877612,169.97983112052472,0.012249999999999999,0.010704083601522108,0.13117978889503504,0.13233444377056108,38.71491415238844,39,24,0,True
8.5,5,0.8,0.8871181973573413,0.6602365236559927,170.0340565277717,0.012249999999999999,0.010701749276581993,0.1303051808493441,0.13178441404504843,38.823851702516045,39,24,0,True
8.5,5,0.8,0.886604785631799,0.6542810424619369,170.50314889090498,0.012249999999999999,0.010695946529176537,0.12849339641505064,0.13037615043203998,39.082368851787244,39,24,0,False
8.5,5,0.8,0.889225902794351,0.6576568253127687,170.1399951881539,0.012249999999999999,0.010699794595333243,0.12914538115097104,0.13119976136331085,38.940587833246965,39,24,0,True
8.5,5,0.8,0.8892814447961063,0.652455188342707,170.98852524848908,0.012249999999999999,0.010694795754375036,0.12749007575148058,0.1298681322329019,39.169003584348424,39,24,0,False
8.5,5,0.8,0.8963214783761282,0.7282314023022045,175.03444149367007,0.012249999999999999,0.010766744121940458,0.15085177384438564,0.14634865364157215,36.16881992388038,39,24,0,False
8.5,5,0.8,0.8687863426878351,0.6498700697444156,171.48669499775522,0.012249999999999999,0.01068780422080322,0.12997004909395063,0.12947359539065556,39.236677504514965,39,24,0,False
8.5,5,0.8,0.8909560616751809,0.6608546093053224,170.11412633246277,0.012249999999999999,0.010703188883507016,0.12988677183993583,0.1318781365769816,38.80523405118942,39,24,0,True
8.5,5,0.8,0.8876030826903113,0.6742746361334506,169.81740818150158,0.012249999999999999,0.010715198087029084,0.13472246928952444,0.1348152341317021,38.23061752080888,39,24,0,True
8.5,5,0.8,0.8895646272686261,0.6540294690735323,170.6596215111716,0.012249999999999999,0.010696368680539702,0.12794312772879632,0.13027177738915405,39.100121999984324,39,24,0,False
8.5,5,0.8,0.8934572103642769,0.6653365693634561,170.09674947588732,0.012249999999999999,0.010708074377737273,0.13090957080898127,0.1328239579291883,38.61828295113322,39,24,0,True
8.5,5,0.8,0.8881311367689815,0.6636751174138734,169.99718368904584,0.012249999999999999,0.010705280205563869,0.13123750982057508,0.13252041710104645,38.67826735010778,39,24,0,True
8.5,5,0.8,0.8861816960346544,0.661436959046576,169.98890453088424,0.012249999999999999,0.010702686285618152,0.13083903757944562,0.13205529229786325,38.77011439661893,39,24,0,True
8.5,5,0.8,0.881234238992383,0.6635620896236846,169.8359194518344,0.012249999999999999,0.010703642316238453,0.13232309813552157,0.13256729136574252,38.66904669272354,39,24,0,True
8.5,5,0.8,0.8877702957686822,0.6585606845140185,170.0846745152162,0.012249999999999999,0.010700316203365524,0.12966601970066113,0.13141250270773933,38.89799075351232,39,24,0,True
8.5,5,0.8,0.8860653098531096,0.6601238541979305,170.01097549781414,0.012249999999999999,0.01070140845598501,0.1304388074480963,0.13177110510873458,38.826497609535664,39,24,0,True
8.5,5,0.8,0.8918303821873789,0.6586132312889437,170.18115605767863,0.012249999999999999,0.010701260120354168,0.12903543624793515,0.13138043047411344,38.90440377360751,39,25,0,True
8.5,5,0.8,0.896648435706835,0.6541100922932908,170.89354440905777,0.012249999999999999,0.010698070406243328,0.12685319013190532,0.130196835013936,39.11288385385605,39,25,0,False
8.5,5,0.8,0.8883275508119689,0.6645115488029022,169.99130596061738,0.012249999999999999,0.010706165554295464,0.13147094421697306,0.13269796528916405,38.64320240974471,39,25,0,True
8.5,5,0.8,0.8878531777796821,0.6590786056238904,170.076578691891,0.012249999999999999,0.010700831328332584,0.1298174183914882,0.1315241062870842,38.87569924634142,39,25,0,True
8.5,5,0.8,0.8854564893950677,0.6590275102073825,170.01932455485118,0.012249999999999999,0.010700245542792652,0.1301865415153446,0.13153882788119883,38.87276158853509,39,25,0,True
8.5,5,0.8,0.8850982918518955,0.6600167231447219,169.98990195137446,0.012249999999999999,0.01070109254069946,0.1305606335904494,0.13175807468305778,38.829088661343555,39,25,0,True
8.5,5,0.8,0.8971767935395328,0.6968117453956167,170.80991787188773,0.012249999999999999,0.010738499696443062,0.14041249573581385,0.13960258725811808,37.34069821779005,39,25,0,False
8.5,5,0.8,0.9009013346994406,0.7073416143095173,171.49916536926497,0.012249999999999999,0.01074903588844964,0.14320597107921837,0.14184246024855218,36.941379448658026,39,25,0,False
8.5,5,0.8,0.8802959385267245,0.6372738744768626,174.0700925512169,0.012249999999999999,0.010678340579531459,0.1241125264191666,0.12606637152619135,39.83399481724159,39,25,0,False
8.5,5,0.8,0.8880847603635341,0.6613525571001957,170.0359114923914,0.012249999999999999,0.010703027436531929,0.13050540190654394,0.13201688529658587,38.77772031926387,39,25,0,True
8.5,5,0.8,0.8822529647301882,0.6606904074668127,169.90754885276354,0.012249999999999999,0.010701087811817401,0.13123792447150634,0.13193499649696802,38.79395183506007,39,25,0,True
8.5,5,0.8,0.8881550848535745,0.6645534964582615,169.9862862126039,0.012249999999999999,0.010706164971745683,0.13151231528507626,0.13270884848176584,38.641048008539215,39,25,0,True
8.5,5,0.8,0.8906173076276208,0.6613290533503262,170.09744263930648,0.012249999999999999,0.010703571929299114,0.13009149935611775,0.13198482955111152,38.78407183781702,39,25,0,True
8.5,5,0.8,0.8856782597580474,0.6613210632523489,169.97875917730732,0.012249999999999999,0.01070246109788729,0.13088351459515069,0.13203549887145646,38.77403363504232,39,25,0,True
8.5,5,0.8,0.8894923565055864,0.6643651281734132,170.01214644383776,0.012249999999999999,0.010706185283921208,0.13124041747187307,0.13265759983968556,38.651196111982934,39,25,0,True
8.5,5,0.8,0.8713076188107444,0.6524300058794777,170.7369184863573,0.012249999999999999,0.010690784597180775,0.13037869979092762,0.13009953871815047,39.129470653741095,39,25,0,False
8.5,5,0.8,0.8956893338029865,0.6753849417061369,169.99105208843687,0.012249999999999999,0.010718087583488415,0.13375678091333482,0.1349767441054405,38.19967447978022,39,25,0,True
8.5,5,0.8,0.8842741995277947,0.658987094456673,169.9915224482908,0.012249999999999999,0.010699943377049867,0.13036443720013025,0.13154273044602677,38.87198295097353,39,25,0,True
8.5,5,0.8,0.8886047927331205,0.6585277316057688,170.1057844693277,0.012249999999999999,0.010700472870256291,0.1295218634446398,0.1313962701662769,38.901236150572196,39,25,0,True
8.5,5,0.8,0.8875573192045585,0.6722423423860873,169.8414776939597,0.012249999999999999,0.010713233785156592,0.13407764068749226,0.13437752740215916,38.314848320157914,39,25,0,True
8.5,5,0.8,0.8887614874700642,0.6790353823955617,170.07626254390598,0.012249999999999999,0.010719981434351001,0.13606414686420681,0.13583302364515357,38.03684587363473,39,25,0,False
8.5,5,0.8,0.8839152773363605,0.6593820244147048,169.97486887515748,0.012249999999999999,0.010700236950162811,0.1305486943460386,0.13163242200005484,38.85410039219557,39,25,0,True
8.5,5,0.8,0.8868817020742051,0.6673028845082455,169.90657929640463,0.012249999999999999,0.01070845951542684,0.1326001908376366,0.1333159248671856,38.521430412947076,39,25,0,True
8.5,5,0.8,0.8890709462453888,0.6786393873404631,169.97576941460318,0.012249999999999999,0.010719685884258659,0.1358848804373028,0.1357441557235449,38.05364990099239,39,25,0,False
8.5,5,0.8,0.8873860423524069,0.6492959721270584,171.61500438098474,0.012249999999999999,0.010691390842927778,0.12678929074859918,0.1290751777641775,39.305367866352775,39,25,0,False
8.5,5,0.8,0.8891219431766059,0.6619793366937449,170.05063610971413,0.012249999999999999,0.010703873099493265,0.130537634060423,0.13214166862912574,38.75300941465846,39,25,0,True
8.5,5,0.8,0.886890822828247,0.6691348485100994,169.88092306358317,0.012249999999999999,0.010710234308811104,0.133184718203073,0.13371003845680127,38.444355931289586,39,25,0,True
8.5,5,0.8,0.8857271555270825,0.6589596129484664,170.0272164816969,0.012249999999999999,0.010700241180094588,0.13012128389510108,0.1315211723069567,38.876284792988024,39,25,0,True
8.5,5,0.8,0.8825771094062167,0.6592698649918817,169.94495522888744,0.012249999999999999,0.01069983391406191,0.13072958223746584,0.1316223016027162,38.85611696818048,39,25,0,True
8.5,5,0.8,0.8850155619061697,0.6677750254116992,169.85411367994394,0.012249999999999999,0.0107084796016499,0.1330569262417901,0.13343688181547292,38.49772720333123,39,25,0,True
8.5,5,0.8,0.8869485441297914,0.6497862478737035,171.4926625552449,0.012249999999999999,0.01069176761222247,0.12701315545356315,0.12920762463914498,39.28249367395029,39,25,0,False
8.5,5,0.8,0.8871502901713895,0.6699331605276261,169.87433803778475,0.012249999999999999,0.010711044931210887,0.1333987015377208,0.13387992625357956,38.411271726120084,39,25,0,True
8.5,5,0.8,0.8861876767481376,0.6552521342941148,170.2861042117149,0.012249999999999999,0.010696817445090049,0.12886689533773238,0.13063158860049912,39.03902052312658,39,25,0,False
8.5,5,0.8,0.8881951246307624,0.6751123430329352,169.8277733625957,0.012249999999999999,0.010716206827484366,0.13489101567776482,0.13498791464380966,38.197537086245994,39,25,0,True
8.5,5,0.8,0.8885408433451746,0.6618706861765663,170.0384181805809,0.012249999999999999,0.010703636652732468,0.13059658294513388,0.1321242854007936,38.75645003011462,39,25,0,True
8.5,5,0.8,0.8928209834395703,0.6576274885398586,170.23067394970153,0.012249999999999999,0.010700593537475019,0.12856390443902224,0.13115345862724792,38.94987722421068,39,25,0,True
8.5,5,0.8,0.8883475577638819,0.660063814224667,170.0678443861744,0.012249999999999999,0.010701867124489419,0.13005228287158455,0.13173346907827937,38.83398278365488,39,25,0,True
8.5,5,0.8,0.8883879161774613,0.657282834147771,170.12771282828368,0.012249999999999999,0.010699255243333998,0.1291601499540598,0.13112744434801368,38.955099149995725,39,25,0,True
8.5,5,0.8,0.88894510095472,0.6632606268891406,170.02559297667668,0.012249999999999999,0.01070508363206213,0.13097326054660247,0.13242123587385177,38.6977986957327,39,25,0,True
8.5,5,0.8,0.8903328773168668,0.6585785066680607,170.14505633120044,0.012249999999999999,0.01070088874941691,0.1292628565458412,0.13138921107326962,38.902647734776714,39,25,0,True
8.5,5,0.8,0.8885991977116195,0.6695650924671218,169.91340029044184,0.012249999999999999,0.010711015786239666,0.13304426521118023,0.13378619482646326,38.42951475450797,39,25,0,True
8.5,5,0.8,0.8839983944990037,0.6585193151936065,169.99372668409845,0.012249999999999999,0.010699432161768697,0.13025984409033886,0.1314442436649689,38.891647038549465,39,25,0,True
8.5,5,0.8,0.8870802403626442,0.6650778214920657,169.94951325057247,0.012249999999999999,0.01070640055721904,0.13185502719107636,0.13283367270458316,38.616363478332886,39,25,0,True
8.5,5,0.8,0.897426484135982,0.6588456202971231,170.3154854662531,0.012249999999999999,0.010702760466360168,0.12822389465041423,0.13136938774094195,38.90661254985139,39,25,0,True
8.5,5,0.8,0.8878706841769505,0.6660607540410068,169.94760457679237,0.012249999999999999,0.010707469945491304,0.13204297072844512,0.1330389184247917,38.57587599935391,39,25,0,True
8.5,5,0.8,0.888809790412328,0.6682043483891043,169.93660639869245,0.012249999999999999,0.010709738336485928,0.13257552672448736,0.13349132616297144,38.48707207588068,39,25,0,True
8.5,5,0.8,0.8913453515767362,0.6539107826308898,170.74762760859596,0.012249999999999999,0.010696658805392004,0.1276238449528718,0.13021715922140883,39.109421654512644,39,25,0,False
8.5,5,0.8,0.8961734229174774,0.6435690299710124,173.22578215419497,0.012249999999999999,0.010687953214752527,0.12362022888775773,0.12746524222869224,39.58583131048713,39,25,0,False
8.5,5,0.8,0.8772120588838961,0.6571271094205798,169.86056134896015,0.012249999999999999,0.010696630946390848,0.13091593225785145,0.13121417542884706,38.93769737273092,39,25,0,True
8.5,5,0.8,0.8822475816453303,0.6590599764519292,169.941277929312,0.012249999999999999,0.010699562573760908,0.13071585094854649,0.13158020064833784,38.86450925422363,39,25,0,True
8.5,5,0.8,0.8883176277669649,0.6513959295715361,171.1853241180148,0.012249999999999999,0.010693574932247181,0.12730719719219538,0.12960671291621886,39.2138056966079,39,25,0,False
8.5,5,0.8,0.8883124572057078,0.6547636245015878,170.46091649390053,0.012249999999999999,0.010696805590774745,0.12837382460119434,0.13047790115373387,39.06508458144336,39,25,0,False
8.5,5,0.8,0.8908083752018877,0.6652456941051487,170.03491904634433,0.012249999999999999,0.010707391209386704,0.13130613139374256,0.13283172093181003,38.616749092567176,39,25,0,True
8.5,5,0.8,0.8912844435053979,0.6597973917010519,170.14571562183417,0.012249999999999999,0.010702285505070647,0.12949724722778028,0.13164348297078335,38.851896751401796,39,25,0,True
8.5,5,0.8,0.8885676180387104,0.6598091570084811,170.0787946201275,0.012249999999999999,0.010701680419744829,0.12993564599047588,0.13167550779771262,38.845518625675034,39,25,0,True
8.5,5,0.8,0.8786276190382271,0.6577817824640291,169.87695510177798,0.012249999999999999,0.010697517750403888,0.13089673135657867,0.1313424396263271,38.91200428398984,39,25,0,True
8.5,5,0.8,0.8831728445758565,0.6586647404969537,169.9711369257761,0.012249999999999999,0.010699389591932286,0.13043965839102628,0.13148458856937803,38.88358814399636,39,25,0,True
8.5,5,0.8,0.886759530356357,0.6613428595262419,170.0042636546668,0.012249999999999999,0.010702722599329263,0.13071582815555854,0.13202881223452315,38.77535790013588,39,25,0,True
8.5,5,0.8,0.888002688677572,0.658787777085922,170.08583944631812,0.012249999999999999,0.010700585526103104,0.12970099182019343,0.13145933160171494,38.88863264738601,39,26,0,True
8.5,5,0.8,0.8866706964455916,0.6657333356924968,169.92603078674992,0.012249999999999999,0.010706904349855434,0.13213250829216894,0.13298008687262441,38.58746853317257,39,26,0,True
8.5,5,0.8,0.888263173140227,0.6701587427959012,169.89183837579722,0.012249999999999999,0.010711453826600378,0.13329154445728145,0.13391934302175218,38.403607618242326,39,26,0,True
8.5,5,0.8,0.8890874283420126,0.6592349727127591,170.10360301521072,0.012249999999999999,0.010701258219689784,0.12966937893996627,0.13154475475844007,38.871579079381334,39,26,0,True
8.5,5,0.8,0.8822089507480726,0.6662306493745374,169.81134659592482,0.012249999999999999,0.010706368065401624,0.13302182431594806,0.1331329156375959,38.55737546785782,39,26,0,True
8.5,5,0.8,0.8860807030104044,0.6587520247803387,170.0397605279679,0.012249999999999999,0.010700120653399033,0.12999827047872922,0.1314723199773222,38.88603827478244,39,26,0,True
8.5,5,0.8,0.88371054065268,0.7180933619744551,175.95011836674126,0.012249999999999999,0.010755005164315544,0.14971809181824794,0.14426008849413263,36.52211406816359,39,26,0,False
8.5,5,0.8,0.8900124040217339,0.6136825977309839,180.37159906663908,0.012249999999999999,0.010658466090536013,0.11529720559999747,0.11982677762546812,40.99746648800795,39,26,0,False
8.5,5,0.8,0.879939127088103,0.6450026387324919,172.29919437595564,0.012249999999999999,0.010685644580689052,0.12661066179764469,0.12806751682844209,39.48038057198592,39,26,0,False
8.5,5,0.8,0.8879790576525869,0.6673217457178318,169.93195154040774,0.012249999999999999,0.010708721117801636,0.13242770256791705,0.13330897096050798,38.5227944349605,39,26,0,True
8.5,5,0.8,0.8805406736118421,0.6621447910822492,169.84449224958192,0.012249999999999999,0.010702139591778084,0.13198165989931548,0.13226700730990484,38.728228064616246,39,26,0,True
8.5,5,0.8,0.888286135931616,0.6588522404725209,170.09153674561568,0.012249999999999999,0.010700711439341488,0.12967604448081094,0.1314702533915033,38.88645103237881,39,26,0,True
8.5,5,0.8,0.8884847997541074,0.6610970920264403,170.0497995843761,0.012249999999999999,0.010702867092568168,0.13035993837389712,0.1319572598495868,38.78953694396822,39,26,0,True
8.5,5,0.8,0.8836847794405953,0.6567492261910728,170.0224921451376,0.012249999999999999,0.010697680653833409,0.1297455162086426,0.13105193910269627,38.967993549892114,39,26,0,True
8.5,5,0.8,0.8887096384664204,0.6600906555405973,170.07609567502266,0.012249999999999999,0.010701973801975328,0.1300027383070859,0.13173542481271341,38.83359371624387,39,26,0,True
8.5,5,0.8,0.8827343693846174,0.6602330112026311,169.9281857621935,0.012249999999999999,0.010700764304377147,0.13101304619934975,0.1318304283438017,38.81470783740755,39,26,0,True
8.5,5,0.8,0.8977013153789004,0.6774068195065488,170.00942039419948,0.012249999999999999,0.010720436913297065,0.1340780804090927,0.1353962975056444,38.11963714208283,39,26,0,True
8.5,5,0.8,0.8817357086171236,0.6597904796822586,169.91382943632487,0.012249999999999999,0.010700133449278877,0.13103322010067053,0.13174455078139827,38.831778377644106,39,26,0,True
8.5,5,0.8,0.881855756403721,0.6603930944431617,169.9035996037277,0.012249999999999999,0.010700716135416859,0.13120738225963455,0.13187465415072708,38.80592535262398,39,26,0,True
8.5,5,0.8,0.8902302082177567,0.6630886908142629,170.0600858323994,0.012249999999999999,0.010705213668396003,0.13071144174071572,0.13237013839210401,38.707872452513776,39,26,0,True
8.5,5,0.8,0.8878210062209589,0.7010510654339034,172.9844873126243,0.012249999999999999,0.010740374177092695,0.1433779481112902,0.14058510181843456,37.163982301850794,39,26,0,False
8.5,5,0.8,0.8861901732807643,0.6603318439929168,170.0093973759631,0.012249999999999999,0.010701628257773616,0.13048528178039373,0.13181518079858903,38.817737094985794,39,26,0,True
8.5,5,0.8,0.8863946500954011,0.6559899515002321,170.1309339182472,0.012249999999999999,0.010697522368252622,0.12907018538067724,0.13082159423849676,39.0068679193361,39,26,0,False
8.5,5,0.8,0.8881926695516765,0.6793617690890686,170.21416305778385,0.012249999999999999,0.010720164414940489,0.1362635726432098,0.1359088498648702,38.02252515332879,39,26,0,False
8.5,5,0.8,0.8852957732434754,0.6676932728631029,169.86213935097382,0.012249999999999999,0.01070846621634063,0.13298474963337847,0.13341638974307463,38.501739890908894,39,26,0,True
8.5,5,0.8,0.8900035122621074,0.6689714556253272,169.94956744393644,0.012249999999999999,0.010710702815215151,0.13262848485953152,0.13364600461850776,38.45684776474562,39,26,0,True
8.5,5,0.8,0.8873333702655185,0.6492880433331543,171.6148230854558,0.012249999999999999,0.010691371126030745,0.1267951165095071,0.12907386018120212,39.305595616261186,39,26,0,False
8.5,5,0.8,0.8872051595659416,0.6593750452411999,170.05476696072682,0.012249999999999999,0.010700966726445266,0.13001591788286773,0.13159559206134422,38.86144055410844,39,26,0,True
8.5,5,0.8,0.8807276541713671,0.6589952891162335,169.90614314076387,0.012249999999999999,0.010699165243697753,0.13094211346928258,0.13158230990425937,38.86408867403173,39,26,0,True
8.5,5,0.8,0.8846307246701398,0.6657528649945645,169.8775727860633,0.012249999999999999,0.010706468162014737,0.13247113747617645,0.13300502822620788,38.582552681806064,39,26,0,True
8.5,5,0.8,0.8852638956878153,0.6792970314531125,170.7155192293026,0.012249999999999999,0.010719463124197824,0.13672898815534262,0.13592142834785542,38.020151085142935,39,26,0,False
8.5,5,0.8,0.8878959265847901,0.6533454155129705,170.74728122422297,0.012249999999999999,0.010695330324664328,0.12799165267492904,0.13011729549473258,39.12644198237824,39,26,0,False
8.5,5,0.8,0.8897229859719525,0.6622103355821934,170.061403728732,0.012249999999999999,0.010704234364020513,0.1305143725597747,0.1321853361101045,38.74437039444423,39,26,0,True
8.5,5,0.8,0.885996236413834,0.6565245038675063,170.0759467778926,0.012249999999999999,0.010697900413287678,0.12930579534128403,0.13096682221673903,38.982345084479746,39,26,0,True
8.5,5,0.8,0.8892398498696185,0.6584720591886681,170.12025976784852,0.012249999999999999,0.010700539213293597,0.12940359889485792,0.13137800972026475,38.90488794310332,39,26,0,True
8.5,5,0.8,0.896445868847679,0.6985147044237104,171.14895282414633,0.012249999999999999,0.010739891905634978,0.14108850305588055,0.139975528716481,37.27333011841257,39,26,0,False
8.5,5,0.8,0.8976464291971982,0.65828067987351,170.33865478599847,0.012249999999999999,0.010702334096538917,0.12800852921870376,0.13124181521248116,38.93215651898823,39,26,0,True
8.5,5,0.8,0.8890399061041139,0.6588993438608824,170.1090582529015,0.012249999999999999,0.010700926430646018,0.12957032664756443,0.1314723116464648,38.88603993867228,39,26,0,True
8.5,5,0.8,0.8888054534665002,0.668891506896266,169.9294383580696,0.012249999999999999,0.01071043062877282,0.13279452590447466,0.13363842571208914,38.458327062134956,39,26,0,True
8.5,5,0.8,0.8877546203197202,0.6590759941835314,170.07422676475488,0.012249999999999999,0.010700806683121433,0.12983239990506176,0.13152460378397451,38.8755999613885,39,26,0,True
8.5,5,0.8,0.8885713700041403,0.6487743627573858,171.77207989550425,0.012249999999999999,0.01069115697122726,0.1264377866225243,0.1289241690116731,39.331495724210335,39,26,0,False
8.5,5,0.8,0.8855760401875978,0.6600447222185198,170.00085460994276,0.012249999999999999,0.010701225511394446,0.1304924298568118,0.1317590738594539,38.82888996079571,39,26,0,True
8.5,5,0.8,0.8883675335300655,0.6565590779366599,170.13406241375827,0.012249999999999999,0.010698471602647286,0.12893722661435011,0.130944542998065,38.98610414900835,39,26,0,True
8.5,5,0.8,0.8836733399029675,0.6595111655788524,169.96633829032504,0.012249999999999999,0.010700304093919075,0.13062919576221574,0.13166311341121925,38.84798674955155,39,26,0,True
8.5,5,0.8,0.8877635245344184,0.6603646635581573,170.0469080513166,0.012249999999999999,0.010702012844222258,0.13024233128477342,0.13180547481288987,38.819665763563265,39,26,0,True
8.5,5,0.8,0.8875230638141295,0.6634843774528536,169.98668622649495,0.012249999999999999,0.010704969192627813,0.1312745952832707,0.1324850837657195,38.68522206739264,39,26,0,True
8.5,5,0.8,0.8817248365575612,0.6594371592005777,169.92103678911565,0.012249999999999999,0.010699801875737033,0.13092158706424872,0.13166775059623853,38.84706328171546,39,26,0,True
8.5,5,0.8,0.8936591073676654,0.6106830749702287,181.3574523474321,0.012249999999999999,0.010656606832215162,0.11384344115516143,0.11898675650185425,41.16088810820103,39,26,0,False
8.5,5,0.8,0.8952305785484354,0.661955542592794,170.19926195394734,0.012249999999999999,0.010705227839704505,0.12955427772513056,0.1320713300701693,38.76693688286484,39,26,0,True
8.5,5,0.8,0.8838129823232924,0.664221837677035,169.8802519144834,0.012249999999999999,0.010704787133315583,0.13211552238319327,0.13268493231714307,38.64578283971778,39,26,0,True
8.5,5,0.8,0.8885642035558553,0.6695574071006819,169.91271392765515,0.012249999999999999,0.010711000808590032,0.13304749870080565,0.13378487889775292,38.429771056448445,39,26,0,True
8.5,5,0.8,0.887289037916236,0.6741538126906607,169.8110512185646,0.012249999999999999,0.010715005390907932,0.13473563180802048,0.13479240598481748,38.23499702642734,39,26,0,True
8.5,5,0.8,0.8842691829811329,0.6656718176737166,169.87075003230575,0.012249999999999999,0.010706314251464476,0.13250403780472997,0.13299111564850657,38.58529457355167,39,26,0,True
8.5,5,0.8,0.8918546696112152,0.6592570469607255,170.1711572406229,0.012249999999999999,0.010701906068950353,0.12923464359634768,0.13151945546901236,38.876627441542134,39,26,0,True
8.5,5,0.8,0.8883516056079306,0.661131675738674,170.04600908966344,0.012249999999999999,0.01070287109998055,0.13039232927221056,0.13196617366633515,38.78776972155137,39,26,0,True
8.5,5,0.8,0.8893645337006709,0.661342001888867,170.06692383737905,0.012249999999999999,0.010703303381050647,0.1302964029412292,0.13200099894502842,38.7808676546454,39,26,0,True
8.5,5,0.8,0.8861672685779705,0.6590913216085328,170.0352985693569,0.012249999999999999,0.010700465249814542,0.13009239386837926,0.1315450517639277,38.87151982470611,39,26,0,True
8.5,5,0.8,0.8868589475283826,0.6587612064072711,170.05848812893143,0.012249999999999999,0.010700303501411169,0.12987607449721197,0.1314659241971578,38.88731574086877,39,26,0,True
8.5,5,0.8,0.8825175365973268,0.6597142861143689,169.93421734689366,0.012249999999999999,0.010700236269298662,0.13088171171078095,0.13171965535296795,38.83673116793749,39,27,0,True
8.5,5,0.8,0.8826344387794646,0.6613023432633075,169.90670876690342,0.012249999999999999,0.010701770594356513,0.13137114114797285,0.13206336640028643,38.76851466770965,39,27,0,True
8.5,5,0.8,0.88836831428635,0.6615733057034463,170.0390995188625,0.012249999999999999,0.010703306775223536,0.13052989921589006,0.13206171890498328,38.76884109775685,39,27,0,True
8.5,5,0.8,0.8836528120656525,0.6591487168426979,169.97331158756768,0.012249999999999999,0.010699958586918308,0.1305165403347941,0.13158448965616612,38.863654051206574,39,27,0,True
8.5,5,0.8,0.8814690264549682,0.6667314970764711,169.86354907094608,0.012249999999999999,0.010706751521817938,0.13330152162777545,0.1332458925202319,38.5351738900121,39,27,0,False
8.5,5,0.8,0.8820746729846578,0.6594794958570916,169.92854488545038,0.012249999999999999,0.010699919038165251,0.1308783201107538,0.13167324581389575,38.84596902548024,39,27,0,True
8.5,5,0.8,0.882230011366376,0.7116737436946947,175.36089356850314,0.012249999999999999,0.010748842259087166,0.14785233884032395,0.14290300136621872,36.756343856580266,39,27,0,False
8.5,5,0.8,0.8860054971943945,0.6924850350863434,172.21540349470237,0.012249999999999999,0.010732063961359343,0.1408862322797327,0.13876158354918924,37.49394079886367,39,27,0,False
8.5,5,0.8,0.8923759462941878,0.6551700485215173,170.52022664339754,0.012249999999999999,0.010698151909675126,0.12785677901997222,0.13052767964888592,39.05663696832285,39,27,0,False
8.5,5,0.8,0.8884407352672729,0.6653162100600145,169.9768071127082,0.012249999999999999,0.010706921875803127,0.1317111622118355,0.13287145142205864,38.60890172202754,39,27,0,True
8.5,5,0.8,0.885249186714092,0.656611956955359,170.0626488384205,0.012249999999999999,0.01069788951669991,0.12945047854160024,0.13099645014372074,38.97734776159514,39,27,0,True
8.5,5,0.8,0.8884060287757828,0.6620874313756512,170.03172211479577,0.012249999999999999,0.010703819233262604,0.13068710787114993,0.13217263244289745,38.746883058097595,39,27,0,True
8.5,5,0.8,0.8845113804618504,0.6593321508245207,169.99029621402687,0.012249999999999999,0.01070032299602525,0.1304363524993096,0.13161519510413305,38.85753318322587,39,27,0,True
8.5,5,0.8,0.8819122198799209,0.6574917273150094,169.96252225217472,0.012249999999999999,0.010697975103762553,0.13026969190837695,0.13124411839620356,38.93169491237179,39,27,0,True
8.5,5,0.8,0.8894099964608159,0.6629467629749719,170.04254408052634,0.012249999999999999,0.010704889864207251,0.13079829323665895,0.132348048293466,38.712229858708184,39,27,0,True
8.5,5,0.8,0.8941383923140271,0.6626020273247031,170.1619713405138,0.012249999999999999,0.010705613739510737,0.1299322455584721,0.13222330077635605,38.736864206071296,39,27,0,True
8.5,5,0.8,0.8814775604306213,0.6782800243133972,171.2548185733541,0.012249999999999999,0.010717674991505537,0.13703227392536627,0.13573611685262996,38.055171048138476,39,27,0,False
8.5,5,0.8,0.885941499952337,0.6622428641311405,169.97044391863705,0.012249999999999999,0.010703423950538875,0.13113428540269548,0.1322321406495866,38.735117044115164,39,27,0,True
8.5,5,0.8,0.8766746703466343,0.6598172563372475,169.87738942583252,0.012249999999999999,0.010699043470379987,0.1318692532797355,0.13180364870549996,38.82002865943271,39,27,0,False
8.5,5,0.8,0.8908236048640652,0.6616767052398901,170.09662762213816,0.012249999999999999,0.010703958262657893,0.13016867764269732,0.1320580448012839,38.769569103399746,39,27,0,True
8.5,5,0.8,0.8880993944806577,0.6384193861717392,174.10718710798977,0.012249999999999999,0.010681221931562804,0.12325419522276837,0.12624695159818347,39.80170146882926,39,27,0,False
8.5,5,0.8,0.88715338722422,0.6589601070642389,170.0618531925095,0.012249999999999999,0.010700560882555006,0.12989204048890213,0.13150591714655502,38.87932974766884,39,27,0,True
8.5,5,0.8,0.8872510791283555,0.6683443709081678,169.89913303731925,0.012249999999999999,0.010709537028243335,0.13287354441386784,0.13353673270323996,38.4781923457371,39,27,0,True
8.5,5,0.8,0.8881305125471,0.6591822842782905,170.08127443684333,0.012249999999999999,0.010700992462036053,0.12980593205983254,0.1315436519842533,38.871799092883926,39,27,0,True
8.5,5,0.8,0.8928852589113417,0.6766019957783928,169.90764663220375,0.012249999999999999,0.010718576718199358,0.1346044639003212,0.13526838637740501,38.14398616363426,39,27,0,True
8.5,5,0.8,0.889532855926464,0.6668181319083167,169.97905275107112,0.012249999999999999,0.010708613190787107,0.1320135567296696,0.1331838010987688,38.54737108455291,39,27,0,True
8.5,5,0.8,0.887328289533815,0.6562489117447784,170.11942261003284,0.012249999999999999,0.010697989096091142,0.1290027287087922,0.13087603791513097,38.99766937208584,39,27,0,True
8.5,5,0.8,0.8885642315121737,0.6593459546993687,170.08853180072202,0.012249999999999999,0.010701245295214969,0.12978850829543304,0.13157457883664836,38.865630294460935,39,27,0,True
8.5,5,0.8,0.8828578950655372,0.6594025694507171,169.9489677698393,0.012249999999999999,0.010700020914859585,0.13072654801979505,0.13164817385009897,38.85096231410536,39,27,0,True
8.5,5,0.8,0.8864118050551573,0.6535416684492463,170.653318886309,0.012249999999999999,0.010695184221113785,0.12829005754349795,0.13018787929986436,39.11440973341174,39,27,0,False
8.5,5,0.8,0.8865230770881195,0.6775527704990008,170.28839822043895,0.012249999999999999,0.010718134405062129,0.13595420059918184,0.1355314841142989,38.09395282629221,39,27,0,False
8.5,5,0.8,0.8879157946930176,0.6650559815167532,169.96984427083578,0.012249999999999999,0.010706567868757622,0.13171252907579137,0.13282035799098477,38.61899430845176,39,27,0,True
8.5,5,0.8,0.8889742698915318,0.6668711314746518,169.96508214165252,0.012249999999999999,0.010708539705166272,0.13212094042561356,0.1332008757195265,38.54401582512343,39,27,0,True
8.5,5,0.8,0.8884800357185441,0.6518409176543986,171.09376471770676,0.012249999999999999,0.010694031425948988,0.12742245774064412,0.12971984467342665,39.194398623133075,39,27,0,False
8.5,5,0.8,0.8896799319140815,0.6598493588481529,170.1051525152448,0.012249999999999999,0.01070196957640261,0.12977022264992813,0.1316722483585675,38.84616764084415,39,27,0,True
8.5,5,0.8,0.8977923263410432,0.6801277195815478,169.98377518788547,0.012249999999999999,0.01072308568893982,0.13493163270791328,0.13598395750213885,38.00835577711446,39,27,0,True
8.5,5,0.8,0.8941487982440954,0.6584063077109891,170.2430365223541,0.012249999999999999,0.010701592336899176,0.1286020812510137,0.1313098438592013,38.918528933005355,39,27,0,True
8.5,5,0.8,0.8867011976991305,0.6687256231016343,169.87615227247196,0.012249999999999999,0.010709731946458344,0.13308746702268395,0.13362591770863602,38.46076881732476,39,27,0,True
8.5,5,0.8,0.8893949514615941,0.6743568900368198,169.8572346521543,0.012249999999999999,0.010715674361398184,0.13445464587634187,0.13481585625346296,38.230498189442976,39,27,0,True
8.5,5,0.8,0.8849156708599603,0.658733265196559,170.0118956831944,0.012249999999999999,0.010699842770165897,0.13017996121582023,0.1314807759887998,38.88434949652791,39,27,0,True
8.5,5,0.8,0.8889523994492426,0.6757990064246889,169.8302389509583,0.012249999999999999,0.010716961154909744,0.1349901742039629,0.13513126389317695,38.17013955537959,39,27,0,True
8.5,5,0.8,0.8845340290707752,0.6591344370858059,169.99487142452858,0.012249999999999999,0.010700141319226215,0.1303695108304835,0.13157195763093638,38.86615301920902,39,27,0,True
8.5,5,0.8,0.888573387771047,0.6529432136363393,170.85772447817592,0.012249999999999999,0.010695098982307171,0.12775674983543947,0.13000410758557215,39.14575963255904,39,27,0,False
8.5,5,0.8,0.8789803996761971,0.659654729703395,169.850941981689,0.012249999999999999,0.010699398663082418,0.1314389119244722,0.13174410485666485,38.831867075228665,39,27,0,True
8.5,5,0.8,0.8870101406420592,0.6652397106486362,169.94442539217368,0.012249999999999999,0.010706531906332516,0.1319184880157724,0.13286951636192096,38.609283816789436,39,27,0,True
8.5,5,0.8,0.8876381384611702,0.6561974515593858,170.1304531622374,0.012249999999999999,0.010698006804277765,0.12893699223656543,0.1308587506198297,39.00058945973182,39,27,0,False
8.5,5,0.8,0.8889834267950755,0.6665523106369103,169.9711235535728,0.012249999999999999,0.010708244321871846,0.1320172812702289,0.13313179522294474,38.557595834047575,39,27,0,True
8.5,5,0.8,0.8835635671381944,0.6903273017505143,172.36778713626535,0.012249999999999999,0.010729451079881703,0.14060026370982265,0.13832162049697572,37.57484866668226,39,27,0,False
8.5,5,0.8,0.879010676419957,0.6585803216862777,169.87314289578808,0.012249999999999999,0.010698391344119497,0.1310889900033466,0.13151054157609351,38.87840662986329,39,27,0,True
8.5,5,0.8,0.8919482073254986,0.6593419997498801,170.17173118428403,0.012249999999999999,0.01070200811357343,0.12924670952372105,0.13153693439891775,38.87313939161706,39,27,0,True
8.5,5,0.8,0.887635761823797,0.6614119700857884,170.02414394272742,0.012249999999999999,0.010702985376654163,0.1305965572444316,0.1320345187277568,38.774227740748174,39,27,0,True
8.5,5,0.8,0.8884294829566896,0.6714903966875879,169.87861670792367,0.012249999999999999,0.010712782139356603,0.13369042893820926,0.13420442533829763,38.348310555046645,39,27,0,True
8.5,5,0.8,0.8881182602475777,0.6608189078257315,170.04566023226664,0.012249999999999999,0.010702513524648974,0.13033050409946423,0.1319008539360015,38.800725285491794,39,27,0,True
8.5,5,0.8,0.8826226329041965,0.6591435521799188,169.94861429059262,0.012249999999999999,0.010699724839483194,0.1306817621718321,0.13159436104946137,38.86168596381769,39,27,0,True
8.5,5,0.8,0.8859111425583388,0.6636686678040962,169.94428506170826,0.012249999999999999,0.010704777161375988,0.13159491305097468,0.1325421929584281,38.67398300638287,39,27,0,True
8.5,5,0.8,0.8864957198206499,0.6625070400774543,169.97960197698058,0.012249999999999999,0.010703807022937089,0.13112866766280054,0.13228347065195917,38.72497647961648,39,27,0,True
8.5,5,0.8,0.8860549740988817,0.6590404113829567,170.03358268475986,0.012249999999999999,0.010700391626746786,0.13009424376908968,0.13153519692807714,38.87348607553458,39,27,0,True
8.5,5,0.8,0.8885447047825699,0.659896750731028,170.0763284900793,0.012249999999999999,0.010701756730800182,0.1299672820272223,0.1316948700688148,38.841663894339845,39,27,0,True
8.5,5,0.8,0.8906358031716226,0.6588107290099217,170.14986216646093,0.012249999999999999,0.010701200840647058,0.12928734566698352,0.13143572529529132,38.89334921196252,39,28,0,True
8.5,5,0.8,0.8808699631725555,0.6568553555552069,169.95309010800474,0.012249999999999999,0.010697168301250433,0.13023391435888199,0.13111528641595066,38.957322672801055,39,28,0,True
8.5,5,0.8,0.8882904787410234,0.6580103486485496,170.10945922251963,0.012249999999999999,0.01069991789594349,0.12940730200405617,0.131286925263197,38.92311844611172,39,28,0,True
8.5,5,0.8,0.8890901630803884,0.6597537998382107,170.09277563096623,0.012249999999999999,0.010701746960487079,0.12983420571290621,0.13165778079296864,38.84904878871386,39,28,0,True
8.5,5,0.8,0.8826782292898515,0.6648126960221026,169.8511787251497,0.012249999999999999,0.010705180641917488,0.13248694694219423,0.1328210625443309,38.61885508380877,39,28,0,True
8.5,5,0.8,0.883868542726349,0.6613296919981843,169.93552553708994,0.012249999999999999,0.01070206921425661,0.13117937169981045,0.13205638002333903,38.76989898424555,39,28,0,True
8.5,5,0.8,0.9051174549236671,0.6107787319825898,181.89061439883298,0.012249999999999999,0.010659561395905853,0.11221632601058831,0.11880795651753735,41.19588414231455,39,28,0,False
8.5,5,0.8,0.8911250009398398,0.6952921890240378,171.66929560264145,0.012249999999999999,0.010735760870520644,0.14093549565404884,0.13932390737424927,37.39127332206784,39,28,0,False
8.5,5,0.8,0.8911776079495015,0.6703438151639588,169.95804249030923,0.012249999999999999,0.01071229226397873,0.13287602910329863,0.1339300709304928,38.401522487022405,39,28,0,True
8.5,5,0.8,0.8881929256903436,0.6614371822890724,170.03711661569073,0.012249999999999999,0.010703134375402754,0.13051487999945457,0.13203407989404267,38.774314647430224,39,28,0,True
8.5,5,0.8,0.8900842771728159,0.6575533797716587,170.16456295241488,0.012249999999999999,0.010699903301447293,0.1289751234231089,0.13116743213063717,38.94707313124366,39,28,0,True
8.5,5,0.8,0.8883892842454136,0.6618778567698393,170.03466392618026,0.012249999999999999,0.010703609839604267,0.13062324703788203,0.1321274390298014,38.75582577404068,39,28,0,True
8.5,5,0.8,0.883931168927267,0.6592017057945139,169.978953785801,0.012249999999999999,0.01070007064792758,0.1304884486293276,0.13159303235435663,38.86195085239381,39,28,0,True
8.5,5,0.8,0.8916944551758553,0.6593645664526537,170.16500693517597,0.012249999999999999,0.010701971804938317,0.12929427968116156,0.13154461983922996,38.871605996796674,39,28,0,True
8.5,5,0.8,0.8875633698370656,0.6620640520736811,170.01190993679916,0.012249999999999999,0.010703608422838235,0.13081544410841117,0.1321764480355535,38.74612832000782,39,28,0,True
8.5,5,0.8,0.8941956231711792,0.6618863313074576,170.1751164623365,0.012249999999999999,0.010704925000470489,0.12969689063427667,0.13206743726894515,38.76770811204802,39,28,0,True
8.5,5,0.8,0.8903533601254471,0.663245352249899,170.0598822598297,0.012249999999999999,0.010705387285081872,0.13074169309342748,0.13240303330895825,38.701386406259864,39,28,0,True
8.5,5,0.8,0.8874149379200992,0.6596157977984707,170.05481800974948,0.012249999999999999,0.010701239969412208,0.13005902376002967,0.13164577765773075,38.85143963457612,39,28,0,True
8.5,5,0.8,0.8796257269300647,0.6590994692145986,169.8777654899769,0.012249999999999999,0.010699021066124982,0.1311550571980774,0.1316165959721146,38.857253999914484,39,28,0,True
8.5,5,0.8,0.8880218370878953,0.6747670576571767,169.82625743226063,0.012249999999999999,0.010715819374391028,0.13480936270499427,0.13491564662359012,38.21137122783412,39,28,0,True
8.5,5,0.8,0.8883699804973038,0.6599984535457754,170.06983159616362,0.012249999999999999,0.010701811643091726,0.13002780274418935,0.13171895624127375,38.8368702787089,39,28,0,True
8.5,5,0.8,0.8843371723395482,0.6584758662375627,170.0028442282711,0.012249999999999999,0.010699466795128478,0.13019125127809145,0.13143115086745735,38.89426338229832,39,28,0,True
8.5,5,0.8,0.8885425424565068,0.6581278255984242,170.11110332629121,0.012249999999999999,0.010700063846314665,0.1294052718773339,0.13131044028477035,38.91840951839207,39,28,0,True
8.5,5,0.8,0.8893184393713236,0.6578745689671345,170.13361569068476,0.012249999999999999,0.010699978691496487,0.12920160504864636,0.1312474992506306,38.931017347006055,39,28,0,True
8.5,5,0.8,0.8890694684327249,0.6791266401616384,170.03500266961782,0.012249999999999999,0.010720147158788431,0.13604216391059568,0.1358495617687841,38.03372109079766,39,28,0,False
8.5,5,0.8,0.8875291494360554,0.6681132779133407,169.90786229174853,0.012249999999999999,0.01070936414851056,0.13275480907689247,0.13348457460078927,38.48839293072664,39,28,0,True
8.5,5,0.8,0.8883056103571793,0.6763874522493789,169.83350063595134,0.012249999999999999,0.010717353229125554,0.1352870188995638,0.13526530268894404,38.14457373638701,39,28,0,False
8.5,5,0.8,0.8879252031230778,0.6588715527270493,170.08236265154247,0.012249999999999999,0.010700648979187552,0.1297400266800217,0.1314783510081947,38.88483377540059,39,28,0,True
8.5,5,0.8,0.8917521178778532,0.6588043029828048,170.17747529760157,0.012249999999999999,0.010701447539226847,0.12910751678064572,0.1314221426717751,38.8960637980088,39,28,0,True
8.5,5,0.8,0.8877949069916495,0.663777907638745,169.9869327911434,0.012249999999999999,0.010705298663550902,0.13132484296441002,0.13254641618600593,38.67315225904614,39,28,0,True
8.5,5,0.8,0.8850250311011588,0.6562137192316442,170.06385484945818,0.012249999999999999,0.010697442150359919,0.12936041802297996,0.13089694088021767,38.994139402720684,39,28,0,True
8.5,5,0.8,0.8875348749145369,0.6622515959454622,170.008292325092,0.012249999999999999,0.010703786391730129,0.13087963726370694,0.13221732969603178,38.73804449509658,39,28,0,True
8.5,5,0.8,0.8881421848194575,0.655795809821058,170.24041238122362,0.012249999999999999,0.01069779727084237,0.1287265313676875,0.13074581016424625,39.01968268620751,39,28,0,False
8.5,5,0.8,0.8894320124389636,0.6622643237343696,170.0535527245761,0.012249999999999999,0.01070422226541898,0.13057824334412385,0.13220010190674533,38.74145046427753,39,28,0,True
8.5,5,0.8,0.8892650078904155,0.6603974900627941,170.08282853585553,0.012249999999999999,0.010702382679961837,0.13001167860220122,0.13179647859477583,38.82145364684191,39,28,0,True
8.5,5,0.8,0.8832681672947739,0.634629500007112,174.80264720867487,0.012249999999999999,0.010676475245711648,0.1228178827313692,0.12534084032797324,39.96452539141449,39,28,0,False
8.5,5,0.8,0.8845704408740066,0.6598664123716773,169.98040900933606,0.012249999999999999,0.010700835173042992,0.13059781313913493,0.13173093314840392,38.834487290343915,39,28,0,True
8.5,5,0.8,0.8846686070404184,0.6560346333787034,170.0631271129678,0.012249999999999999,0.010697184141213652,0.1293609630267661,0.1308555255217274,39.00113429924438,39,28,0,False
8.5,5,0.8,0.8884069870969722,0.6766324600644331,169.8513627797906,0.012249999999999999,0.010717680754050355,0.135346042776081,0.13531494367101554,38.13511827091752,39,28,0,False
8.5,5,0.8,0.8794083831763249,0.6587358400308998,169.87969338409263,0.012249999999999999,0.010698627808845947,0.13107391761551854,0.13154001725728146,38.87252428001464,39,28,0,True
8.5,5,0.8,0.8881276376142299,0.6660581407731675,169.95374519987095,0.012249999999999999,0.010707525095696781,0.13200044484858658,0.13303573110414363,38.57650378606115,39,28,0,True
8.5,5,0.8,0.8888183617637845,0.658788844398668,170.10573546450715,0.012249999999999999,0.010700769847036684,0.12957070225266853,0.13145072839729877,38.89035138146418,39,28,0,True
8.5,5,0.8,0.8882318169657513,0.6580973535705527,170.1044586762049,0.012249999999999999,0.010699968589807604,0.12944514228804088,0.13130708123737428,38.91908207128479,39,28,0,True
8.5,5,0.8,0.891404863658634,0.6596674548969927,170.15148840358955,0.012249999999999999,0.010702191366410868,0.12943669313326836,0.13161381395757815,38.85780844197695,39,28,0,True
8.5,5,0.8,0.8869421451029491,0.6627639517513746,169.98637496071646,0.012249999999999999,0.01070415962922482,0.13113817781992354,0.13233435548689593,38.714931573332834,39,28,0,True
8.5,5,0.8,0.8888297999272202,0.6554901747085288,170.3274390261943,0.012249999999999999,0.010697645922934356,0.12852064135472832,0.13065810788023396,39.034528263482706,39,28,0,False
8.5,5,0.8,0.8869750101692557,0.663288949493484,169.97772077759757,0.012249999999999999,0.01070466726608771,0.13130053859731014,0.13244811337775794,38.6925029522238,39,28,0,True
8.5,5,0.8,0.886120508593753,0.6883774306678251,171.67716300045058,0.012249999999999999,0.010728205327417648,0.1395306719122187,0.1378781325898941,37.65607057258213,39,28,0,False
8.5,5,0.8,0.881122294492667,0.6559919691551919,169.97319498077914,0.012249999999999999,0.010696360885054157,0.12991886277889345,0.13089033537091835,38.995254800421186,39,28,0,True
8.5,5,0.8,0.886549539240327,0.660779329965588,170.00858097342586,0.012249999999999999,0.010702125038170827,0.13057048853474162,0.13190894817438334,38.79911917642506,39,28,0,True
8.5,5,0.8,0.8878085868868382,0.6636714999892923,169.98953330033493,0.012249999999999999,0.010705204475845623,0.13128847909981087,0.1325230041644046,38.677758278909515,39,28,0,True
8.5,5,0.8,0.8882666807436809,0.6686706883746378,169.91345483901932,0.012249999999999999,0.010710027403310599,0.13281460260600383,0.13359848598961674,38.466125510544806,39,28,0,True
8.5,5,0.8,0.8880067322464932,0.6582640117465394,170.09940953609512,0.012249999999999999,0.010700118032547012,0.12953245256020404,0.13134444927194106,38.91160212147978,39,28,0,True
8.5,5,0.8,0.8840838335997232,0.6597403226558984,169.9713755552156,0.012249999999999999,0.01070060936590701,0.13063614563755083,0.1317086450616709,38.838922190198886,39,28,0,True
8.5,5,0.8,0.887759159756219,0.6619927164029538,170.0177236365722,0.012249999999999999,0.010703581989852613,0.13076121409121366,0.1321589485743783,38.74959013310864,39,28,0,True
8.5,5,0.8,0.8815362234995302,0.6626122386598634,169.86099285227502,0.012249999999999999,0.010702818542906969,0.1319682344437315,0.13235763220323335,38.7103391968704,39,28,0,True
8.5,5,0.8,0.8840536163378961,0.6586125607435983,169.9933198596896,0.012249999999999999,0.010699534475317038,0.13028063861203915,0.13146385956328258,38.887728148500955,39,28,0,True
8.5,5,0.8,0.8875551378758266,0.6595516052790467,170.0595960132589,0.012249999999999999,0.010701211400602576,0.1300160043794244,0.13163027605656072,38.85452796409451,39,28,0,True
8.5,5,0.8,0.8903074994917327,0.6590279718904491,170.13763875607947,0.012249999999999999,0.010701336221539452,0.12940859108460498,0.13148648613977054,38.88320922541306,39,29,0,True
8.5,5,0.8,0.888449413720902,0.6578376182772119,170.11303590803723,0.012249999999999999,0.01069974772254176,0.12932869726841778,0.13124895319553967,38.93072596900494,39,29,0,True
8.5,5,0.8,0.8884164789613896,0.6645871091817863,169.99181071300063,0.012249999999999999,0.010706254249440989,0.13148083056349,0.13271344311726624,38.64013857569794,39,29,0,True
8.5,5,0.8,0.8860802728409571,0.660496652267258,170.00305386463435,0.012249999999999999,0.010701755029235416,0.1305558326541193,0.13185235735895837,38.8103523804707,39,29,0,True
8.5,5,0.8,0.8840612549795132,0.6565655506010633,170.03463835815077,0.012249999999999999,0.010697580530791461,0.12962669503638152,0.1309998612007408,38.97677254198523,39,29,0,True
8.5,5,0.8,0.8845240969444469,0.6608958789994022,169.9581760903237,0.012249999999999999,0.010701789524494854,0.1309348771083865,0.13195559734418277,38.789866572766456,39,29,0,True
8.5,5,0.8,0.888461076827407,0.599338554684167,184.29504301981805,0.012249999999999999,0.010645046050348408,0.11115074120817023,0.11615041225619614,41.726613046782056,39,29,0,False
8.5,5,0.8,0.8938734201634138,0.6885813417367411,170.3551535292685,0.012249999999999999,0.010730121412638106,0.1382978376740689,0.13785574627998076,37.66017811176323,39,29,0,False
8.5,5,0.8,0.89006767992692,0.6770108166595978,169.83930653869598,0.012249999999999999,0.010718343728152956,0.13519719945018263,0.13538325233371903,38.12211831201414,39,29,0,True
8.5,5,0.8,0.8880985604122271,0.6697120806906609,169.89951780353016,0.012249999999999999,0.010711043995878576,0.1331729943480663,0.1338228912424247,38.42236946154224,39,29,0,True
8.5,5,0.8,0.8825505276464554,0.6592466565462879,169.94479087140172,0.012249999999999999,0.010699806161324701,0.1307264620904294,0.1316175388470705,38.85706609477558,39,29,0,True
8.5,5,0.8,0.8881964859489003,0.6643086148452847,169.9822531605001,0.012249999999999999,0.010705841561417129,0.13143161225582534,0.13265878563438352,38.65096121574958,39,29,0,True
8.5,5,0.8,0.8907384716445919,0.6587214093348603,170.15421227351277,0.012249999999999999,0.01070113902722408,0.12924262254248153,0.13141516812507445,38.89745792873226,39,29,0,True
8.5,5,0.8,0.8814636863449274,0.6595860465154643,169.91165692891477,0.012249999999999999,0.010699883055260827,0.13101182649975898,0.13170292076098317,38.840061456519685,39,29,0,True
8.5,5,0.8,0.8871982561466171,0.6608981524007742,170.0221684300958,0.012249999999999999,0.010702385545626749,0.13050372126327808,0.1319278118130912,38.79537689578107,39,29,0,True
8.5,5,0.8,0.8785927502561974,0.6588704339135634,169.85770593861236,0.012249999999999999,0.010698577270291002,0.13125021435929515,0.131577807951413,38.86498636804954,39,29,0,True
8.5,5,0.8,0.8922000647825667,0.6615337730514684,170.1324181869908,0.012249999999999999,0.010704128645011902,0.12990335048050075,0.1320123178171727,38.77862513151597,39,29,0,True
8.5,5,0.8,0.8866567211868686,0.6595550262511749,170.0376510794888,0.012249999999999999,0.010701012583937686,0.1301615776828665,0.13164069836642675,38.85245148429265,39,29,0,True
8.5,5,0.8,0.8857939380390984,0.6591886791421929,170.02428385114152,0.012249999999999999,0.010700474132778408,0.1301835706994633,0.13157023166271747,38.866497225668944,39,29,0,True
8.5,5,0.8,0.8869804228564593,0.673033852102166,169.82287153331927,0.012249999999999999,0.010713916281845795,0.13442426365827026,0.13455211533970646,38.281185766651866,39,29,0,True
8.5,5,0.8,0.8883289916150856,0.6687412863772688,169.91366301803657,0.012249999999999999,0.01071010684087348,0.13282714066638432,0.13361315287396922,38.463261180571834,39,29,0,True
8.5,5,0.8,0.8839606273931269,0.6611853657696694,169.94003641802684,0.012249999999999999,0.010701948209855525,0.13111843348942173,0.13202418160396173,38.77627505841274,39,29,0,True
8.5,5,0.8,0.887877864251744,0.668448466826068,169.91257497498998,0.012249999999999999,0.010709780160451036,0.13280456403393065,0.13355278510316287,38.47505457166993,39,29,0,True
8.5,5,0.8,0.8878933584496516,0.6739443600772027,169.83184025752044,0.012249999999999999,0.010714986314375913,0.13456689986636178,0.13473989916430296,38.24507589611383,39,29,0,True
8.5,5,0.8,0.8865210638033021,0.6575358361792369,170.07632175023952,0.012249999999999999,0.010699073011887867,0.12953965599969278,0.13120292184137286,38.939954006741566,39,29,0,True
8.5,5,0.8,0.8883491985367363,0.6642182926491784,169.987360731239,0.012249999999999999,0.010705788444078603,0.13137813841436863,0.13263777473289265,38.655123926281064,39,29,0,True
8.5,5,0.8,0.8887698613229655,0.6690362918092051,169.9261144800196,0.012249999999999999,0.010710557709047079,0.13284679591100615,0.13367012204395062,38.45214149239374,39,29,0,True
8.5,5,0.8,0.8853796214584532,0.6587451269055036,170.02289895995008,0.012249999999999999,0.010699957570345598,0.1301089530250716,0.13147836514148392,38.884830952871546,39,29,0,True
8.5,5,0.8,0.8909458419427984,0.6585586743489723,170.1604313230933,0.012249999999999999,0.01070100729420124,0.12915891713331035,0.13137824288501482,38.904841307577236,39,29,0,True
8.5,5,0.8,0.8875068435686894,0.6694508907876588,169.88999538506772,0.012249999999999999,0.010710667028090134,0.13318568053772148,0.13377228048197262,38.43222509033375,39,29,0,True
8.5,5,0.8,0.884447050113769,0.6493668112085084,171.49511627865567,0.012249999999999999,0.010690803859417532,0.1272771347877384,0.129133406337466,39.29530668734664,39,29,0,False
8.5,5,0.8,0.8879194641204408,0.655833447676489,170.2249853891357,0.012249999999999999,0.010697785088676344,0.12877391495312626,0.13075841626123325,39.0175501885737,39,29,0,False
8.5,5,0.8,0.8881567449876597,0.657917845246399,170.10979773628873,0.012249999999999999,0.010699818010410032,0.12939852657755524,0.13126769176227635,38.926971239109385,39,29,0,True
8.5,5,0.8,0.8880242660669319,0.6688970749624997,169.91117986967643,0.012249999999999999,0.010710262572599289,0.1329234596132298,0.13364739324938205,38.45657674142243,39,29,0,True
8.5,5,0.8,0.8890311987699726,0.6587729310652953,170.11123842733983,0.012249999999999999,0.010700802330126439,0.1295316036668714,0.13144496684944557,38.89150253914854,39,29,0,True
8.5,5,0.8,0.8870138559556245,0.7015800817832762,173.1966285885891,0.012249999999999999,0.010740699800998866,0.14368933019045735,0.14070411066705216,37.142743836143055,39,29,0,False
8.5,5,0.8,0.8842654682911756,0.6598631865410791,169.9731133705867,0.012249999999999999,0.01070076402487993,0.13064611974333787,0.13173348602409998,38.833979412459456,39,29,0,True
8.5,5,0.8,0.8844702159839803,0.6580282841860543,170.01241926599823,0.012249999999999999,0.0106990419738286,0.13002817170106168,0.13133342127284878,38.913809152770085,39,29,0,True
8.5,5,0.8,0.8891718448414397,0.6521158165482484,171.05847048590573,0.012249999999999999,0.010694449138100462,0.12739999497783686,0.1297816775293941,39.1838035204563,39,29,0,False
8.5,5,0.8,0.8862959062903263,0.6589242307225532,170.0417030607253,0.012249999999999999,0.010700334448511636,0.13001845690327557,0.13150737011261612,38.87903970302782,39,29,0,True
8.5,5,0.8,0.8886237152886252,0.6672604778982543,169.94832418459882,0.012249999999999999,0.010708809037828903,0.13230328800581811,0.13328917050213465,38.526679111594845,39,29,0,True
8.5,5,0.8,0.8851809382839149,0.6593385464823212,170.00636284885815,0.012249999999999999,0.010700478568003102,0.13033027301618919,0.13160941295683928,38.858685587758785,39,29,0,True
8.5,5,0.8,0.8877946956387169,0.6616837067546557,170.02352844180197,0.012249999999999999,0.01070328688968707,0.13065730444213494,0.13209168663651633,38.76290464160253,39,29,0,True
8.5,5,0.8,0.8936945539604929,0.6582572745271256,170.2374303093255,0.012249999999999999,0.01070137417143754,0.12862567442215894,0.1312815234881236,38.924200398878334,39,29,0,True
8.5,5,0.8,0.8869514297922094,0.6684955834220734,169.89075349380377,0.012249999999999999,0.010709624585928997,0.13297045537612087,0.13357201077534955,38.47129750707673,39,29,0,True
8.5,5,0.8,0.888809667208592,0.6685924182880977,169.92750224661535,0.012249999999999999,0.01071007539297476,0.13270113575042827,0.13357612071121971,38.47049448701124,39,29,0,True
8.5,5,0.8,0.8870851199478014,0.6550468969115772,170.35949751638705,0.012249999999999999,0.010696812602991745,0.12865875639557203,0.1305670183846276,39.04996483027085,39,29,0,False
8.5,5,0.8,0.8990263235671884,0.6195938966718888,179.2201561314688,0.012249999999999999,0.010666107963573777,0.11577897143190634,0.1212028057269745,40.73297066082777,39,29,0,False
8.5,5,0.8,0.8936643012000637,0.660143790025746,170.19688008001143,0.012249999999999999,0.010703151270444989,0.12922854179131216,0.1316932090699337,38.84199452957606,39,29,0,True
8.5,5,0.8,0.8834536945610031,0.6641620876003229,169.87278172677097,0.012249999999999999,0.010704650339613517,0.13215500321108867,0.13267574432822626,38.64760229706213,39,29,0,True
8.5,5,0.8,0.8882336805206068,0.6558801924174964,170.22607157786825,0.012249999999999999,0.010697902070820147,0.1287385718725059,0.1307663256169416,39.01621238568317,39,29,0,False
8.5,5,0.8,0.8881145236169325,0.6619156863361736,170.02746561307416,0.012249999999999999,0.01070358562649327,0.1306794937741008,0.13213852905374893,38.75363075577747,39,29,0,True
8.5,5,0.8,0.886724132079794,0.663648784469271,169.96408910353975,0.012249999999999999,0.01070494068332636,0.1314566972583722,0.13252937328273512,38.67650507528033,39,29,0,True
8.5,5,0.8,0.8911054151844758,0.6610639211179645,170.11379886255165,0.012249999999999999,0.010703422930992681,0.12992938381972963,0.1319220772163649,38.79651444666302,39,29,0,True
8.5,5,0.8,0.8884638105035794,0.6639046657503338,170.00024167556637,0.012249999999999999,0.010705564668495975,0.13125741967575544,0.13256714133986197,38.66907619405617,39,29,0,True
8.5,5,0.8,0.8811210263319804,0.6586823370144474,169.92158002680912,0.012249999999999999,0.010698953162257082,0.13077799280500485,0.13151026671475402,38.87846149523641,39,29,0,True
8.5,5,0.8,0.883050670649314,0.6589088824226196,169.96355656651662,0.012249999999999999,0.010699596870014073,0.13053736534499533,0.1315388349721962,38.872760173701586,39,29,0,True
8.5,5,0.8,0.8876850388045304,0.662467094290889,170.00855392666585,0.012249999999999999,0.01070403191328814,0.13092388886140394,0.13226237726175946,38.7291426650672,39,29,0,True
8.5,5,0.8,0.886978875393706,0.6595447360407234,170.04570590676113,0.012249999999999999,0.010701075338395821,0.1301064538759711,0.13163498905761362,38.853588932963625,39,30,0,True
8.5,5,0.8,0.8877613139367045,0.6633184680859965,169.99592509600143,0.012249999999999999,0.01070487060269151,0.13118285411781153,0.13244632295571515,38.692855657324124,39,30,0,True
8.5,5,0.8,0.888319819379288,0.6602831470146139,170.0622951348599,0.012249999999999999,0.010702063425261303,0.13012683877979145,0.13178167762780368,38.824395677498956,39,30,0,True
8.5,5,0.8,0.8868759804742992,0.6585227670239957,170.0636104432557,0.012249999999999999,0.010700079265113415,0.1297974455727188,0.13141394835284112,38.897701762128385,39,30,0,True
8.5,5,0.8,0.8845481802771732,0.6654494346998789,169.88189201155308,0.012249999999999999,0.010706173950737053,0.13238676888768006,0.13294008274241498,38.59535705651464,39,30,0,True
8.5,5,0.8,0.8831321246102672,0.6580676827795461,169.98473854580396,0.012249999999999999,0.010698840677215158,0.13025433314527612,0.13135451004744952,38.90958898202516,39,30,0,True
8.5,5,0.8,0.8838437520804421,0.6898597670471373,172.26005680744427,0.012249999999999999,0.010729081410754713,0.14039975668808066,0.13821854748513826,37.593771690596576,39,30,0,False
8.5,5,0.8,0.8843369273970453,0.6633853457787992,169.91284116704935,0.012249999999999999,0.010704167084609523,0.13175961886395213,0.13249667218966724,38.68294069343722,39,30,0,True
8.5,5,0.8,0.8871543425305494,0.6650796981224745,169.95123327751298,0.012249999999999999,0.01070641884093546,0.13184360672866804,0.13283332030541153,38.61643310144756,39,30,0,True
8.5,5,0.8,0.8881831491280041,0.6763832502324281,169.85411980966276,0.012249999999999999,0.010717322064386008,0.13530585516447802,0.13526554721419995,38.14452714303679,39,30,0,False
8.5,5,0.8,0.8830719328897051,0.6603325611517171,169.93410374602513,0.012249999999999999,0.010700931074141329,0.13099020774262976,0.1318485672983465,38.81110504489384,39,30,0,True
8.5,5,0.8,0.888302809928321,0.6665028253759926,169.95603071435139,0.012249999999999999,0.0107080468581052,0.13211172081310527,0.13312797727876585,38.558346785504604,39,30,0,True
8.5,5,0.8,0.8881426592441144,0.6610669882689542,170.0420598082175,0.012249999999999999,0.010702761207069068,0.1304053786936767,0.1319543724010057,38.79010945036672,39,30,0,True
8.5,5,0.8,0.882164768381982,0.6590203978215003,169.9400758572731,0.012249999999999999,0.010699506686701889,0.1307166236590164,0.13157248770826094,38.86604730872896,39,30,0,True
8.5,5,0.8,0.8915817015934853,0.6617736378426812,170.11338751352787,0.012249999999999999,0.010704223761584466,0.13007810363538594,0.13207097379457014,38.767007465155395,39,30,0,True
8.5,5,0.8,0.8722354113759694,0.6573648136523258,170.3727553837775,0.012249999999999999,0.010695766344751315,0.13181026345044397,0.13131850766932981,38.91679439585928,39,30,0,False
8.5,5,0.8,0.8870400604913448,0.6676978017515038,169.902694256765,0.012249999999999999,0.010708856781844408,0.13270150952904664,0.13339995053218273,38.50495985134686,39,30,0,True
8.5,5,0.8,0.8877538072807505,0.6593809470686881,170.0680171675785,0.012249999999999999,0.01070109570815802,0.12992966398813718,0.13159095780654775,38.86236444475366,39,30,0,True
8.5,5,0.8,0.8889054829956009,0.6592756942268315,170.098320906484,0.012249999999999999,0.010701255791504475,0.12971146705047482,0.13155558873771617,38.86941779675453,39,30,0,True
8.5,5,0.8,0.8885322992935532,0.6558364702789501,170.2453695462065,0.012249999999999999,0.010697925215766894,0.12867720192939924,0.13075115424212794,39.01877861876164,39,30,0,False
8.5,5,0.8,0.8882384788235701,0.661328279208259,170.04001105348917,0.012249999999999999,0.01070303802307457,0.13047296158164087,0.13200999240825032,38.77908581615093,39,30,0,True
8.5,5,0.8,0.8838887577290094,0.6588498659904163,169.98488568122667,0.012249999999999999,0.010699726484000836,0.13038293017768818,0.1315170709862409,38.877103354199626,39,30,0,True
8.5,5,0.8,0.8873088143118727,0.6647068138935097,169.96283153056768,0.012249999999999999,0.010706114602755229,0.13169863829457623,0.1327508330121372,38.63274020102865,39,30,0,True
8.5,5,0.8,0.8872588975935706,0.6799895033256693,170.45655124938835,0.012249999999999999,0.010720606492098824,0.13661876823504274,0.1360513517373907,37.995654785661074,39,30,0,False
8.5,5,0.8,0.8887743537019602,0.6520255523581187,171.06397695539286,0.012249999999999999,0.010694273058491816,0.12743432875363875,0.12976369012347524,39.18688480457406,39,30,0,False
8.5,5,0.8,0.8895849472456279,0.6574624200163909,170.15390251684732,0.012249999999999999,0.01069970120979146,0.12902593541186097,0.1311532125530731,38.94992660977276,39,30,0,True
8.5,5,0.8,0.8881024196280083,0.6472445553249854,172.09530120725938,0.012249999999999999,0.010689602765340407,0.12602847348856772,0.1285347952127946,39.39910283298948,39,30,0,False
8.5,5,0.8,0.8872137293175247,0.6595838263685639,170.0505959293571,0.012249999999999999,0.010701164767974737,0.13008116401645822,0.13164097760105886,38.85239585572024,39,30,0,True
8.5,5,0.8,0.8796749090617488,0.6590745060275769,169.87943768212358,0.012249999999999999,0.010699008318267348,0.13113902449189116,0.13161065594411894,38.85843784704688,39,30,0,True
8.5,5,0.8,0.8868868332118302,0.654098052390131,170.5515849727298,0.012249999999999999,0.010695830872645924,0.12839051901428156,0.13032521028243496,39.091030459252124,39,30,0,False
8.5,5,0.8,0.8876271788977709,0.6598784272893871,170.05433331181982,0.012249999999999999,0.010701532604939801,0.13010878588597988,0.1317007662791647,38.840490273006544,39,30,0,True
8.5,5,0.8,0.8876718841900211,0.6582897966649198,170.0898889428597,0.012249999999999999,0.010700058738626946,0.12959465888363972,0.131353964423711,38.909698152289735,39,30,0,True
8.5,5,0.8,0.888596904119436,0.6618494115478232,170.0401073362516,0.012249999999999999,0.010703628316094711,0.13058080892465979,0.13211908653973703,38.757479201417,39,30,0,True
8.5,5,0.8,0.8875493986778137,0.6716358423777572,169.85712905391242,0.012249999999999999,0.010712734163464068,0.13388074587688298,0.13424411802510192,38.340629989115854,39,30,0,True
8.5,5,0.8,0.8879045487664533,0.6614128214624262,170.03058580171535,0.012249999999999999,0.010703046165429327,0.13055354916803788,0.13203185653989885,38.77475496957114,39,30,0,True
8.5,5,0.8,0.8952937490229781,0.7086657729844047,172.64102409022902,0.012249999999999999,0.010748973112319649,0.1445919716646895,0.14216922041174168,36.88416865235787,39,30,0,False
8.5,5,0.8,0.8915763520436683,0.6596397244020348,170.15630945401776,0.012249999999999999,0.010702204387529756,0.12940053201722215,0.13160589558907423,38.85938666213171,39,30,0,True
8.5,5,0.8,0.8896798269999225,0.664749408764481,170.01855918851754,0.012249999999999999,0.010706686085686005,0.1313288633078237,0.1327356077905698,38.63575232686804,39,30,0,True
8.5,5,0.8,0.8885592887054578,0.664256956227001,169.9917190066114,0.012249999999999999,0.010705872587742901,0.13135652463276024,0.13264393281612757,38.65390374106405,39,30,0,True
8.5,5,0.8,0.8896450319439011,0.6589045723556669,170.12377359715123,0.012249999999999999,0.010701067861269902,0.1294752359656597,0.1314668785900292,38.8871251066259,39,30,0,True
8.5,5,0.8,0.8884149882164637,0.656779716938036,170.13699550729683,0.012249999999999999,0.0106987611862823,0.1289968716736537,0.13099851560012224,38.97699945278484,39,30,0,True
8.5,5,0.8,0.8845804896131046,0.6595865496494423,169.98664740894455,0.012249999999999999,0.01070057695021469,0.1305065658427902,0.1316698369190416,38.84664782401645,39,30,0,True
8.5,5,0.8,0.8875475011116886,0.6612411050282501,170.02484159284188,0.012249999999999999,0.01070279856141037,0.13055647348670069,0.13199842708199724,38.78137725180337,39,30,0,True
8.5,5,0.8,0.8851445355040927,0.6583881955098475,170.0223937458334,0.012249999999999999,0.01069954436086603,0.1300338835266935,0.13140402235314133,38.89968614440381,39,30,0,True
8.5,5,0.8,0.8873314486401676,0.662165798990804,170.0047688205424,0.012249999999999999,0.010703656768843035,0.13088518819309025,0.13220090295044504,38.741292076749495,39,30,0,True
8.5,5,0.8,0.8879929961037321,0.6705583397698223,169.88154554892287,0.012249999999999999,0.010711793790865563,0.13346295525336882,0.13400762446141662,38.386458693302515,39,30,0,True
8.5,5,0.8,0.8864874451974112,0.6635409007501188,169.9607299819231,0.012249999999999999,0.01070478902812417,0.13146039640102275,0.132508264884425,38.680658875063145,39,30,0,True
8.5,5,0.8,0.8966650287471842,0.6353338055170338,175.1688225278525,0.012249999999999999,0.010680229622744805,0.1209823999422864,0.12532079090089482,39.96815041690515,39,30,0,False
8.5,5,0.8,0.8861936525309295,0.6591998329475814,170.0337591240893,0.012249999999999999,0.010700574188084847,0.13012274868547882,0.13156835939935307,38.86687061763535,39,30,0,True
8.5,5,0.8,0.8831417246904181,0.6658655350494471,169.84040275867656,0.012249999999999999,0.010706241042474949,0.13275095295770006,0.13304447016513676,38.5747825794463,39,30,0,True
8.5,5,0.8,0.8880293274532415,0.6721664416730508,169.86496412694243,0.012249999999999999,0.010713390615813162,0.13397056219981693,0.13435254533711377,38.31967227815528,39,30,0,True
8.5,5,0.8,0.8875901887350173,0.6670484865722462,169.9299050759342,0.012249999999999999,0.010708402934679565,0.13240223276936536,0.13325303212428422,38.53377211961931,39,30,0,True
8.5,5,0.8,0.8866986565265993,0.6584905526825816,170.05994752772332,0.012249999999999999,0.010700008922942723,0.12981566384291393,0.13140886258358095,38.898718459786956,39,30,0,True
8.5,5,0.8,0.8888476613704134,0.6612605920028505,170.05581014328814,0.012249999999999999,0.010703108030202468,0.1303535507182388,0.13198884703970049,38.78327564555313,39,30,0,True
8.5,5,0.8,0.8861173485144143,0.6626684318621006,169.96819324323005,0.012249999999999999,0.010703882393016602,0.13124121214815182,0.13232231249152174,38.71730822427599,39,30,0,True
8.5,5,0.8,0.8846908678559956,0.660235074823913,169.9752565557126,0.012249999999999999,0.010701202894113578,0.13069651227523768,0.13181007126629346,38.818752370841956,39,30,0,True
8.5,5,0.8,0.8858522573875046,0.658905373955971,170.03130194560086,0.012249999999999999,0.01070021718969047,0.13008385609135642,0.1315080509597285,38.87890379285382,39,30,0,True
8.5,5,0.8,0.8880230234354404,0.6618215002949722,170.02678111042877,0.012249999999999999,0.010703472843243236,0.13066430887194438,0.13211910555149417,38.757475437685486,39,30,0,True
8.5,6,0.8,1.05,0.7616584391309187,172.999349528897,0.011,0.010395812198838528,0.1414707483682728,0.15563143991607828,34.6303771914611,39,1,0,True
8.5,6,0.7198287845738189,0.8555533708068948,0.8786312477294781,269.31646168029926,0.011,0.010949122974883931,0.22794807615489118,0.15825676316623638,34.208205546477274,39,1,0,False
8.5,6,0.7969326894915127,1.05,1.0647714069105285,212.50608631761241,0.011,0.010477382596005311,0.24028324076592,0.20497634223550323,27.645219992878634,39,1,0,False
8.5,6,0.6958434587968266,0.8013450139839,0.6607436236673492,285.42351720258506,0.011,0.010959537146533414,0.15991791316291343,0.11190759856239792,42.620732795586655,39,1,0,False
8.5,6,0.6877277425965658,1.015527125397954,0.8577040002819902,257.31026598956333,0.011,0.011237198159530858,0.188740356330786,0.14682638285864466,36.09542229060687,39,1,0,False
8.5,6,0.7808835085922119,1.05,0.8872420059769556,186.47565102218988,0.011,0.01058255787999873,0.1829011593937352,0.17492206459647847,31.68915662556929,39,1,0,False
8.5,6,0.8,0.8211703925784434,0.5,211.88862406266892,0.011,0.010129434273887464,0.09458371534561044,0.09517248306473507,46.539477329930264,39,1,0,False
8.5,6,0.7972953399755904,1.05,0.9497341753518771,189.3882581865725,0.011,0.010488253674236538,0.201644379240237,0.18842967992894258,29.74642255898421,39,1,0,False
8.5,6,0.7890988281503089,0.9157449223859513,0.8814695437023616,204.52589502106082,0.011,0.010488583389548237,0.20663613415224183,0.1758016208179338,31.554679295929727,39,1,0,False
8.5,6,0.6709212765994204,1.05,0.7306017707662683,257.53954285472383,0.011,0.011287605542502546,0.14215163834887434,0.11806675562132614,41.34820897774556,39,1,0,False
8.5,6,0.7847803193311068,0.9134314210231006,1.142031616437854,269.9197363346395,0.011,0.010491979274764583,0.3057673783210358,0.21083271251816058,26.968572163516107,39,1,0,False
8.5,6,0.7779401080583058,1.05,0.8981427090909042,190.1310252277348,0.011,0.010605104938985076,0.18676622569024687,0.17600825378169285,31.524168104776088,39,1,0,False
8.5,6,0.8,0.820402831876937,0.7472541419687424,193.9913683073058,0.011,0.010330834917120016,0.17770962692438996,0.15403037834400007,34.89567564065149,39,1,0,False
8.5,6,0.7813199657562561,0.9838694285622169,0.8570125746835598,191.42904596317456,0.011,0.010548656384786078,0.18495775337199147,0.17011478525266,32.420694134086446,39,1,0,False
8.5,6,0.5548983707931427,0.9334949225252729,0.9658067317848243,555.1571976556828,0.011,0.012525836268802201,0.26219563916128114,0.1228108096662561,40.44194993069105,39,1,0,False
8.5,6,0.8,0.7644322179546349,0.8774100369174999,233.5159474382602,0.011,0.010382829314709829,0.24278976830862103,0.17685917203363957,31.393525817757375,39,1,0,False
8.5,6,0.707227961371027,0.8981779787470896,0.6304025512181864,251.06698302220062,0.011,0.010855650754868577,0.13040614111532536,0.10696952799803852,43.6898250334088,39,1,0,False
8.5,6,0.7643499839698745,0.7999511336122813,0.9785026694111483,274.4911684636207,0.011,0.010638409407448526,0.2783957678796769,0.1834902270339168,30.42853691540659,39,1,0,False
8.5,6,0.7445345262031955,1.05,0.7842948908314464,190.53185317203628,0.011,0.010776852477490691,0.15319221830469124,0.1475957923807814,35.964911166334204,39,1,0,False
8.5,6,0.7865231963939849,0.7335737552847326,0.9618151793177738,274.4958608989717,0.011,0.010475103661119683,0.29070435193506466,0.18571430358541421,30.116438858332216,39,1,0,False
8.5,6,0.7880716963864405,0.5481440975848925,1.0126658782070863,379.20885952927847,0.011,0.010416084975555143,0.40561482290225415,0.18931278594954845,29.62853328217795,39,1,0,False
8.5,6,0.7820707866848496,0.4607549007233907,0.9838738573834026,443.45401049468234,0.011,0.010436413007929224,0.45631613577232405,0.1821922580495604,30.611427756166087,39,1,0,False
8.5,6,0.7050818126927734,0.7295239572390269,1.0330493208171692,379.82949653167867,0.011,0.011043140350901346,0.336615801530244,0.17453691834803847,31.753164013144648,39,1,0,False
8.5,6,0.7354812948697285,0.681153678914812,0.8798565420306507,317.48949845147234,0.011,0.010792633837507509,0.28083834167175326,0.16096242561730076,33.781492705516634,39,1,0,False
8.5,6,0.8,1.05,0.958850392382867,189.65328519635366,0.011,0.010471585750828278,0.20435284382862656,0.19045422940274775,29.47545060510804,39,1,0,False
8.5,6,0.7236293959748662,0.9424956451088713,0.8804872065591726,243.91969504400282,0.011,0.010946756351789261,0.2077550292866817,0.15982834589497272,33.958923608656484,39,1,0,False
8.5,6,0.8,0.7498703704762202,0.8753466444721482,237.2994528381063,0.011,0.010379240714310959,0.2463994077594083,0.17644615337171113,31.456580309099415,39,1,0,False
8.5,6,0.7866873526608431,0.700241750139593,0.7445557124423415,234.46768091412113,0.011,0.010395747586398467,0.208697011673086,0.15069458031802735,35.46045307889013,39,1,0,False
8.5,6,0.7217830573094551,0.9898205507040959,0.8695576474709901,232.6150950176796,0.011,0.010970578747030358,0.1943005356017223,0.15761043696498417,34.31208151787756,39,1,0,False
8.5,6,0.7640937035696082,0.9753863023684473,0.9888084318651433,231.45521495887368,0.011,0.010687887226185099,0.2347763631071113,0.186198303597297,30.051571209222562,39,1,0,False
8.5,6,0.8,0.8844488532101717,0.8002330527948162,189.47596539465354,0.011,0.010376127835660448,0.18309221586675065,0.1640171378375057,33.309831961968406,39,1,0,False
8.5,6,0.8,0.8467071557596719,1.2864898677136778,322.53400604821644,0.011,0.010269337778557576,0.38471969496937536,0.22920410279108375,24.941310726172627,39,1,0,False
8.5,6,0.7076817536742951,0.8015836029025283,0.7168380604645118,266.3758467066425,0.011,0.010924197313946882,0.17981261116127556,0.12659959643380403,39.743562516608534,39,1,0,False
8.5,6,0.8,1.0237839387634748,0.5,229.86840179815,0.011,0.010152556611330138,0.07080793917327165,0.08799197908532672,48.18824698904582,39,1,0,False
8.5,6,0.673761737728971,1.05,0.7577000485857469,251.81291838529123,0.011,0.011290945502581211,0.15064216991318655,0.12454208484817265,40.11605928341893,39,1,0,False
8.5,6,0.7072784992950306,0.9865440487731265,1.09465011735908,304.70759586611314,0.011,0.011085507197423952,0.2783602057810783,0.1854670957769057,30.155826262383425,39,1,0,False
8.5,6,0.8,0.5635868043960646,0.9900070558138648,349.27568790290854,0.011,0.010349336790162983,0.38159128363937944,0.18975222961862384,29.568824616804548,39,1,0,False
8.5,6,0.8,0.6980346627007545,0.9232031542044651,266.4626235026819,0.011,0.010378569172455807,0.28481520591444853,0.18298041440905233,30.498685188664517,39,1,0,False
8.5,6,0.7875968172301241,1.0032488384308964,0.7398689055186831,173.7980971286708,0.011,0.010442877873586042,0.14275645272695073,0.1488267237845894,35.76070961195744,39,1,0,True
8.5,6,0.7336073899916754,0.8548275334739291,1.03075316821375,298.5172870953493,0.011,0.01086653971220046,0.28705478102057264,0.18329342892238654,30.458514610898806,39,1,0,False
8.5,6,0.8,0.9188710920234207,0.8798202564207444,197.39717640170954,0.011,0.010419813220422477,0.2041234577263109,0.17790615544558208,31.23514413630334,39,1,0,False
8.5,6,0.8,1.05,0.7854445780381116,173.13987301487984,0.011,0.010411895572831405,0.14877448216587652,0.16043406867129875,33.859770440761395,39,1,0,True
8.5,6,0.8,0.9696004478736344,0.887458622099471,189.534955121175,0.011,0.010435916453282186,0.19615805099633832,0.17917910275474863,31.04568295004211,39,1,0,False
8.5,6,0.8,1.05,0.8507106512662034,174.02640368379787,0.011,0.010446409499744421,0.16924402817962336,0.1730263337503133,31.982380804668534,39,1,0,True
8.5,6,0.7126545887478056,0.8890777604784035,1.0526614561022487,314.82713788159907,0.011,0.011029130997009603,0.2885413052502442,0.18096378275498654,30.791356219281383,39,1,0,False
8.5,6,0.7745917005372597,0.9938352516501247,0.8759057234143127,197.00633014830905,0.011,0.010603176228166436,0.19016266915970276,0.17183297792245147,32.17348801310963,39,1,0,False
8.5,6,0.7361318070090103,1.05,0.6303756117829993,204.65122712469181,0.011,0.010685865851931675,0.10695655114862354,0.11103837567518986,42.807413602125436,39,1,0,False
8.5,6,0.8,0.8330480130341213,0.8080034867126199,201.6603130873524,0.011,0.010369156960562198,0.19729975926415036,0.1654715094122967,33.09254099083914,39,1,0,False
8.5,6,0.8,0.8837146400088216,0.8297558346536299,194.63749854347438,0.011,0.010391085253907202,0.19382198542196985,0.1695633047659501,32.49752035784132,39,1,0,False
8.5,6,0.7069004023193997,0.899120600495518,0.9578879509620026,290.1680927841023,0.011,0.01108021831585288,0.24914461981875202,0.16721911130560022,32.841031687039816,39,1,0,False
8.5,6,0.7297043811186782,0.9210062907701833,0.7407998510625751,217.17050189375507,0.011,0.010809730599534197,0.1619211191854753,0.13630559744408421,37.95160653188963,39,1,0,False
8.5,6,0.7491001445295804,0.9108099221792026,0.9102826014245704,237.91813019354376,0.011,0.010763683137897636,0.22295988447641932,0.17116212877341927,32.27608862891922,39,1,0,False
8.5,6,0.7915673541057243,1.05,0.6818161095686164,174.92460052973033,0.011,0.01038090091434655,0.11824238708868569,0.1362202899749793,37.96432335762156,39,1,0,True
8.5,6,0.5557849030191895,0.9251368488202693,0.8570147611277273,538.9238300449082,0.011,0.012464434633425007,0.22109741764818874,0.10756004863241458,43.566840743088655,39,1,0,False
8.5,6,0.6100460264844831,0.8881264997176731,0.8394700509547252,408.771889919854,0.011,0.011870588601368241,0.2170971546333774,0.12159690045746444,40.66755438093246,39,1,0,False
8.5,6,0.8,1.011857626425968,1.0214984493421468,208.65734594241573,0.011,0.010457930859338183,0.23352098505896135,0.19957242463552285,28.300733402081597,39,1,0,False
8.5,6,0.7341164735371327,0.9140363519004302,0.9524856311027781,259.0271229804875,0.011,0.010879833929044777,0.23984483930507342,0.17364214577571757,31.8900455657972,39,1,0,False
8.5,6,0.8,0.943556103476856,0.7229272400245531,170.19714525433142,0.011,0.010337171394333539,0.14582097106030695,0.14842666094239124,35.8252192864798,39,1,0,True
8.5,6,0.8,1.05,0.5,233.08769934054976,0.011,0.010159455325477334,0.06831069239301067,0.08691789055982072,48.44711926898337,39,2,0,False
8.5,6,0.8,1.05,0.7369724996333737,172.98106490341365,0.011,0.01037726303312567,0.13398579588075957,0.1505239164057617,35.486899538176424,39,2,0,True
8.5,6,0.8,1.05,0.7990100300621724,173.26711983378655,0.011,0.010420242029827928,0.1529788258001383,0.1631437423111277,33.44232357234932,39,2,0,True
8.5,6,0.7328669480602507,1.05,0.5,265.2217363527407,0.011,0.010563581478691181,0.07130652118092297,0.07368719289413932,51.92865669109161,39,2,0,False
8.5,6,0.7327746070706348,1.003912948659163,0.6664914874832919,200.60047997523142,0.011,0.010737218409940385,0.1240426697068731,0.11979140959292063,41.00765493820274,39,2,0,False
8.5,6,0.8,1.05,0.7052773752841645,173.170032492018,0.011,0.01035074242106659,0.12453132726567591,0.14333846956955457,36.68074343464329,39,2,0,True
8.5,6,0.8,1.05,0.5,233.08769934054976,0.011,0.010159455325477334,0.06831069239301067,0.08691789055982072,48.44711926898337,39,2,0,False
8.5,6,0.8,1.05,0.5303156870743871,216.05120797656556,0.011,0.010180630480150641,0.0759878591306588,0.09692759585504207,46.081488960879604,39,2,0,False
8.5,6,0.8,0.9673186333549091,0.8722891360622036,187.02025977017772,0.011,0.010430324251233119,0.19140973802282782,0.17675068656153817,31.410071124246898,39,2,0,False
8.5,6,0.8,1.05,0.5595435163548947,202.87793533986687,0.011,0.010206824897445885,0.08361322408064974,0.10526934087293806,44.06617246586002,39,2,0,False
8.5,6,0.8,0.9732183860913598,0.5,224.28850782948888,0.011,0.010141779430881093,0.07593983961520148,0.08997522811697785,47.720837981285946,39,2,0,False
8.5,6,0.8,1.05,0.8296069913750774,173.66386377453284,0.011,0.01043678408873357,0.16256191687284555,0.1691633944588404,32.554424661020654,39,2,0,True
8.5,6,0.8,0.7786944337832152,0.5496722795958434,202.87298114857404,0.011,0.010167733355718923,0.11689024455441129,0.1091226080901309,43.21660155198665,39,2,0,False
8.5,6,0.8,1.05,0.7643606538672084,173.0118068212794,0.011,0.010397752238476448,0.14229497471197522,0.15618287209802326,34.54036395659326,39,2,0,True
8.5,6,0.6292323501359985,0.8871734404271283,0.897866547340463,381.82888359448896,0.011,0.011719152393630326,0.23815911865682607,0.136657023653014,37.89115922491139,39,2,0,False
8.5,6,0.8,0.7712142193515592,0.8179940740814554,218.78254990028637,0.011,0.010362063855558901,0.21681941463100907,0.16713965926842292,32.846920645929096,39,2,0,False
8.5,6,0.8,0.927427925458224,0.7978348969440918,181.06786387775452,0.011,0.010384973086371404,0.173671723021616,0.1634838853720757,33.39055483251999,39,2,0,False
8.5,6,0.8,1.05,0.8240486115205932,173.5802852306858,0.011,0.01043400771061642,0.16081144148275872,0.16807752735182396,32.71041664979129,39,2,0,True
8.5,6,0.7834023418956969,1.05,0.5557138104162758,210.9793854958462,0.011,0.010300469783460315,0.08346760005464054,0.10103525320549923,45.0579652935351,39,2,0,False
8.5,6,0.8,1.017504442479955,0.5076300490466379,224.68697023881688,0.011,0.010155761936388284,0.07337569392800791,0.09084073423007111,47.521026257747096,39,2,0,False
8.5,6,0.7941875127484096,0.5622575587024441,0.8670246130980516,315.73277714795535,0.011,0.010380906541103865,0.319033878825193,0.17199973275184116,32.14557392153898,39,2,0,False
8.5,6,0.8,1.05,0.6925807161507773,173.32759997413777,0.011,0.010339369844812818,0.12079399668833202,0.14042841668022793,37.191999054374655,39,2,0,True
8.5,6,0.8,0.9689156224517324,0.5,223.85562554345194,0.011,0.010141047810949558,0.07639647029907326,0.09013748426782098,47.68318970920585,39,2,0,False
8.5,6,0.8,1.05,0.7574030289785267,172.98507441451756,0.011,0.01039273328640071,0.14017406364373028,0.15476227693099953,34.77366194637317,39,2,0,True
8.5,6,0.8,1.05,0.5,233.08769934054976,0.011,0.010159455325477334,0.06831069239301067,0.08691789055982072,48.44711926898337,39,2,0,False
8.5,6,0.7768606556885979,1.0045255107269082,0.8530029889677777,189.8527143108014,0.011,0.010582273621472323,0.18021617594014988,0.16826089972590894,32.685358798882355,39,2,0,False
8.5,6,0.8,0.8762469182109927,0.7287600402387893,179.6135387920648,0.011,0.010327599544138229,0.159705419415805,0.15016185720001185,35.54482719850183,39,2,0,False
8.5,6,0.8,1.05,0.5,233.08769934054976,0.011,0.010159455325477334,0.06831069239301067,0.08691789055982072,48.44711926898337,39,2,0,False
8.5,6,0.7761530206927926,1.05,0.5,243.54401772242943,0.011,0.010296293585890832,0.06937036677612828,0.08233021106056321,49.60939085988692,39,2,0,False
8.5,6,0.8,1.05,0.8333040028424765,173.72391937084373,0.011,0.010438592060892031,0.16372751873942037,0.16988455974348188,32.452018076968876,39,2,0,True
8.5,6,0.8,0.969601878694037,0.8395896427255837,180.52334620828682,0.011,0.010417777615973688,0.17985640273183226,0.17137440074535706,32.243305817780985,39,2,0,False
8.5,6,0.8,0.8816372115910576,0.9880670716354847,228.5811493774718,0.011,0.01042675621187419,0.2532839628990041,0.19415771078218677,28.996643638728525,39,2,0,False
8.5,6,0.8,0.966282865993816,0.515733170108764,215.32585396418963,0.011,0.010151158906044481,0.08088617043105824,0.09539414957677629,46.4809225444528,39,2,0,False
8.5,6,0.8,1.05,0.5,233.08769934054976,0.011,0.010159455325477334,0.06831069239301067,0.08691789055982072,48.44711926898337,39,2,0,False
8.5,6,0.8,1.05,0.8165170116938845,173.47821934212095,0.011,0.010430115924513065,0.1584445120551076,0.16660394030273576,32.92564423719201,39,2,0,True
8.5,6,0.8,1.0260891654391935,0.7207371360475172,172.32852647055432,0.011,0.01035693382069719,0.13246228333339538,0.1471326850667948,36.03830718450081,39,2,0,True
8.5,6,0.8,1.05,0.6521221638832462,174.20494213172876,0.011,0.010300664540097985,0.10909113292002424,0.13107644109145983,38.963865160379484,39,2,0,True
8.5,6,0.8,1.05,0.5493911631494257,207.1501672265616,0.011,0.010197259332465226,0.08094091937275441,0.10236578813570596,44.739479828899825,39,2,0,False
8.5,6,0.7986994206283694,1.05,0.7943066546073955,173.4482265893341,0.011,0.010425538960572897,0.15163086135296724,0.161915048069277,33.630063088431285,39,2,0,True
8.5,6,0.8,1.05,0.7837404402363848,173.1244305771669,0.011,0.010410786111084494,0.14824917496304624,0.16009129498022256,33.91320673465865,39,2,0,True
8.5,6,0.8,0.9373515300493841,0.5,220.80963261645135,0.011,0.010136212097497823,0.07986092091464654,0.09131005938222507,47.41370875082594,39,2,0,False
8.5,6,0.8,1.05,0.6720032701365826,173.70066111994757,0.011,0.010320154306870699,0.1147999619668645,0.13568471653089564,38.06490145349855,39,2,0,True
8.5,6,0.8,1.046909037712769,0.8294270586112186,173.5822864248658,0.011,0.010435724526528179,0.16300734097116548,0.16914421445490888,32.557161157602636,39,2,0,True
8.5,6,0.8,1.05,0.775578206020915,173.0722760674661,0.011,0.010405486267216928,0.14573222873655206,0.1584440766357103,34.173487751320096,39,2,0,True
8.5,6,0.8,0.9252589289877371,0.6157013214395153,177.24561346001227,0.011,0.010236517073434538,0.11482955568295772,0.12355047142137508,40.292104982750864,39,2,0,False
8.5,6,0.8,0.906736979919691,0.6647283530951733,169.83982557421982,0.011,0.010279846227689788,0.1330251070309894,0.13593751865637535,38.01711482934996,39,2,0,True
8.5,6,0.8,1.05,0.5399825347069929,211.38667940805388,0.011,0.0101887983679952,0.07848689257388801,0.09967812576817824,45.38828184574206,39,2,0,False
8.5,6,0.8,0.9482461312117895,0.5,221.8330895170016,0.011,0.010137760988059097,0.07864210781425436,0.09090937234213249,47.50528628694932,39,2,0,False
8.5,6,0.8,0.9742555600830218,0.5327427282026116,208.03209584189204,0.011,0.010165920902372259,0.08461059677574259,0.09986535719145971,45.34217920336477,39,2,0,False
8.5,6,0.8,1.026135128532118,0.5,230.14178042404197,0.011,0.010153105844660152,0.07058049406044803,0.08789813844554363,48.210700743666685,39,2,0,False
8.5,6,0.8,1.05,0.8425772045617683,173.88317417952814,0.011,0.01044292066296447,0.16665940412993996,0.1716613587103648,32.199407325139035,39,2,0,True
8.5,6,0.8,0.9171606407732028,0.6771675836119131,169.88848496448796,0.011,0.01029286702983276,0.13534793908825876,0.13858626898539478,37.52611915664671,39,2,0,True
8.5,6,0.7891818616956756,1.05,0.519832389183109,225.9583650677066,0.011,0.010234357956364874,0.0738143369992161,0.0915109872625745,47.3684471363563,39,2,0,False
8.5,6,0.8,0.9268226501864908,0.8286212926935494,186.18265896192045,0.011,0.01040120735665331,0.18440784096766405,0.16934563427911825,32.528457185841056,39,2,0,False
8.5,6,0.6870446966173556,0.9596829533920123,0.5563100951635979,289.3271671718722,0.011,0.010923566096458434,0.09951992294096212,0.08296158807812899,49.449780317645214,39,2,0,False
8.5,6,0.8,1.05,1.0549874761035578,208.65129552498718,0.011,0.010460596871328422,0.23656394135983674,0.20438631824069256,27.715558548575,39,2,0,False
8.5,6,0.7991848523452646,0.9726393820023028,0.8751131077515955,187.06849819008147,0.011,0.010437887273208636,0.19141293365952342,0.1770300050769817,31.36757607801256,39,2,0,False
8.5,6,0.8,1.05,0.8260560525295534,173.61562694662973,0.011,0.010435080430275202,0.1614400628198098,0.168467554325677,32.65413559048575,39,2,0,True
8.5,6,0.8,1.05,0.701321879042079,173.2163059352751,0.011,0.010347269049193218,0.12336276260124765,0.1424337064223413,36.8380513569937,39,3,0,True
8.5,6,0.8,1.0397096405455604,0.5261042235412081,217.12857214519647,0.011,0.010174571657090504,0.0759227522932517,0.09605586897228781,46.30741401368089,39,3,0,False
8.5,6,0.8,1.05,0.5362110498185164,213.17148659777067,0.011,0.010185568871956428,0.07750846409891503,0.09860329479271414,45.655652500584864,39,3,0,False
8.5,6,0.785766094099093,0.9563159360158439,0.5,228.49152840580223,0.011,0.010220117620609748,0.07847783980091663,0.08775561179767326,48.24546285421056,39,3,0,False
8.5,6,0.7970623818176186,0.8443292760847155,0.568363443763789,188.70638778334197,0.011,0.010200781412812419,0.11238867885069592,0.11209021791622527,42.576615075830965,39,3,0,False
8.5,6,0.8,0.991534504222412,0.5803444289977076,190.97568364035888,0.011,0.010213484993016324,0.09580161795442514,0.11266060544026622,42.45437250915213,39,3,0,False
8.5,6,0.8,0.9664536194468952,0.5484281992684027,200.87372069451604,0.011,0.010178260656639591,0.08983269203703487,0.10444228408253801,44.25491903074594,39,3,0,False
8.5,6,0.8,1.05,0.81832688555755,173.50493902752316,0.011,0.010431099107539407,0.15901096116416802,0.16695698223769578,32.873703055538684,39,3,0,True
8.5,6,0.8,0.9746853672563334,0.8674232007808363,184.8425458464895,0.011,0.010430654471439302,0.18830477252523312,0.17595809534615675,31.53031914900259,39,3,0,False
8.5,6,0.8,1.05,0.5131216071627372,225.21518930079816,0.011,0.010167628997544184,0.07160389764789901,0.09143510234432986,47.38523694380965,39,3,0,False
8.5,6,0.8,0.9886317212344423,0.5,225.90086144999688,0.011,0.010144688974295298,0.07432936084625318,0.08938378925278677,47.85881898292216,39,3,0,False
8.5,6,0.8,1.05,0.6236418420327015,181.35370143030275,0.011,0.010271732512670766,0.10105371020690286,0.12318847442897078,40.35930615215796,39,3,0,False
8.5,6,0.8,0.9701287471955808,0.5179677160707856,214.5712516741346,0.011,0.01015348789321181,0.08106345722314891,0.0958959230211247,46.34917739085564,39,3,0,False
8.5,6,0.8,0.87518058272293,0.5949575209364597,180.70848908428482,0.011,0.010210312821989712,0.11580111577086596,0.11899021453551917,41.16021214125976,39,3,0,False
8.5,6,0.6810533184067509,0.8914351337311691,0.5,345.8191275873626,0.011,0.010896156750791456,0.09196496767426587,0.06847104336170484,53.52273534690653,39,3,0,False
8.5,6,0.8,0.8706162714815919,0.7514173046702448,184.18179360669964,0.011,0.010342717535484505,0.1686790838912046,0.15468783697383665,34.78601460416616,39,3,0,False
8.5,6,0.8,0.905429020966121,0.8548627434695195,195.038401834524,0.011,0.010407301049955867,0.19812398182941868,0.17389274927677623,31.846819869395834,39,3,0,False
8.5,6,0.8,1.05,0.5,233.08769934054976,0.011,0.010159455325477334,0.06831069239301067,0.08691789055982072,48.44711926898337,39,3,0,False
8.5,6,0.8,1.0240014557929742,0.6718013240834482,172.84375605658053,0.011,0.010312559872765126,0.1181034921557727,0.13602668492343012,38.00030199800645,39,3,0,True
8.5,6,0.8,1.05,0.5407383407908324,211.03822388004795,0.011,0.010189476120325754,0.0786828125749439,0.0998930806502115,45.33536453368877,39,3,0,False
8.5,6,0.8,1.05,0.5842245407968008,193.58431291684897,0.011,0.010231212528847138,0.09021741431019897,0.11228684388383804,42.5342661700017,39,3,0,False
8.5,6,0.8,1.05,0.5225212180417979,220.0577054207355,0.011,0.010174459452319895,0.073990912091177,0.0947032437373713,46.660806288951946,39,3,0,False
8.5,6,0.8,1.0359352465695832,0.5,231.32895444813022,0.011,0.010155627553355523,0.06963781822622336,0.08749861269361019,48.30664571348221,39,3,0,False
8.5,6,0.8,1.05,0.6474664709034018,175.16001682239408,0.011,0.010295961290217448,0.10776727709007809,0.12978826751134892,39.1826748199987,39,3,0,False
8.5,6,0.8,1.05,0.7334958477914113,172.98854122100005,0.011,0.010374489500202219,0.13294040764255532,0.14974001008034818,35.612425328143814,39,3,0,True
8.5,6,0.8,0.9274682102205335,0.518512978668522,210.7749016857454,0.011,0.010147744606957209,0.08610238404306803,0.09726544845107801,45.994757065401124,39,3,0,False
8.5,6,0.8,0.9461748552100839,0.5746802881294337,190.1469038880619,0.011,0.010199724172178693,0.09978193950018127,0.1121851237735067,42.55608642166681,39,3,0,False
8.5,6,0.8,1.0065842547094597,0.5409654664609895,207.07583345488246,0.011,0.010179308999837018,0.08326910401267866,0.10124172337925252,45.00747300439839,39,3,0,False
8.5,6,0.7996683611024078,0.9167033607650333,0.5,219.10282469943996,0.011,0.010135624203029603,0.08225521275827735,0.0919853214070451,47.26056759794324,39,3,0,False
8.5,6,0.8,0.9240186967095542,0.6441433198723525,170.64604544220882,0.011,0.010263686038356527,0.1238024356703162,0.13115061050453433,38.95044883607785,39,3,0,True
8.5,6,0.8,0.9768659840362298,0.5277932226504438,210.48021113240054,0.011,0.010162285347649659,0.08297424163847485,0.09841847544868985,45.70209884971111,39,3,0,False
8.5,6,0.8,0.915650574875869,0.5,218.87711842419557,0.011,0.010133628097449929,0.08236169333308412,0.09209097228701857,47.23672313331342,39,3,0,False
8.5,6,0.8,1.0019105397197412,0.5,227.35404333417887,0.011,0.010147474914286546,0.0729747037763885,0.08886450539876717,47.980946260025945,39,3,0,False
8.5,6,0.8,1.0257560678362638,0.5,230.09756899653257,0.011,0.010153016727811107,0.07061710648323534,0.08791328770728496,48.207073799041105,39,3,0,False
8.5,6,0.8,1.05,0.7397044941069848,172.9787272583506,0.011,0.010379432336597126,0.13480803264275548,0.15113826015613568,35.38923830786573,39,3,0,True
8.5,6,0.8,1.0399950806430223,0.5,231.84089320083245,0.011,0.010156767638766852,0.06925015741392468,0.08732967763649906,48.34738560012957,39,3,0,False
8.5,6,0.8,1.05,0.5033560650312945,230.99741417957807,0.011,0.01016139743327333,0.06914811232462048,0.0880689857522225,48.16984432817514,39,3,0,False
8.5,6,0.8,1.05,0.5532079606553125,205.5045137379492,0.011,0.010200778084606453,0.08194350177270278,0.103456948165489,44.482939255799394,39,3,0,False
8.5,6,0.8,0.897079871631853,0.6268905496426451,173.40877506497898,0.011,0.010243096626384472,0.1224896476960078,0.12700607275289208,39.66678614227477,39,3,0,False
8.5,6,0.8,1.05,0.5,233.08769934054976,0.011,0.010159455325477334,0.06831069239301067,0.08691789055982072,48.44711926898337,39,3,0,False
8.5,6,0.8,0.9395176940701101,0.5781531307888167,188.64856170518013,0.011,0.010202016544289006,0.10165455713991114,0.11326186811349934,42.32677422761892,39,3,0,False
8.5,6,0.8,0.9633186502633192,0.6129270261964286,179.67729365244514,0.011,0.010240431749489791,0.10875119080905761,0.12208374901000624,40.56624200697635,39,3,0,False
8.5,6,0.8,0.9766765239145417,0.6402345105730428,173.4020519018771,0.011,0.010270218243493875,0.11507537498955464,0.129212770271487,39.2816057906109,39,3,0,False
8.5,6,0.8,0.9506349992736074,0.5834140719079073,187.59332017457731,0.011,0.010208922734889674,0.10174848619327508,0.1144190378166888,42.083436350183234,39,3,0,False
8.5,6,0.8,0.9335785299339403,0.5,220.4618295013075,0.011,0.010135704780844747,0.08028890999770757,0.09144785585315061,47.38233586448363,39,3,0,False
8.5,6,0.8,0.8631878440544742,0.5591396679356035,190.9742263058631,0.011,0.010176355115164555,0.10648485750138441,0.10988616814576285,43.05357649635916,39,3,0,False
8.5,6,0.8,1.05,0.5970702439873191,189.29241529986706,0.011,0.01024438671282298,0.09370911766677752,0.11583150356098873,41.7916666324661,39,3,0,False
8.5,6,0.8,0.9140373069828902,0.6758905723813444,169.83443797985814,0.011,0.01029113222716862,0.135442450935764,0.1383386586629891,37.571705835762955,39,3,0,True
8.5,6,0.8,0.8651995366219803,0.7450521388556606,184.22495198628047,0.011,0.010337241172555158,0.1675271147952601,0.1534727964828514,34.98947635675297,39,3,0,False
8.5,6,0.8,1.0236541036911517,0.5,229.85338026186471,0.011,0.01015252661450034,0.07082052108109076,0.08799714916954031,48.18701081600003,39,3,0,False
8.5,6,0.8,1.0120793278817184,0.6557821920049183,172.82463479979018,0.011,0.010293951108957733,0.11495607654595173,0.13253612421422323,38.67517687567191,39,3,0,True
8.5,6,0.8,0.9199302597529935,0.5506780361900583,196.96651815652308,0.011,0.010173674710826173,0.09618745369738513,0.10625728466441262,43.84379944764315,39,3,0,False
8.5,6,0.7958344047343838,0.8357181464601097,0.857558433478777,213.01063904931064,0.011,0.010417676344200322,0.21583894092126585,0.17327287864798557,31.943899723208997,39,3,0,False
8.5,6,0.8,0.9014336751043112,0.7015714319277033,171.52931740965133,0.011,0.010310884259515287,0.14594792160489714,0.14410186755014506,36.549280375087356,39,3,0,False
8.5,6,0.8,0.9091354134696997,0.5,218.32063130181558,0.011,0.01013296319272416,0.08313286207774602,0.09232168990046934,47.18480689805813,39,3,0,False
8.5,6,0.8,1.05,0.5,233.08769934054976,0.011,0.010159455325477334,0.06831069239301067,0.08691789055982072,48.44711926898337,39,3,0,False
8.5,6,0.8,0.99521788870207,0.5725367412539037,193.87505555424946,0.011,0.010206504353639921,0.09318193541516902,0.11045814988414931,42.93166525482448,39,3,0,False
8.5,6,0.8,1.0211774103971942,0.7547144849593415,172.17709641936835,0.011,0.010382111324350516,0.14362173543509427,0.1544590777637242,34.824055858080946,39,3,0,True
8.5,6,0.8,0.7906448977583838,0.812173835782088,212.5835652819082,0.011,0.010362882498358874,0.20935549973228215,0.16615541466063372,32.99178520773571,39,4,0,False
8.5,6,0.8,0.8895747158070045,0.7408748501943756,178.90460502773098,0.011,0.010339082051207317,0.16134573964412352,0.15255537893230858,35.14543369038742,39,4,0,False
8.5,6,0.8,0.9200632135303308,0.6128336481532042,177.76218747562743,0.011,0.010232894918516304,0.11469935938646052,0.12288507520730543,40.41588456214363,39,4,0,False
8.5,6,0.8,0.8924553381712338,0.653953640151879,169.71886141295005,0.011,0.01026763327650005,0.13186885584016306,0.13372231896726638,38.44196159272965,39,4,0,True
8.5,6,0.8,0.8917059334301545,0.5447509715312903,197.5079261567868,0.011,0.010165657637400996,0.09816026406792884,0.1053275295113454,44.05298243594152,39,4,0,False
8.5,6,0.8,0.8232901024060689,0.6736052761043478,182.9161136164458,0.011,0.010275844851152688,0.15077913491194347,0.13867826192337124,37.509224059613835,39,4,0,False
8.5,6,0.8,0.8540595886284491,0.7368707290491956,185.13077524421186,0.011,0.010329389814758415,0.16688333928477847,0.1519331321297981,35.25238102187269,39,4,0,False
8.5,6,0.8,1.012821118476624,0.9452179173193072,193.16811536495894,0.011,0.01045988775250886,0.20715706563274433,0.1883298074048228,29.759655991757977,39,4,0,False
8.5,6,0.8,0.9623205691210313,0.7909681231405034,174.10581270535388,0.011,0.010389879254073775,0.16492797217497027,0.16203517354290298,33.61150139036687,39,4,0,False
8.5,6,0.8,1.05,0.5468399577137105,208.2670067338602,0.011,0.010194895608283924,0.08027411048994545,0.1016366868864557,44.912767600567086,39,4,0,False
8.5,6,0.8,0.9435059283386332,0.5,221.3818798886167,0.011,0.010137057943808404,0.07916972696539296,0.09108473801413203,47.46514179142672,39,4,0,False
8.5,6,0.8,0.8570077691107503,0.8217427980451392,198.81033452003163,0.011,0.010381111940432869,0.19685513555761366,0.16804734911813182,32.714783209328665,39,4,0,False
8.5,6,0.8,0.9421175752909978,0.7231191088743129,170.16714567221695,0.011,0.010337014146980844,0.1461204140016481,0.14847979163321778,35.81653829418894,39,4,0,True
8.5,6,0.8,0.9408185483775712,0.7134199258162577,170.15086853509615,0.011,0.010328852865718774,0.1431937768509193,0.14636104525914123,36.16674636267458,39,4,0,True
8.5,6,0.8,0.9232672104224152,0.5,219.53832461266023,0.011,0.010134452059719886,0.08147279417853144,0.09181975515907417,47.29796954583841,39,4,0,False
8.5,6,0.8,0.9971521070653308,0.6120927721587925,181.61459955397365,0.011,0.010246617448469494,0.10415429114576769,0.12116343867706243,40.740467838468575,39,4,0,False
8.5,6,0.8,0.9045965148297,0.6906442039221412,169.6363277452398,0.011,0.01030225713002247,0.14180428621736826,0.14167941956323055,36.9700231418146,39,4,0,False
8.5,6,0.8,1.05,0.5,233.08769934054976,0.011,0.010159455325477334,0.06831069239301067,0.08691789055982072,48.44711926898337,39,4,0,False
8.5,6,0.8,0.855061846160527,0.7348771170777408,184.60790769415772,0.011,0.010328159078933408,0.1659777680972348,0.15154348782304503,35.319838371151214,39,4,0,False
8.5,6,0.8,0.8642956088203615,0.6879736116335837,176.56051071300294,0.011,0.01029317906660439,0.1479929904328749,0.14144658054981057,37.0110427364234,39,4,0,False
8.5,6,0.8,1.05,0.5,233.08769934054976,0.011,0.010159455325477334,0.06831069239301067,0.08691789055982072,48.44711926898337,39,4,0,False
8.5,6,0.8,1.05,0.6199002089816844,182.40547503045968,0.011,0.010267920113683349,0.10000903366425307,0.12215300965188379,40.55321417837142,39,4,0,False
8.5,6,0.8,0.9291616828607372,0.7615970789262607,175.08916334417535,0.011,0.010362523412219438,0.16106503168361164,0.15643479097952487,34.499044694885555,39,4,0,False
8.5,6,0.8,1.0009732764353803,0.6753875013997386,172.0677252983165,0.011,0.010309815855644545,0.12228358260024065,0.13717227045952268,37.7862232227666,39,4,0,True
8.5,6,0.8,0.9590190868310601,0.8133955331203381,178.1329090736194,0.011,0.01040189831849588,0.17300979438005323,0.16639034556347054,32.95718604851748,39,4,0,False
8.5,6,0.8,0.8728097496826196,0.894569797301747,210.01229042008723,0.011,0.01041246633244602,0.22015477851771773,0.18008128119616246,30.913416570017034,39,4,0,False
8.5,6,0.8,0.9291680407468013,0.7407614360142915,171.92587255044685,0.011,0.010347598607876887,0.15411600960527436,0.15231868874318666,35.18600204107566,39,4,0,False
8.5,6,0.8,0.9253737050096471,0.6894070717324698,169.93745349468531,0.011,0.010305195719744012,0.13796292096902021,0.14120641510428303,37.05349352754482,39,4,0,True
8.5,6,0.8,0.8493062025133227,0.7335310648822055,185.55492180453263,0.011,0.01032615465682795,0.16666485119884217,0.15130749943444508,35.36080245104326,39,4,0,False
8.5,6,0.8,0.8598720149413495,0.5680645673150553,187.95964575227595,0.011,0.0101842707029749,0.10972485770161104,0.11228174728955152,42.53535866756277,39,4,0,False
8.5,6,0.8,0.8547140086678126,0.7914655390973407,194.0438062268014,0.011,0.010364640796770002,0.1862995876037507,0.16238509474801407,33.55782991306597,39,4,0,False
8.5,6,0.8,0.9309423712092071,0.5,220.21974342400458,0.011,0.01013535289387485,0.08058995632925302,0.09154407518057289,47.36046551205867,39,4,0,False
8.5,6,0.8,0.932583726981311,0.62964530861833,174.08644563086978,0.011,0.010251239570692941,0.11804767546151083,0.1271417036105533,39.64282269899925,39,4,0,False
8.5,6,0.8,0.9317908782264137,0.7920517523626318,179.38820400192708,0.011,0.010382705055485919,0.17086846361340327,0.16235470818017989,33.562480710194635,39,4,0,False
8.5,6,0.8,1.05,0.6765865123175233,173.596893290362,0.011,0.01032444052251665,0.11613092724277715,0.13674818847220957,37.86505824936614,39,4,0,True
8.5,6,0.8,1.02482474823709,0.6423160006566409,175.14539016345623,0.011,0.0102839128056213,0.10939915623572811,0.1288693717196343,39.34098953142268,39,4,0,False
8.5,6,0.8,0.9244273875797429,0.51214828555334,213.5238512120251,0.011,0.010142657740270896,0.0846934261867128,0.09562386480464061,46.420471263728025,39,4,0,False
8.5,6,0.8,0.8946262653326309,0.7188276450294717,174.92424116344404,0.011,0.01032347542159343,0.15291844979219552,0.14790620045300884,35.91058494140536,39,4,0,False
8.5,6,0.8,0.8393066967042428,0.6392682547157156,175.44977429718904,0.011,0.010247840783895516,0.13606431544726508,0.1310972329350127,38.96036291100092,39,4,0,False
8.5,6,0.8,1.049050209689986,0.5513844997418864,206.20105569339927,0.011,0.010198834085380469,0.08156173207943176,0.10296364029696063,44.598410645734695,39,4,0,False
8.5,6,0.8,0.9099592258726952,0.76812279231693,179.46669358860484,0.011,0.010362401938230755,0.16682515093029296,0.15778726063095047,34.278916770022434,39,4,0,False
8.5,6,0.8,0.9109460942660297,0.846622318472448,192.33572614102485,0.011,0.010405309280246694,0.1940041887570175,0.17256602538653207,32.0550901875715,39,4,0,False
8.5,6,0.8,0.8188788250147999,0.5919666208505421,186.26379066192098,0.011,0.010203945192444858,0.12391034875191825,0.11919565167223463,41.12011254479582,39,4,0,False
8.5,6,0.8,0.9013756978215348,0.75639138760108,179.17081477568445,0.011,0.010352592591617468,0.1644312734054275,0.1555376003863455,34.645763688593384,39,4,0,False
8.5,6,0.8,0.8997184945035175,0.5311392163990899,203.30997272784825,0.011,0.01015482865534218,0.09312948928958789,0.10143668191709988,44.96065155038977,39,4,0,False
8.5,6,0.8,0.9101324600705788,0.7298530556943041,173.62480532516915,0.011,0.010335202711524785,0.15383879185349494,0.15018871355642324,35.540520784289015,39,4,0,False
8.5,6,0.8,0.7927618225195905,0.763620820343518,203.2492987982876,0.011,0.010336846833784625,0.1901670961413775,0.15716545756282815,34.37960884605546,39,4,0,False
8.5,6,0.8,0.8969328948684406,0.7638358585720166,181.1555211484468,0.011,0.01035660047123222,0.1678413555996929,0.1570062757861421,34.405525683342496,39,4,0,False
8.5,6,0.8,0.8992138287352265,0.7405669511951174,177.0991321567575,0.011,0.010340881889104134,0.15943731187465268,0.15244652833610664,35.164073473781585,39,4,0,False
8.5,6,0.8,0.9131399420822479,0.6650531217106075,169.97473770171362,0.011,0.010281260723258672,0.1321025225539401,0.13593709400527879,38.01719495222916,39,4,0,True
8.5,6,0.8,0.9550804921575797,0.5817306547740944,188.361324190326,0.011,0.010207963554618619,0.10069143276779362,0.11387321016498146,42.19780888941227,39,4,0,False
8.5,6,0.8,0.9085344171655442,0.6388928839977605,171.05568843428185,0.011,0.01025618232845496,0.12451057690217063,0.13000165986408538,39.14617769280708,39,4,0,False
8.5,6,0.8,1.0235956294434743,0.7192546761580794,172.26252295114955,0.011,0.010354969761543101,0.13236815176481345,0.14682706677962004,36.08901684964539,39,4,0,True
8.5,6,0.8,0.9100974959465177,0.6167593014279498,176.35802126423246,0.011,0.010235221880151983,0.11736011799097047,0.12410443932173847,40.18990219712578,39,4,0,False
8.5,6,0.8,0.8921031079382045,0.5,216.91880515158562,0.011,0.010131481647380002,0.08519519114694714,0.09291618869109211,47.05180749844308,39,4,0,False
8.5,6,0.8,0.8454387485421917,0.8274558872663943,202.35809200618525,0.011,0.010381304904397056,0.20164436420044152,0.16908411535630757,32.56574011907352,39,4,0,False
8.5,6,0.8,0.886911053355089,0.5,216.50873783225225,0.011,0.010131117138760507,0.08583721384865181,0.09309518110490363,47.012148941404476,39,4,0,False
8.5,6,0.8,0.8765316781838993,0.6477496166222837,169.52984701577086,0.011,0.010259757835457125,0.1324733322337404,0.13254072737203015,38.674271312861215,39,4,0,True
8.5,6,0.8,0.8636955752369568,0.7712592144798012,188.79701557602013,0.011,0.010354383511114076,0.17710734171476106,0.15852808164373267,34.1600720720614,39,5,0,False
8.5,6,0.8,0.8860702955505472,0.6953001387907128,173.4575419291836,0.011,0.010302863908436174,0.14654859740145781,0.1428628765665136,36.763332873918436,39,5,0,False
8.5,6,0.8,0.8970492233775893,0.6681995320702783,169.57898130938722,0.011,0.010281296461780044,0.13573233181187497,0.13681366976089046,37.85285396077118,39,5,0,True
8.5,6,0.8,0.8409012623838339,0.7261623805858272,186.25232788110247,0.011,0.010319413337246742,0.16576211467875754,0.14979048456557345,35.604321121715806,39,5,0,False
8.5,6,0.8,0.8682089322979064,0.5829120432657422,183.82323541887047,0.011,0.010198427558533483,0.11309269133487371,0.11597416626748465,41.76252814276982,39,5,0,False
8.5,6,0.8,0.9966370391476561,0.7016760587916954,171.61517292742508,0.011,0.010332512184167683,0.13088382096946885,0.1431776369102798,36.70861189332659,39,5,0,True
8.5,6,0.8,0.8332996376289353,0.7823697069777438,197.11072906821434,0.011,0.01035516502482135,0.18772913039257824,0.16067926713588848,33.82169643724242,39,5,0,False
8.5,6,0.8,0.9862315412236614,0.5957636884468157,185.7647905459191,0.011,0.010227797090682573,0.10082261612732495,0.11695817355258818,41.56316776854394,39,5,0,False
8.5,6,0.8,0.7890397137437898,0.5520532618477696,200.21159728641427,0.011,0.01016932040861238,0.11590012828053238,0.10954202238297263,43.12684605039421,39,5,0,False
8.5,6,0.8,0.8703350279821955,0.6694368192858035,173.13213097869806,0.011,0.010278226819963578,0.14068314895824885,0.13735967457491763,37.75153912374,39,5,0,False
8.5,6,0.8,0.8501188993472267,0.618346105748547,176.2827408716208,0.011,0.01022988590750473,0.12727939623750592,0.1255052422616553,39.934837307184274,39,5,0,False
8.5,6,0.8,0.9448628741464808,0.8644648476502859,189.49483283831864,0.011,0.01042136052534636,0.19322101675193307,0.17547719294899952,31.603193933231733,39,5,0,False
8.5,6,0.8,0.8860389097006262,0.8145213507190143,191.56394044596382,0.011,0.010384132740133872,0.1878516412542646,0.16671581823776116,32.90915826623074,39,5,0,False
8.5,6,0.8,0.8744296722548267,0.7012121421175326,176.34084713172837,0.011,0.010305741090676016,0.15063048805115384,0.14423758877270407,36.52597361945552,39,5,0,False
8.5,6,0.8,0.9323972432667302,0.6926913234603314,170.06826313449233,0.011,0.010309497246284115,0.13788471862077317,0.1418635562364947,36.93767797887191,39,5,0,True
8.5,6,0.8,0.9714989052395472,0.5580681277675379,197.5278882314024,0.011,0.010188080171093114,0.09192855914415606,0.10699951707639292,43.67889876472665,39,5,0,False
8.5,6,0.8,0.8960841119594718,0.5364705949997642,200.94348664849892,0.011,0.010158974065178935,0.09514900585005343,0.10297338909485855,44.59612009391329,39,5,0,False
8.5,6,0.8,1.05,0.7037498424181644,173.1853882627586,0.011,0.010349386286353086,0.12408052827190849,0.14299033788238222,36.74114489848617,39,5,0,True
8.5,6,0.8,0.8680074663351117,0.6039965198314727,178.03670296661434,0.011,0.010218164893774485,0.11976031336212609,0.12147947769784698,40.68039500173443,39,5,0,False
8.5,6,0.8,0.7919155118863992,0.7392226642583212,199.20924631379003,0.011,0.01032114626241984,0.18117809967155052,0.15256203879341593,35.144294183770135,39,5,0,False
8.5,6,0.8,0.9602309635513766,0.8114960867966822,177.6344929692116,0.011,0.010401200127584954,0.1721486370391766,0.1660208626942148,33.0115370711756,39,5,0,False
8.5,6,0.8,1.0472408503209214,0.7503851914296098,172.89253321838927,0.011,0.01038670870184124,0.13843783810951443,0.15335348077620242,35.00964477818554,39,5,0,True
8.5,6,0.8,0.8727894182839588,0.7650576188760441,185.96138085493357,0.011,0.01035228969363627,0.17303810523509364,0.15731737791695036,34.35492753996569,39,5,0,False
8.5,6,0.8,0.8010639134281028,0.6549129631869496,185.3420230359646,0.011,0.010258186862985888,0.14860206720696525,0.1348473807801104,38.22445279396023,39,5,0,False
8.5,6,0.8,0.828386612007501,0.5654661821978112,189.8155286669379,0.011,0.010180643516517323,0.1137652813134913,0.11223085300513314,42.54627283171517,39,5,0,False
8.5,6,0.8,0.917601587728787,1.0572446599388172,236.38062919440844,0.011,0.010427014391402872,0.2698146621816361,0.20392567064017483,27.771013638477953,39,5,0,False
8.5,6,0.8,0.8165406364329075,0.6716158757382266,184.08478427333984,0.011,0.010273427245657557,0.15140778094707166,0.1383084506388729,37.577278486104525,39,5,0,False
8.5,6,0.8,0.8699158604077512,0.6983041012963696,176.8124031057855,0.011,0.010302614636104416,0.1504701973992734,0.14364244941535348,36.628240357251826,39,5,0,False
8.5,6,0.8,0.8682642412021518,0.7002061077107339,177.36707745320342,0.011,0.010303877175596006,0.15142212483349465,0.14406690148032206,36.555292013095695,39,5,0,False
8.5,6,0.8,0.874260072492757,0.6428621951044875,169.58828858873454,0.011,0.010254951319516842,0.1312594574438183,0.1314909390649291,38.88232008050171,39,5,0,True
8.5,6,0.8,0.843603811651645,0.873308496621422,212.0739488240973,0.011,0.010399064773866271,0.2193641464285533,0.17666692580674123,31.42286303558279,39,5,0,False
8.5,6,0.8,0.8381124329427554,0.5689895926484689,187.36858791096728,0.011,0.010184032493321801,0.113348444314147,0.11294967990840094,42.39288431403879,39,5,0,False
8.5,6,0.8,0.8496952837639026,0.7273849534823121,184.6158608960104,0.011,0.010321747167673154,0.16441710140106222,0.15001003747007652,35.56913248014203,39,5,0,False
8.5,6,0.8,0.8076964567623308,0.658023163990646,184.27212255917794,0.011,0.010261247779471553,0.14838827719530392,0.1354588361275543,38.10774899786114,39,5,0,False
8.5,6,0.8,0.9907557890946979,0.6587437959424288,172.0937613964312,0.011,0.010291469089690676,0.11869359945637481,0.13352577516896838,38.48033465550137,39,5,0,True
8.5,6,0.8,0.8721054062743447,0.7496854632544339,183.61473220320798,0.011,0.010341827086158106,0.16777596096507685,0.15434560188396765,34.84297151677604,39,5,0,False
8.5,6,0.8,0.9187136225254414,0.6329310225042168,172.78450563024055,0.011,0.010252138559015654,0.12109937629628223,0.12825339121051965,39.44800309945359,39,5,0,False
8.5,6,0.8,0.806633455617201,0.7384312992647193,195.61928859715374,0.011,0.010322747329668844,0.17752733342809907,0.1523805174339932,35.17539144135092,39,5,0,False
8.5,6,0.8,0.871779428275866,0.6417114121894575,169.60596145691244,0.011,0.010253596223577887,0.13129582832120312,0.13126632797778526,38.927244470679554,39,5,0,False
8.5,6,0.8,0.7222099355675045,0.6815290737146071,208.72239420614983,0.011,0.010274643499732831,0.17599908717171325,0.1409511716484343,37.09876672865348,39,5,0,False
8.5,6,0.8,0.8897611330041424,0.7473708857528621,179.89073883640927,0.011,0.010343789200571588,0.16354058245023068,0.15382277339266898,34.93051430922215,39,5,0,False
8.5,6,0.8,1.0070128710349846,0.8164563026119329,172.41483279280192,0.011,0.010417017973110794,0.16550300174064866,0.16680883339836958,32.895470213560685,39,5,0,True
8.5,6,0.8,0.8581214279408715,0.6822617909220074,177.01652218189483,0.011,0.010287450139385552,0.14718472881172973,0.14025981817413835,37.222215500459285,39,5,0,False
8.5,6,0.8,0.8497972135615497,0.7215911362934032,183.8063191634882,0.011,0.010317469485262198,0.16235910926529842,0.14877384565366694,35.76860439749145,39,5,0,False
8.5,6,0.8,0.8923885275341314,0.7192234409175124,175.37293975240414,0.011,0.010323300079487664,0.15345941755049905,0.1480089591362848,35.89368320167687,39,5,0,False
8.5,6,0.8,0.9277329977784039,0.7891160644835233,179.6294071670467,0.011,0.010379914072806463,0.1706347829672558,0.1618006793527849,33.647609412843494,39,5,0,False
8.5,6,0.8,0.8344285038323701,0.5835748140245987,185.01720685001104,0.011,0.010197016025091446,0.11859151521433013,0.11676734665086173,41.60160979735782,39,5,0,False
8.5,6,0.8,0.8893692035058371,0.7052688001762658,174.12325262057365,0.011,0.01031162381887044,0.14930405279802594,0.14500474386299242,36.39504978290657,39,5,0,False
8.5,6,0.8,0.910867065856444,0.7121666199152278,171.2375190442782,0.011,0.010321436264391616,0.1478229879776411,0.14633699753403098,36.170770726649934,39,5,0,False
8.5,6,0.8,0.8392647673189747,0.7245330953167803,186.3698494473576,0.011,0.010317975966003073,0.16551653754424842,0.14945090602737873,35.65894855288571,39,5,0,False
8.5,6,0.8,0.881616863291546,0.6864177297648689,173.15942995780875,0.011,0.010294645878098807,0.14436570003629426,0.14095995065863043,37.097206871149204,39,5,0,False
8.5,6,0.8,0.9025901958849997,0.7283731183079913,174.7509395708125,0.011,0.010332487775213131,0.15469458378364714,0.14991809149718086,35.58385661044629,39,5,0,False
8.5,6,0.8,0.8816563699140694,0.6463385802046293,169.65886870675402,0.011,0.0102591369545464,0.1311677747174081,0.13217033639540976,38.74733724549843,39,5,0,True
8.5,6,0.8,0.8565193945348233,0.6347841752275576,172.79117743665392,0.011,0.010245545248738585,0.13158894415768269,0.12969515349207814,39.19863183293327,39,5,0,False
8.5,6,0.8,0.8693228726669838,0.642814212211351,170.1772148651529,0.011,0.010254311298947922,0.13206553714621824,0.13153744380139581,38.873037750402055,39,5,0,False
8.5,6,0.8,0.8005503410212123,0.7694136377787518,202.39392988854428,0.011,0.010341605266936,0.190494456126593,0.15824747462412964,34.20494570863313,39,5,0,False
8.5,6,0.8,0.8262693789934042,0.6493812348677178,179.2735174995435,0.011,0.010255523384239058,0.14185282514044747,0.1334295202874403,38.4991685708708,39,5,0,False
8.5,6,0.8,0.8042088120772518,0.5942671824537548,188.67290619151626,0.011,0.010205563908113453,0.12722238350787574,0.12002315111374431,40.959410034559475,39,5,0,False
8.5,6,0.8,0.9153512191743283,0.6052777054343834,179.55921159355253,0.011,0.010224921080641929,0.1130634460891548,0.12096467526767388,40.77838319530877,39,6,0,False
8.5,6,0.8,0.8720517263994036,0.5,215.37100124895733,0.011,0.010130251769769298,0.0877120579078006,0.09360207669477577,46.90049782022471,39,6,0,False
8.5,6,0.8,0.839866490235161,0.6096569522304166,179.44890365587614,0.011,0.010221138125399645,0.12615656805802078,0.12341147433990325,40.3178693713262,39,6,0,False
8.5,6,0.8,0.8282143126291539,0.5034328324335268,210.75120905557972,0.011,0.01013155227319613,0.0946142389584672,0.09588897495300465,46.350994124928384,39,6,0,False
8.5,6,0.8,0.8018438283779988,0.6158569709609789,185.73315776413472,0.011,0.010224558989049056,0.13493544809431696,0.12556865432380646,39.92340357304019,39,6,0,False
8.5,6,0.8,0.708181978598172,0.5695558410986757,215.22062913450017,0.011,0.010188855766663656,0.13728902510314916,0.11529495418845885,41.901795327350676,39,6,0,False
8.5,6,0.8,0.7850439750946513,0.6424699097325446,187.38361445220622,0.011,0.010246711854618142,0.14741782231058667,0.1323387571688206,38.71406302110729,39,6,0,False
8.5,6,0.8,0.957923847283441,0.5222831394373526,211.45846659420627,0.011,0.010154766989056449,0.08360096816665057,0.09743951965118726,45.95025859419194,39,6,0,False
8.5,6,0.8,0.7184290889590685,0.6431965631770324,204.44415797677905,0.011,0.01024600327363932,0.1622342943910299,0.13302544504819458,38.57852997168258,39,6,0,False
8.5,6,0.8,0.6922063481719314,0.6073875647423826,213.67791039811186,0.011,0.010219550952633091,0.15490218913699988,0.12479260564112887,40.06399920801319,39,6,0,False
8.5,6,0.8,0.7734989918103653,0.643406053552715,190.2049235698594,0.011,0.01024698860012403,0.1501078076880813,0.13264067501007623,38.654549240583854,39,6,0,False
8.5,6,0.8,1.036498940001574,0.6179148340029328,182.17519961286547,0.011,0.010262223110206635,0.10103234892401528,0.12190536356990384,40.59985298306425,39,6,0,False
8.5,6,0.8,0.8311160186695908,0.668723641470841,180.6679788279966,0.011,0.010272569071449588,0.1475855263804802,0.13756376874293433,37.713872433814075,39,6,0,False
8.5,6,0.8,0.759121801713485,0.6275289983886374,193.51172578988349,0.011,0.01023345259657447,0.1474085210488935,0.12907249348112043,39.30583186038216,39,6,0,False
8.5,6,0.8,0.7349758909665216,0.6496536509968542,200.76333099712176,0.011,0.010250970002709109,0.16080295392890742,0.134254278737792,38.33866461113717,39,6,0,False
8.5,6,0.8,0.8891869808206235,0.5914672004516744,182.2462499060458,0.011,0.01020840792778889,0.11262051846572212,0.11781211760641767,41.39241654058692,39,6,0,False
8.5,6,0.8,0.8558696246867208,0.5649498601154701,188.7579498470707,0.011,0.010181164789076895,0.10936049706051783,0.11155868934472112,42.691197397292264,39,6,0,False
8.5,6,0.8,0.6502988668974539,0.6874849582761073,232.55623158294114,0.011,0.010277876860705025,0.19835811519093927,0.14236078007995057,36.850750285728466,39,6,0,False
8.5,6,0.8,0.8628611440424322,0.5890809912991571,181.85252167898264,0.011,0.010203745543019966,0.11584402857904727,0.11768080273494262,41.41853904601267,39,6,0,False
8.5,6,0.8,0.8031530370402992,0.6930389252602822,189.8590974313377,0.011,0.010289190116601813,0.1617386039426154,0.1429640220534464,36.74572263277063,39,6,0,False
8.5,6,0.8,0.7401651738203013,0.6573688303154483,200.4185664975931,0.011,0.01025707913528131,0.1624937229953791,0.13583159483961768,38.03711587363702,39,6,0,False
8.5,6,0.8,0.8377292903856923,0.5405269519612578,196.21742144331694,0.011,0.010159439742127638,0.10451113490543522,0.10545307099162597,44.02456478407084,39,6,0,False
8.5,6,0.8,0.8806679510285285,0.5641284199612144,190.16611159577226,0.011,0.010182064894239664,0.10548605626346395,0.11083321793641146,42.84926392785625,39,6,0,False
8.5,6,0.8,0.8489905567819909,0.6179714067145821,176.5262611660953,0.011,0.010229362560292698,0.12734930375260836,0.12542829686810003,39.94872418871375,39,6,0,False
8.5,6,0.8,0.80740448129298,0.5778985242892599,191.06483631318005,0.011,0.01019117823859304,0.12124482862346786,0.11579055509600356,41.80004134440991,39,6,0,False
8.5,6,0.8,0.7667755532337841,0.5,220.3619822655526,0.011,0.010132207138567856,0.10282659331931786,0.09651586604109486,46.187843813540894,39,6,0,False
8.5,6,0.8,0.8242090172510997,0.5224087927613458,202.4208716004787,0.011,0.010144970232665062,0.10094639661303827,0.10096930810273377,45.07313886581698,39,6,0,False
8.5,6,0.8,0.8716085086874329,0.5856661624434043,183.17733273558872,0.011,0.010201341359958739,0.11343577925696392,0.11662467298635004,41.630420043579626,39,6,0,False
8.5,6,0.8,0.7512421165481207,0.6806503509558731,200.7178718096983,0.011,0.010275395028683241,0.16865405925510576,0.14063411320513577,37.155231345734414,39,6,0,False
8.5,6,0.8,0.7800726816116446,0.6521821525812176,189.77770460695282,0.011,0.010254539336127664,0.15188699352252769,0.13444300195352896,38.30221386802238,39,6,0,False
8.5,6,0.8,0.8084912434224146,0.5,212.8161022254209,0.011,0.010129684186299576,0.09641774056844037,0.09549658578388917,46.45393690378512,39,6,0,False
8.5,6,0.8,0.7530560050895572,0.6183804848770139,196.13937108835572,0.011,0.01022587712587544,0.14539136500741454,0.1268363528091052,39.69683271759923,39,6,0,False
8.5,6,0.8,0.7729020257336243,0.6199243351466995,191.33483607277583,0.011,0.010227254035622343,0.1418987012913044,0.12698565607414017,39.67039708713089,39,6,0,False
8.5,6,0.8,0.7450121646523105,0.5468290336698537,210.84764291021185,0.011,0.010167589578719688,0.12198286825088235,0.10903293109374002,43.235864353101746,39,6,0,False
8.5,6,0.8,0.7428546888508964,0.5250730083799511,217.2367919848934,0.011,0.010151453898556203,0.11505177573411876,0.10347003341159411,44.479888347035384,39,6,0,False
8.5,6,0.8,0.71287623650073,0.6408856734976259,205.7040247593214,0.011,0.010244288258385015,0.16268213589026875,0.13258672530469723,38.66522573169547,39,6,0,False
8.5,6,0.8,0.7119514832629017,0.691137367238102,213.0891084081643,0.011,0.010281023372130693,0.18237964877730684,0.14296968636662025,36.74473716329684,39,6,0,False
8.5,6,0.8,0.7857231527877458,0.5287740472572457,207.21721500619196,0.011,0.010150868764113087,0.10892402330076087,0.10351601162661679,44.46917313884323,39,6,0,False
8.5,6,0.8,0.801799938694753,0.5856409613255357,190.6878169016004,0.011,0.010197942797058013,0.12477077354209622,0.11785820307345807,41.38326026718015,39,6,0,False
8.5,6,0.8,0.6464883949328317,0.6488760012131515,228.03578995619927,0.011,0.01025285218863303,0.18339301267386973,0.13459292543112727,38.2733296595705,39,6,0,False
8.5,6,0.8,0.7974304644114066,0.5648343943329006,195.66154758867066,0.011,0.010179906147249016,0.11865600141895206,0.1126490250630715,42.45684122916013,39,6,0,False
8.5,6,0.8,0.6688197949452714,0.5667051768144334,227.0759175458461,0.011,0.010191621010874776,0.14507881970658987,0.11516119524748546,41.92938352957149,39,6,0,False
8.5,6,0.8,0.8798328022822756,0.6361085368183639,170.7280200683944,0.011,0.010249500553831142,0.12815413824692815,0.12970402275009923,39.19711107711508,39,6,0,False
8.5,6,0.8,0.8474621436728432,0.5536034601420803,192.1068804217409,0.011,0.010170812485914567,0.10709982359385059,0.10873616480209218,43.299791769427934,39,6,0,False
8.5,6,0.8,0.8111703111058401,0.8106200443531488,207.22592390171218,0.011,0.010366060247095512,0.2035590813328035,0.16592127371505763,33.02617875456986,39,6,0,False
8.5,6,0.8,0.6784006074563926,0.7278374783844498,229.37204335891514,0.011,0.01030303692771365,0.20672619686086188,0.150431300393687,35.50169126167402,39,6,0,False
8.5,6,0.8,0.8232169218508004,0.5138974807798633,205.87162703574705,0.011,0.010138783377623006,0.0984902353046473,0.09875427144368469,45.617814567269896,39,6,0,False
8.5,6,0.8,0.7922787419672755,0.5865891957541803,192.42506115965855,0.011,0.010198745234986184,0.12677331101119874,0.11825372471091822,41.30492296515964,39,6,0,False
8.5,6,0.8,0.7251539015247078,0.5820043319673479,208.55530402881612,0.011,0.010197218382287293,0.13817782456390126,0.11812008248129366,41.33134326035846,39,6,0,False
8.5,6,0.8,0.8268826802868303,0.6424279424494145,178.30586037191492,0.011,0.010249495234817963,0.13937077696331124,0.13192177484228837,38.796574430224,39,6,0,False
8.5,6,0.8,0.838068355981229,0.5579222860122657,190.24543347103693,0.011,0.010174185448076687,0.10987163379234105,0.11009896402852139,43.00844588979678,39,6,0,False
8.5,6,0.8,0.8970845439857097,0.7351109470482036,176.63362262916394,0.011,0.01033639240351287,0.1579783024759917,0.1513905854452579,35.34641331994088,39,6,0,False
8.5,6,0.8,0.7545073760604494,0.5289876502883146,213.53212439533638,0.011,0.010153222961824858,0.11428049162161762,0.10423377446179778,44.30288258274128,39,6,0,False
8.5,6,0.8,0.7904041840314443,0.609356583236324,189.0580359302517,0.011,0.010218553572978132,0.13484305982139244,0.12406974127381046,40.19628128829859,39,6,0,False
8.5,6,0.8,0.7608259967870211,0.6524510923751421,194.46243234069885,0.011,0.0102538674001366,0.15606236625071063,0.13465162920265517,38.26203726567711,39,6,0,False
8.5,6,0.8,0.8023964886747494,0.5,213.84539815680515,0.011,0.01012996799279007,0.09731470823424775,0.09564755575985737,46.41425004788069,39,6,0,False
8.5,6,0.8,0.7587283786714265,0.6473174121483549,194.31550300698217,0.011,0.010249694797958918,0.15464307475706082,0.13358588668560695,38.46858655945568,39,6,0,False
8.5,6,0.8,0.8380712293247975,0.5833197197958,184.43856095385112,0.011,0.010196997083323119,0.11791858439183667,0.11663469193833441,41.6283949826731,39,6,0,False
8.5,6,0.8,0.9197525364096364,0.5409677887443657,200.66714155778433,0.011,0.010165158045579195,0.09340593301716991,0.10359783745352227,44.45012252784711,39,7,0,False
8.5,6,0.8,0.9333215182832261,0.7151489299051976,169.98126231822567,0.011,0.010328601650630003,0.14499190434508447,0.1468055926390578,36.092587826576256,39,7,0,True
8.5,6,0.8,0.7677518352214482,0.5952949187164442,196.15568077290925,0.011,0.010206366450690943,0.13430594909250365,0.12083390143209402,40.803385969983616,39,7,0,False
8.5,6,0.8,0.8448345798172788,0.5202585647316523,204.43884507791515,0.011,0.010143482580136984,0.09731453070449109,0.0999004517699235,45.33355315778439,39,7,0,False
8.5,6,0.8,0.8076962271907592,0.5914333403945718,188.49614054268392,0.011,0.010203206045996867,0.12566193536241585,0.11924029463022859,41.111413854445956,39,7,0,False
8.5,6,0.8,0.9673214834743302,0.6410329213907675,172.82332706917944,0.011,0.010269054620269452,0.11659491261145229,0.12959355952594892,39.216063919357694,39,7,0,False
8.5,6,0.8,0.8247044923772866,0.5636641792831442,190.8534520582194,0.011,0.010178937310505428,0.1137802194305732,0.11184205961925228,42.62992260570591,39,7,0,False
8.5,6,0.8,0.9466433077525452,0.7822263508313769,175.32915907329962,0.011,0.010380418317119153,0.16482029629480674,0.16039322845613135,33.86612424128867,39,7,0,False
8.5,6,0.8,1.004072655402453,0.6939300561013376,171.90189571307232,0.011,0.010327640551179582,0.1274512556114855,0.14133727927827536,37.03034470433148,39,7,0,True
8.5,6,0.8,0.8949305211636301,0.5609648580793504,191.92963272961427,0.011,0.010180386521693223,0.10253900775389557,0.10967208822936887,43.099120942924635,39,7,0,False
8.5,6,0.8,0.8139025878941581,0.5475020059648584,196.74186506817964,0.011,0.010165045031486228,0.11035832764421297,0.1078318648507423,43.49614088161511,39,7,0,False
8.5,6,0.8,1.0132308750943386,0.5420018807787997,207.173683996945,0.011,0.010181616380164092,0.08283318547713657,0.1013439559258108,44.98290274311948,39,7,0,False
8.5,6,0.8,0.8356980630348325,0.6292748388417191,177.26965889137594,0.011,0.010238543915937695,0.1333604127047185,0.12855734783293324,39.395177667575624,39,7,0,False
8.5,6,0.8,0.8479207522763261,0.6203928062877724,176.34904505061215,0.011,0.010231507816796373,0.12832063457849088,0.12607322193779907,39.83276834026234,39,7,0,False
8.5,6,0.8,0.8281549636167347,0.6648706059504853,180.7989365299587,0.011,0.010269006423312552,0.14681733985230375,0.13675469354960448,37.86384532638511,39,7,0,False
8.5,6,0.8,0.8594753690166469,0.6229981443151479,173.96454018671415,0.011,0.01023499619638113,0.12724244490259135,0.12657614114023702,39.743030156246846,39,7,0,False
8.5,6,0.8,0.8191679211418641,0.6936636077748548,186.41726597437972,0.011,0.010291546913172616,0.15865439494810168,0.14299974397083295,36.73950908168847,39,7,0,False
8.5,6,0.8,0.9595290799208225,0.5711853539428333,192.08500024549818,0.011,0.01019846932273092,0.0970947515209711,0.11094661912916803,42.824441893655276,39,7,0,False
8.5,6,0.8,0.9366062677062519,0.6295332530106964,174.2767087338474,0.011,0.010251852020386837,0.11743310166681227,0.1270407211279424,39.660660360477124,39,7,0,False
8.5,6,0.8,0.8543411977314341,0.5762015841499303,185.22870140251192,0.011,0.010191267199955122,0.11310563961343287,0.11449932506541242,42.066690107423724,39,7,0,False
8.5,6,0.8,0.9089476564409709,0.638510705295555,171.15643294583282,0.011,0.010255890514086999,0.12432635609854063,0.1298935773165751,39.16465084835295,39,7,0,False
8.5,6,0.8,0.7359176247650296,0.5661798065542715,208.78573153995276,0.011,0.010183730477855927,0.13039152711263263,0.114036699763392,42.16345507496523,39,7,0,False
8.5,6,0.8,0.8010198592534454,0.6200769146622479,185.29733960735197,0.011,0.01022823263360884,0.13652938441072932,0.12665911690173418,39.728281606701195,39,7,0,False
8.5,6,0.8,0.9103770615770735,0.5956274707880774,181.98591029381993,0.011,0.010214863471651575,0.11083327493525426,0.11850281025328106,41.25581294166708,39,7,0,False
8.5,6,0.8,0.9307189610918167,0.7221387984407492,169.91903309259632,0.011,0.010333658745363019,0.14771008612147393,0.14835691833949563,35.83662387074149,39,7,0,True
8.5,6,0.8,0.7946065187536279,0.5386174631034581,202.69682645393902,0.011,0.010158172958851772,0.11062897417533112,0.10589720854270979,43.92446294156719,39,7,0,False
8.5,6,0.8,0.8241477148440696,0.6776925970964042,183.25973654074096,0.011,0.01027924984785712,0.15204155728845503,0.1395481478141557,37.35056213129386,39,7,0,False
8.5,6,0.8,0.8792988664961454,0.6313183855100613,171.78538102122454,0.011,0.010244960448089402,0.12669879806834095,0.12845485574418936,39.41299819279912,39,7,0,False
8.5,6,0.8,0.743300917669356,0.5234097615833488,217.61333957764944,0.011,0.010150137442191067,0.11442084262949366,0.10303753984565243,44.58105607779757,39,7,0,False
8.5,6,0.8,0.7618389889187477,0.6121925330649405,194.93011153255958,0.011,0.010220695526806876,0.14138769201028903,0.12516949287792828,39.99553706749906,39,7,0,False
8.5,6,0.8,0.8295533492094522,0.6572968619813377,179.57902485405606,0.011,0.01026274360631326,0.14394716949331302,0.13510307188936846,38.17552316448378,39,7,0,False
8.5,6,0.8,0.8087339628347023,0.5658001502187965,193.2965587863064,0.011,0.010180690823484244,0.11706899205892678,0.11268674052493825,42.44880255554838,39,7,0,False
8.5,6,0.8,0.8071519365268316,0.5244063120998818,204.62460485568766,0.011,0.010146774465234723,0.10414066985705513,0.10189351007216711,44.85150130013846,39,7,0,False
8.5,6,0.8,0.8551620456772416,0.6286857205775275,173.87503457096133,0.011,0.010239824705687179,0.1298167661938832,0.12812509976135328,39.47034182545266,39,7,0,False
8.5,6,0.8,0.7762473432974671,0.685943847963927,195.1743743364792,0.011,0.010281117491095811,0.164955432390015,0.14161470360206763,36.98141083606954,39,7,0,False
8.5,6,0.8,0.7764849568926614,0.5167646293480559,212.72852087328172,0.011,0.010142627236951975,0.1065877556682173,0.10060201231966394,45.162126214985754,39,7,0,False
8.5,6,0.8,0.7429676102401127,0.5290781559753837,216.05744629253803,0.011,0.0101543550980047,0.11636956939514019,0.1044946043634863,44.242907860432915,39,7,0,False
8.5,6,0.8,0.8120421633171756,0.6018765433840915,185.87204069178506,0.011,0.010212604386334203,0.1283770742540845,0.12184433356878833,40.61136695388673,39,7,0,False
8.5,6,0.8,0.8225179515161342,0.6018276560918217,183.88141255595932,0.011,0.010212945228600438,0.12653767619529158,0.12166995327595911,40.64431528279499,39,7,0,False
8.5,6,0.8,0.7707088419769917,0.6125007702538209,192.86598545769522,0.011,0.01022096107243385,0.1397259563160055,0.12513334024260866,40.00208929630047,39,7,0,False
8.5,6,0.8,0.7846890723686841,0.5301160361388421,207.03042954165272,0.011,0.010152008590571372,0.10952117811379088,0.10388568926445652,44.38329648537045,39,7,0,False
8.5,6,0.8,0.8183908327041637,0.7257437258802386,191.002239938648,0.011,0.01031560050862905,0.17031623910393495,0.14979898836901953,35.60295627986706,39,7,0,False
8.5,6,0.8,0.8430416583848565,0.5711339004234928,186.30193348170235,0.011,0.010186126836920184,0.11325672878814193,0.113408403846911,42.295848137212275,39,7,0,False
8.5,6,0.8,0.9905128378527528,0.5677493101965773,195.2608424040248,0.011,0.010200885397183147,0.0923971273589324,0.10923018501409987,43.193527241620835,39,7,0,False
8.5,6,0.8,0.7800317199567222,0.6424837175961383,188.54759222805268,0.011,0.010246491092918227,0.14843744583869053,0.1323869292789899,38.70456131404903,39,7,0,False
8.5,6,0.8,0.9599731461491169,0.6266383179121338,175.97019095510603,0.011,0.010253361567802453,0.11328364463813105,0.12584051882636457,39.874493244483844,39,7,0,False
8.5,6,0.8,0.8238777788812263,0.5628580196498438,191.17726591930065,0.011,0.010178206245687388,0.11365574174411504,0.11165231619492882,42.670923147121314,39,7,0,False
8.5,6,0.8,0.826634350502631,0.624534090391177,179.63067673006893,0.011,0.010233625279839132,0.13337473300446856,0.1274544953366529,39.587720501671484,39,7,0,False
8.5,6,0.8,0.8585172049723655,0.5612074577755286,190.08648987257422,0.011,0.010177991064261503,0.10780624129038506,0.11053651728643986,42.91440947558393,39,7,0,False
8.5,6,0.8,0.8471440218221119,0.5415915630773328,196.28023382516733,0.011,0.01016045515528424,0.10345307888872919,0.10552607837125798,44.00806369499689,39,7,0,False
8.5,6,0.8,0.7981510247717445,0.5626113232557953,195.99729878727433,0.011,0.010177976081420617,0.11780709167032656,0.11207309448261683,42.58015643166449,39,7,0,False
8.5,6,0.8,0.880127913818217,0.5810800071335886,184.8645211101085,0.011,0.010197726926468809,0.11074835998257893,0.11526580420258813,41.90780303572335,39,7,0,False
8.5,6,0.8,0.822496356002604,0.510941847546554,207.08859227591006,0.011,0.010136698182847709,0.09769715834779345,0.09799826937178252,45.80822217296296,39,7,0,False
8.5,6,0.8,0.8043343533515879,0.6744249970788933,187.1158777712351,0.011,0.010274554286503994,0.15483862435255616,0.13899693224912785,37.450870721224526,39,7,0,False
8.5,6,0.8,0.8514732683147245,0.6396947150867092,173.1545537031292,0.011,0.010249437003887403,0.13407598713391192,0.13104621907388053,38.96895751460556,39,7,0,False
8.5,6,0.8,0.8064294768571738,0.7405427985915836,196.0310336596812,0.011,0.010324212059841202,0.17834854158154162,0.15277994853991947,35.107069363002715,39,7,0,False
8.5,6,0.8,0.789683896589593,0.5722423271864725,195.66582949692815,0.011,0.010186309889106253,0.12244248218756779,0.11466182674688212,42.032855790127215,39,7,0,False
8.5,6,0.8,0.8343971965814279,0.6465004295903742,177.27294097730444,0.011,0.01025377607355089,0.13938103107648422,0.1327269635595616,38.63746279117142,39,7,0,False
8.5,6,0.8,0.9067733939219282,0.6468008377089345,170.18088423056005,0.011,0.01026329514376399,0.12728862728737544,0.1319673802699438,38.787530522721994,39,8,0,True
8.5,6,0.8,0.7429064241028441,0.8001880213640495,223.23431830540693,0.011,0.01034896409984434,0.21757703792638433,0.1638125945336292,33.340727828365814,39,8,0,False
8.5,6,0.8,0.8408384754694124,0.6499030237368115,176.40255164616053,0.011,0.010257403134338998,0.13936724512899365,0.13339672781901876,38.50559117952217,39,8,0,False
8.5,6,0.8,0.8289898117433319,0.7131911139117826,186.96327396055798,0.011,0.010307921330516789,0.16358920249179515,0.1470964730201585,36.044304736869734,39,8,0,False
8.5,6,0.8,0.8549562959364655,0.5788246087351491,184.48396341924152,0.011,0.010193749040539032,0.11383355431110433,0.11516429944966011,41.928742670059805,39,8,0,False
8.5,6,0.8,0.9790524133645365,0.6809649027541437,171.36443542500896,0.011,0.010309584995534034,0.12707774048369322,0.13872092696259383,37.50139594049748,39,8,0,True
8.5,6,0.8,0.8583650871878102,0.730841438998632,183.3557164537677,0.011,0.01032583869742933,0.16390065434051537,0.1507017856612751,35.45854264728023,39,8,0,False
8.5,6,0.8,0.9451652941731856,0.5660622025846926,192.9823564404492,0.011,0.010191275672880582,0.09742029652202405,0.10989329426710501,43.05206289433811,39,8,0,False
8.5,6,0.8,1.027941325193863,0.6888383064350346,172.67500630266895,0.011,0.010329515542600625,0.12262249027385352,0.13987462101891276,37.29152279416114,39,8,0,True
8.5,6,0.8,0.8071368019772426,0.5678991907072495,193.14963462618624,0.011,0.010182508583326656,0.11801767829074913,0.11325070995270736,42.32913187394978,39,8,0,False
8.5,6,0.8,0.8621433938860703,0.565708772660038,188.79369398799577,0.011,0.010182200763946865,0.10866031683805058,0.11162797132984101,42.67619212324466,39,8,0,False
8.5,6,0.8,0.7925001474455533,0.604394089246004,189.3821654394161,0.011,0.010214281852977465,0.13275591663649164,0.12277905463695693,40.43571068404493,39,8,0,False
8.5,6,0.8,0.8386691118435659,0.6624275896469627,178.36492713846206,0.011,0.010268115001103905,0.14400889280796492,0.13612951711370108,37.980939517178754,39,8,0,False
8.5,6,0.8,0.9125257905284989,0.6612851130625826,170.0227307615028,0.011,0.010277695812447054,0.13099573447028517,0.13510817051448426,38.17454935390003,39,8,0,True
8.5,6,0.8,0.8553768370564504,0.5640870022206076,189.0187313245288,0.011,0.010180415255937618,0.10916465339018594,0.11134394002683906,42.73780759903627,39,8,0,False
8.5,6,0.8,0.8052309882253824,0.6377437843770425,182.29993994942356,0.011,0.010243824477525082,0.14181067156087876,0.13113047001351727,38.95449169293519,39,8,0,False
8.5,6,0.8,0.8505976286350677,0.7322688268347333,185.1058354327663,0.011,0.01032547279477433,0.16595740296870112,0.15104379669932883,35.404203709403326,39,8,0,False
8.5,6,0.8,0.8322777516284852,0.6069124017454581,181.24677385124042,0.011,0.010218067144403483,0.12654315358005258,0.1228253991801757,40.42704060590477,39,8,0,False
8.5,6,0.8,0.9472021793429495,0.6452313276861903,171.1975286534049,0.011,0.010268944451225462,0.12072039232347936,0.1310739415636947,38.96428625184654,39,8,0,True
8.5,6,0.8,0.8174138176855721,0.5947914221222033,186.0426151378895,0.011,0.01020645008602149,0.12509083550350755,0.11994401336850001,40.97473409263888,39,8,0,False
8.5,6,0.8,0.8403246490336435,0.5478039350571227,193.7646102059016,0.011,0.0101656214185599,0.10637202516194066,0.10733772691602483,43.60436490497939,39,8,0,False
8.5,6,0.8,1.0262311356106415,0.7537459953925998,172.3053629717678,0.011,0.010382831792551497,0.14256164104013716,0.15422285057174293,34.863467286297784,39,8,0,True
8.5,6,0.8,0.8172080090541409,0.7121479556772101,189.35939814207558,0.011,0.010305471906839236,0.16566112785922776,0.1469347574509702,36.07112439219847,39,8,0,False
8.5,6,0.8,0.9195714311277906,0.6592438276165455,170.21913453533062,0.011,0.010277068423691318,0.12923781274008284,0.134571416599225,38.277469604843866,39,8,0,True
8.5,6,0.8,0.752028610066182,0.5853021417740428,201.42394089298136,0.011,0.010198397963931275,0.13389306677305488,0.11855242670034977,41.24605106668168,39,8,0,False
8.5,6,0.8,0.8603337524780854,0.8172002124844477,197.30535341550652,0.011,0.010379659749387395,0.19443358554540033,0.16720675525101508,32.83709966390266,39,8,0,False
8.5,6,0.8,0.8584180792397065,0.7217509227125408,182.10775343036698,0.011,0.01031903334596019,0.1607179039037278,0.14876189118239133,35.77054943078317,39,8,0,False
8.5,6,0.8,0.8634232183514962,0.6340554906456553,171.69813725504332,0.011,0.010245582643824023,0.1301900961081806,0.12940838051047926,39.24789686066119,39,8,0,False
8.5,6,0.8,0.8172808891860778,0.5513571000143158,195.13818388467882,0.011,0.010168342743298194,0.11104320091189619,0.10878095874376134,43.29012465279265,39,8,0,False
8.5,6,0.8,0.8606274334235419,0.5826449002484597,183.596416364816,0.011,0.010197632505570809,0.11416248262743137,0.11604770565058005,41.747531324436004,39,8,0,False
8.5,6,0.8,0.7994803232656045,0.7312772814241956,196.08359517889286,0.011,0.010316836739917692,0.17649097573638053,0.15102265623846706,35.407555436904964,39,8,0,False
8.5,6,0.8,0.8602110395943876,0.5637121862521787,189.3483789671952,0.011,0.010180303467886589,0.1083294966604241,0.1111499880456053,42.78003332478654,39,8,0,False
8.5,6,0.8,0.9087911510051034,0.6670975993759101,169.84092194262348,0.011,0.010282282705329476,0.1334591467387065,0.13644234307938577,37.92221490454201,39,8,0,True
8.5,6,0.8,0.9033332081872657,0.615652302920626,176.37161704409579,0.011,0.010233205308527461,0.11802093041966052,0.12393052603537073,40.221905482400636,39,8,0,False
8.5,6,0.8,0.8613488776279288,0.6273338684519857,173.01078639996805,0.011,0.010239227637178166,0.12834100042720184,0.12767961371560188,39.54820247065679,39,8,0,False
8.5,6,0.8,0.9882333515248821,0.6236795448202492,178.03543655621937,0.011,0.010256301915415015,0.108649560211589,0.12449655006244166,40.118021136450146,39,8,0,False
8.5,6,0.8,0.9323344805851872,0.5777424840076141,188.3962780671945,0.011,0.010200580066062061,0.1024755678068006,0.11330947208011753,42.31672017665669,39,8,0,False
8.5,6,0.8,0.8847000464828525,0.6879202386605809,172.79035200965592,0.011,0.010296446393911092,0.14432528487261678,0.14126062564357306,37.04389895747807,39,8,0,False
8.5,6,0.8,0.8289234639432247,0.6305113057146287,178.36978941223387,0.011,0.010239132378696371,0.1349734713691961,0.12896837875100864,39.323841162897274,39,8,0,False
8.5,6,0.8,0.9354064923846466,0.6502784640254218,170.7815634011984,0.011,0.010271575502981807,0.12400823890495637,0.13237584394127513,38.70674723295278,39,8,0,True
8.5,6,0.8,0.8056111813258069,0.8098256645062007,208.4273883908053,0.011,0.010364598300249621,0.2046361787676518,0.16576201799337023,33.049632230470806,39,8,0,False
8.5,6,0.8,1.05,0.735065873450478,172.9855032179494,0.011,0.010375753535800275,0.13341192507960173,0.1500944898705294,35.55562410530805,39,8,0,True
8.5,6,0.8,0.8096982664834036,0.6010967469231094,186.4498400896929,0.011,0.010211785518010575,0.12853253480385252,0.1216822951170757,40.64198075708068,39,8,0,False
8.5,6,0.8,1.017771302297333,0.6398108431688397,175.40643298542014,0.011,0.010279540408818125,0.10956507725229034,0.12832155978673931,39.436148405987794,39,8,0,False
8.5,6,0.8,0.8669154999946278,0.5578658194311104,191.58641837915826,0.011,0.010175514773050178,0.10555031480697746,0.1094569761573379,43.145001580599875,39,8,0,False
8.5,6,0.8,0.7514219978039762,0.5264657870492083,214.93042078951186,0.011,0.0101516272059031,0.11399011795758311,0.10364946970004241,44.43811397302191,39,8,0,False
8.5,6,0.8,0.8344513149820277,0.63074459374174,177.30250240783207,0.011,0.010239780964068112,0.13407004763587604,0.12895373782293082,39.3263756358616,39,8,0,False
8.5,6,0.8,0.8588461011854551,0.6465613875724324,172.5414302349631,0.011,0.010256447810344694,0.1350783270274457,0.1324795961247047,38.68630253902434,39,8,0,False
8.5,6,0.8,0.8839449874914198,0.5973023927206262,180.41447428504026,0.011,0.010213395485794816,0.11520881899977227,0.1194451937676469,41.07155875491834,39,8,0,False
8.5,6,0.8,0.9133141106841394,0.5783802657648071,187.21903832268305,0.011,0.010198657623360582,0.10522217020026575,0.11388527062872926,42.195271818222686,39,8,0,False
8.5,6,0.8,0.9132220144770093,0.6673854002982786,169.93417788219566,0.011,0.010283335500346706,0.1328393681849704,0.13645639944458487,37.91958247094946,39,8,0,True
8.5,6,0.8,0.7786551168352452,0.5497570229966939,202.85965028584707,0.011,0.010167804875136566,0.11692489949807337,0.1091455461070323,43.21167849186416,39,8,0,False
8.5,6,0.8,0.857060190845358,0.6360349957013356,172.52457026125035,0.011,0.010246718599610532,0.1319096401841763,0.13001472137620898,39.14394699516534,39,8,0,False
8.5,6,0.8,0.8965177923445526,0.5575112992267846,193.20356977135543,0.011,0.010177457650901073,0.10128953431084316,0.10868968014096399,43.30983051510432,39,8,0,False
8.5,6,0.8,0.8759439273963144,0.6267404512114858,172.72319123538958,0.011,0.010240246825798884,0.12576875899473708,0.12730340752887934,39.61430831667745,39,8,0,False
8.5,6,0.8,0.8041869063654017,0.8210293688498491,210.8521019204696,0.011,0.010369702390169738,0.20930378347265458,0.16780435994884377,32.75000408911056,39,8,0,False
8.5,6,0.8,0.8278043686565412,0.5458873616936882,194.78135622277043,0.011,0.010163742204654179,0.10767765042038004,0.10710276140133045,43.6561061031829,39,8,0,False
8.5,6,0.8,0.8173273455440477,0.6432871253862482,180.38648335247674,0.011,0.010249458029600323,0.14143424813896022,0.1322056059771038,38.740362202441375,39,8,0,False
8.5,6,0.8,0.7297591983155546,0.6826072509070309,206.76202829620473,0.011,0.010275744950580142,0.17453915396440894,0.1411418896376301,37.06492323617972,39,9,0,False
8.5,6,0.8,0.8267590804862389,0.5,212.24553943287222,0.011,0.010129390980986865,0.09379127273528126,0.09502782360020813,46.57780817036944,39,9,0,False
8.5,6,0.8,0.8754807880540879,0.6692511370134482,172.1665309923305,0.011,0.010278797752979964,0.13972743919240774,0.1372690386141036,37.76830200981829,39,9,0,False
8.5,6,0.8,0.8215847483446809,0.7130457819586236,188.5337666380846,0.011,0.010306787161074868,0.16506573914275735,0.14710193927486492,36.043399210848115,39,9,0,False
8.5,6,0.8,0.7938961458803772,0.5838483658295558,192.596018789991,0.011,0.010196352354473208,0.1255665233739866,0.11753084789704069,41.44842920086523,39,9,0,False
8.5,6,0.8,0.6845866081924865,0.5959589443336646,217.51742814379708,0.011,0.010211530073099608,0.15238647803010746,0.12208077491158835,40.56680170714714,39,9,0,False
8.5,6,0.8,0.8128248579724089,0.7321333752417462,193.15202004784678,0.011,0.010319327414616945,0.17384385854320974,0.15116163177858405,35.38553851500032,39,9,0,False
8.5,6,0.8,0.9325397884956872,0.5,220.36975538637557,0.011,0.010135585658344689,0.08040676662290003,0.09148503300694438,47.373882066702514,39,9,0,False
8.5,6,0.8,0.7076204992901372,0.5699471562816625,215.29232560188143,0.011,0.010189172026438762,0.13755252799109566,0.11540084621959981,41.87999273599896,39,9,0,False
8.5,6,0.8,0.7912870857564597,0.5814320451161638,193.57246710737218,0.011,0.010194255161137242,0.12522239123512274,0.1169601479404254,41.56277057657839,39,9,0,False
8.5,6,0.8,0.8687419746596986,0.5900736314521301,181.80628654711282,0.011,0.010205159081179794,0.11525193029473624,0.11783084406629242,41.38869524114647,39,9,0,False
8.5,6,0.8,0.7757430887205744,0.8156015978410269,217.110134767855,0.011,0.010361787674759142,0.21464019732595185,0.1667260871633479,32.90764627969237,39,9,0,False
8.5,6,0.8,0.8990728395695431,0.6018388439041159,179.80324799382424,0.011,0.010219471570453012,0.11436774842909632,0.12035831107394672,40.89469735729721,39,9,0,False
8.5,6,0.8,0.8157861762188614,0.6583979671579776,182.57882611269102,0.011,0.010262267885007472,0.14694488825588325,0.13546876176188047,38.10586320900169,39,9,0,False
8.5,6,0.8,0.8997696997252284,0.6417367247665394,170.15151810022732,0.011,0.010257541394830177,0.1267738201129746,0.13088931773910228,38.99542664475947,39,9,0,True
8.5,6,0.8,0.821508854018473,0.6214761325605211,181.04477158767997,0.011,0.010230568105702272,0.13326090630934398,0.12673613827193425,39.71460585000882,39,9,0,False
8.5,6,0.8,0.8439028096035812,0.6771145284739358,179.14451325383516,0.011,0.010281179218692194,0.14806119660423656,0.13926664263978056,37.40169075629457,39,9,0,False
8.5,6,0.8,0.7533737420275034,0.6684207313312043,198.46816502605847,0.011,0.010266165812572114,0.16359525968766486,0.13806915539435216,37.6210743833913,39,9,0,False
8.5,6,0.8,0.7905567565660588,0.6450038704282914,186.44230596035,0.011,0.010249147558771217,0.1472064594032228,0.13282853023006227,38.617379507997846,39,9,0,False
8.5,6,0.8,0.8131145275703167,0.693624440771771,187.7295620634103,0.011,0.010290817646543158,0.15987558177898342,0.14302768498622717,36.73465110992256,39,9,0,False
8.5,6,0.8,0.759524833298596,0.6560731389659094,195.26079370114115,0.011,0.010256687892808793,0.1576713196132683,0.13542569904645413,38.11404676037856,39,9,0,False
8.5,6,0.8,0.7491488954406922,0.6452809040587764,196.46686873445205,0.011,0.01024777179685155,0.1559905670149697,0.1332347393875017,38.53736396618353,39,9,0,False
8.5,6,0.8,0.9120476149296161,0.5613785607982933,192.70849000287504,0.011,0.010182566839773453,0.10034483819694452,0.10938742684304269,43.159865656998846,39,9,0,False
8.5,6,0.8,0.7406644759300895,0.6062890711928186,200.82949677488588,0.011,0.010216144548052294,0.14364235020670543,0.12395635843878718,40.21714708637777,39,9,0,False
8.5,6,0.8,0.7875443371503574,0.5301972908760517,206.4520827341124,0.011,0.010151892968276103,0.10908168751597563,0.10384614854692806,44.39245842945913,39,9,0,False
8.5,6,0.8,0.849666017317601,0.8555823482557627,206.91738717668937,0.011,0.01039411291115331,0.21116529848719862,0.1738920728108046,31.846925057014513,39,9,0,False
8.5,6,0.8,0.8081066058240292,0.7171223680395368,192.07949424854183,0.011,0.01030793515402095,0.16939763879822903,0.1480242926457696,35.891163149390465,39,9,0,False
8.5,6,0.8,0.8419440221600228,0.6105518397308951,178.93247044603413,0.011,0.010222070261554658,0.12610188326164232,0.12361151666973623,40.28080501859258,39,9,0,False
8.5,6,0.8,0.858742096965026,0.6695709524415339,175.32026305194384,0.011,0.010276743807884606,0.1427789785105722,0.1374990889965498,37.725797463138726,39,9,0,False
8.5,6,0.8,0.9125309336409286,0.604495096329765,179.64775667030688,0.011,0.010223759501872905,0.11322927725503185,0.12081052814778746,40.80785949658319,39,9,0,False
8.5,6,0.8,0.8022450154439951,0.7018889277412417,191.27954830813133,0.011,0.010295880366146417,0.16512634532234452,0.14483958609877057,36.42311938032414,39,9,0,False
8.5,6,0.8,0.8508969392462835,0.5905189124878802,181.00473609170092,0.011,0.010204219256178796,0.11817353837891469,0.11827130493971462,41.30145116433436,39,9,0,False
8.5,6,0.8,0.905034672066203,0.7049631691367756,171.3297426315931,0.011,0.010314350466782819,0.14644954200735572,0.14481263786014456,36.42770544036715,39,9,0,False
8.5,6,0.8,0.751371156392669,0.5748678813047168,203.45414658019217,0.011,0.010189762180296576,0.13039398812418213,0.11595257511860471,41.76693422719845,39,9,0,False
8.5,6,0.8,0.9803083027042386,0.5609708370819558,197.04393925719182,0.011,0.010192411710303795,0.09170154042142066,0.10758549192082219,43.550001067572644,39,9,0,False
8.5,6,0.8,0.920821831362123,0.6885063291418142,169.84978668135383,0.011,0.01030355134800753,0.13841063128720318,0.14105096513110077,37.081046742585016,39,9,0,True
8.5,6,0.8,1.0178695897848133,0.6753073897876645,172.58312406392977,0.011,0.010314201675149811,0.11995758248910975,0.13691961771068215,37.83313205598792,39,9,0,True
8.5,6,0.8,0.8007136237259268,0.701778380343179,191.61009825010237,0.011,0.010295592742053527,0.16541538343191903,0.1448250292620675,36.425596456874366,39,9,0,False
8.5,6,0.8,0.7966338645793616,0.5871698972250813,191.43268345336028,0.011,0.010199216232892556,0.1261929513021896,0.11833323345840459,41.28922817609294,39,9,0,False
8.5,6,0.8,0.8203050629627722,0.6684685403255722,182.89118967706196,0.011,0.01027125001297758,0.14956957800752088,0.13759748477905034,37.7076605909231,39,9,0,False
8.5,6,0.8,0.9048129633640423,0.5,217.95265526368905,0.011,0.010132522626653182,0.08365069674907145,0.09247485807440736,47.15043411408384,39,9,0,False
8.5,6,0.8,0.9897346937856001,0.6708388617825829,171.81859391623624,0.011,0.010302725814204718,0.12247490081949894,0.13628785471289281,37.951182497583595,39,9,0,True
8.5,6,0.8,0.7962220073071616,0.6062140183550746,188.3279563018549,0.011,0.010215921929765035,0.13268988094107345,0.12318893545814297,40.359220356312335,39,9,0,False
8.5,6,0.8,0.6468853872218472,0.6528662879137559,228.48447064503674,0.011,0.010255520005442591,0.18492477731010581,0.13539655432722758,38.11958829981673,39,9,0,False
8.5,6,0.8,0.8107087835552769,0.6261959768804519,182.48697163066538,0.011,0.010234054361232746,0.13682193359241687,0.12810120685585236,39.474506292738845,39,9,0,False
8.5,6,0.8,0.8713854345008962,0.6448838962889432,170.03816586103787,0.011,0.010256439720142556,0.13239788715024406,0.13196975697612667,38.787059373786704,39,9,0,False
8.5,6,0.8,0.8129785598683873,0.6286414480721975,181.70795810521153,0.011,0.01023636762856297,0.13723496238497157,0.12869896348040244,39.37055651385398,39,9,0,False
8.5,6,0.8,0.8181673455355909,0.5999467026932555,185.01620631362692,0.011,0.01021107991789606,0.12666632925628313,0.12125476416612821,40.72308176995292,39,9,0,False
8.5,6,0.8,0.8201192321612574,0.6906000274953704,185.80615601432896,0.011,0.010289246682172466,0.1573765359916984,0.14233933563095952,36.854486934221555,39,9,0,False
8.5,6,0.8,0.9459205907338138,0.6528951631650753,170.9905316614152,0.011,0.010276103178398902,0.12326368329174382,0.13282290394384774,38.61849121743201,39,9,0,True
8.5,6,0.8,0.957414849954748,0.6637653898396562,171.06675196004988,0.011,0.010288735409393266,0.12493524187912658,0.13511127873894258,38.17395573524519,39,9,0,True
8.5,6,0.8,0.8081711086958988,0.6955889081968072,189.07931491733413,0.011,0.010291692530292,0.16160662148197133,0.14347666829468186,36.65684649718825,39,9,0,False
8.5,6,0.8,0.785010719350735,0.6621386845199326,189.90790644616098,0.011,0.010262981307091152,0.15442920765233858,0.1365208220990952,37.907524466792104,39,9,0,False
8.5,6,0.8,0.8939883473952073,0.598347366439022,180.5361319576904,0.011,0.010215491537813745,0.11403873010065599,0.11953433752811715,41.05425488603557,39,9,0,False
8.5,6,0.8,0.8327310961898268,0.6021549378526667,181.95646791232832,0.011,0.010213819666940394,0.124903152217268,0.12158930076607005,40.65958088463953,39,9,0,False
8.5,6,0.8,0.8043535284683097,0.5491753114102353,198.03725597584972,0.011,0.010166597130744588,0.11242517885363225,0.10847257496257522,43.356807433458776,39,9,0,False
8.5,6,0.8,0.8415402542114444,0.5861850847262134,183.27640758951512,0.011,0.010199707987258132,0.11828186537310681,0.11731476884116226,41.49161194004898,39,9,0,False
8.5,6,0.8,0.8022708715640164,0.6228994710554704,184.64706411295163,0.011,0.010230756716139355,0.13726211887641096,0.12736536905802168,39.603398215506516,39,9,0,False
8.5,6,0.8,0.7969966905412387,0.5385956972228385,202.25398560022262,0.011,0.010158073661955789,0.11023352692056526,0.1058406744731929,43.937167485215625,39,10,0,False
8.5,6,0.8,0.8990482754992601,0.5,217.47747272438008,0.011,0.010132018693016632,0.08434667582764271,0.0926761240202095,47.10538019135296,39,10,0,False
8.5,6,0.8,0.8694767988297485,0.6212534711061626,173.80078500908024,0.011,0.010234410522764642,0.12504562960109386,0.1259648393788548,39.852185888146295,39,10,0,False
8.5,6,0.8,0.827160963301868,0.5068270170952052,209.16014934106315,0.011,0.010133817153979109,0.09578270836005685,0.09680429977713245,46.11326175579392,39,10,0,False
8.5,6,0.8,0.7848814621852578,0.5867617398731306,193.9104275491116,0.011,0.010198849268729722,0.12817195776310322,0.11841784414990597,41.272545595139334,39,10,0,False
8.5,6,0.8,0.9090911129090562,0.606816617199733,178.88646499458827,0.011,0.010225542990379276,0.11443799889628124,0.12148927330709353,40.67853722093908,39,10,0,False
8.5,6,0.8,0.8257177888512172,0.5574700594479887,192.09637799092602,0.011,0.01017358577208227,0.11164927969595445,0.11023394653857385,42.979890621472705,39,10,0,False
8.5,6,0.8,0.7581089793808627,0.6206254064155102,194.6465997469317,0.011,0.010227767727709319,0.14514476681529348,0.12734066992253776,39.607746143879126,39,10,0,False
8.5,6,0.8,0.9889381091876678,0.567553244673225,195.22547271191178,0.011,0.010200381016277404,0.09252644509915865,0.10921545641071793,43.19668424708091,39,10,0,False
8.5,6,0.8,0.8240697989582133,0.6558308470336124,180.52465465958582,0.011,0.010260911773483624,0.14447455739846496,0.1348389513709612,38.2260690092969,39,10,0,False
8.5,6,0.8,0.7804998856101082,0.620360377026682,189.59320936705558,0.011,0.010227771551149982,0.14055135305607516,0.12700086496637555,39.66770711238011,39,10,0,False
8.5,6,0.8,1.0412819395728163,0.6236906619787791,180.83948726645974,0.011,0.010269393156260315,0.10209091395352927,0.12339315824484366,40.321268052357695,39,10,0,False
8.5,6,0.8,0.7842853450257099,0.6244675644466556,188.21567296464545,0.011,0.01023140369172328,0.14124399516875588,0.12799809832270595,39.49249268721882,39,10,0,False
8.5,6,0.8,0.8497525505398914,0.6424303355505543,173.78285450122513,0.011,0.01025170084642455,0.13528417281510408,0.13167634289729202,38.84535234690147,39,10,0,False
8.5,6,0.8,0.8036620891904259,0.669992590695278,186.6844403455864,0.011,0.010270882435068482,0.15340284803050758,0.13805825543406902,37.62306872900135,39,10,0,False
8.5,6,0.8,0.8535731669938611,0.5884174657766998,181.6845521682122,0.011,0.010202460390188267,0.11708180448667371,0.11767750313376076,41.41919606350416,39,10,0,False
8.5,6,0.8,0.8577681962577488,0.6332500937223355,172.7797948563235,0.011,0.010244237549914645,0.13087553655729264,0.1292790243607533,39.27017886942805,39,10,0,False
8.5,6,0.8,0.8242452802561419,0.5835434320140205,186.84133817047837,0.011,0.010196603868178743,0.12025302840167706,0.11693884483161962,41.56705676196101,39,10,0,False
8.5,6,0.8,0.7594361256149595,0.5637443448943624,203.8006956325908,0.011,0.010180179521739796,0.1250487276590281,0.1130449235899327,42.37268284999236,39,10,0,False
8.5,6,0.8,0.8441926292989425,0.5965874601436528,180.89515874623325,0.011,0.010209420062152794,0.12119553510694091,0.11996096628736201,40.9714499431135,39,10,0,False
8.5,6,0.8,0.9119779938118012,0.6824306582623517,169.71476448676296,0.011,0.010296523096106895,0.13789366107848433,0.1397998884331319,37.305013194829904,39,10,0,True
8.5,6,0.8,0.6471842888181047,0.674403727012595,231.62828956053923,0.011,0.010269628359281729,0.1938096176400629,0.13973963607024792,37.31590014447388,39,10,0,False
8.5,6,0.8,0.8862164799696252,0.6151766713897246,175.85058764798535,0.011,0.010230573182357077,0.1204692846320179,0.1240987485607397,40.19094821511462,39,10,0,False
8.5,6,0.8,0.8086700700778171,0.6009823187351578,186.66886701268896,0.011,0.01021164626119646,0.1286765896080522,0.12166898678974943,40.64449811556872,39,10,0,False
8.5,6,0.8,0.8640136579706094,0.6491348557611182,171.8825896983086,0.011,0.010259392154929166,0.1350414914539922,0.13298398972437117,38.586699173370135,39,10,0,False
8.5,6,0.8,0.8868576291349928,0.5526444682890814,194.3878489845721,0.011,0.010172252446842231,0.1011610259198317,0.10758763051430498,43.54953269582787,39,10,0,False
8.5,6,0.8,0.8602348534459148,0.5626100795873145,189.7071655994529,0.011,0.01017932943568659,0.1079852217975518,0.11086399180155866,42.8425237295714,39,10,0,False
8.5,6,0.8,0.8404763874578504,0.6212221374065762,177.5527605857803,0.011,0.010231663580820255,0.12985775955198398,0.12639875469086204,39.77461396664073,39,10,0,False
8.5,6,0.8,0.8636563479517058,0.6236469716839127,173.16371367676237,0.011,0.010236036710424707,0.12676422554366595,0.12668109868270971,39.724377151292316,39,10,0,False
8.5,6,0.8,0.8808199044825639,0.6258177455637222,173.0999304083438,0.011,0.010239971224206232,0.12469360676783,0.12698418064714628,39.67065807237749,39,10,0,False
8.5,6,0.8,0.8195193180952213,0.518247040748403,204.51369853362402,0.011,0.01014189815506223,0.10036547548311979,0.09998742863034439,45.31219566291679,39,10,0,False
8.5,6,0.8,0.8369519513756211,0.6101005390172404,179.89614843833385,0.011,0.010221312272373497,0.1267952108022605,0.12357267950855376,40.28799300628043,39,10,0,False
8.5,6,0.8,0.7803894192835892,0.6809682880085335,193.49944013357447,0.011,0.010277616250095918,0.16222551712276698,0.14054148387985535,37.171775359295566,39,10,0,False
8.5,6,0.8,0.8133966494863354,0.5833499466874366,188.87988755454916,0.011,0.010196094457576861,0.12201385705455865,0.11707846147690117,41.53898961577949,39,10,0,False
8.5,6,0.8,0.9756540492427846,0.6285716807145681,176.19449331758616,0.011,0.010258488669706767,0.11174144229139951,0.1260675208047972,39.83378904610367,39,10,0,False
8.5,6,0.8,0.7359526035224908,0.7176509899820549,210.22673970016808,0.011,0.010300537555362298,0.18657086823284383,0.14834659157213692,35.8383134503887,39,10,0,False
8.5,6,0.8,0.8183900806705082,0.6214455410110205,181.6464529601366,0.011,0.010230324149798815,0.133811088271255,0.12677288593716485,39.70808589758333,39,10,0,False
8.5,6,0.8,0.7952914550851983,0.6530279872073994,186.3884584450476,0.011,0.01025616824087315,0.14908954887045614,0.1344954663782522,38.29209879198596,39,10,0,False
8.5,6,0.8,0.8554180391608528,0.607435002536718,177.1053543002307,0.011,0.010220219862064379,0.12287008668566143,0.12258912826367153,40.47129924458526,39,10,0,False
8.5,6,0.8,0.7523776437217935,0.6092382734558007,197.56415526986817,0.011,0.010218283570706905,0.1422661721279882,0.12454808695020961,40.1086016436923,39,10,0,False
8.5,6,0.8,0.7651255462763578,0.753699057598907,208.45789112664008,0.011,0.010326785533638647,0.19317202477044798,0.1553117964639887,34.68287014908655,39,10,0,False
8.5,6,0.8,0.7882459626424156,0.5758479546166351,195.25218330008855,0.011,0.010189443644105135,0.12389689119206256,0.11559694155499041,41.83970607621475,39,10,0,False
8.5,6,0.8,0.8451096816988171,0.6146035756587431,177.73699746734707,0.011,0.010226036644339595,0.1268950616629082,0.12461072083929395,40.097162705284894,39,10,0,False
8.5,6,0.8,1.0330937882846554,0.6708183582250895,173.14934371146737,0.011,0.010314058722358202,0.11662707119080261,0.13566995490813194,38.06769727551372,39,10,0,True
8.5,6,0.8,0.8436270689153182,0.6761314542882549,179.07481323848302,0.011,0.010280323701653587,0.147775450433462,0.13905703765557423,37.439894416237365,39,10,0,False
8.5,6,0.8,0.8739182589895174,0.705883209621923,177.03419228074677,0.011,0.010309366784466156,0.1523138813405237,0.1452530245926089,36.35297223551372,39,10,0,False
8.5,6,0.8,0.8121860084256329,0.6249449652072486,182.3695671535354,0.011,0.010233066961540579,0.13612285503034235,0.12775842048615726,39.534395916436864,39,10,0,False
8.5,6,0.8,0.8211377071739083,0.5756370200165016,188.959407185948,0.011,0.010189455175755329,0.11820409690724626,0.11496890991063015,41.969137125350635,39,10,0,False
8.5,6,0.8,0.8023885082179305,0.7299614107585084,195.21860270236996,0.011,0.010316331812636137,0.17535281177755355,0.150738795873432,35.452650629509996,39,10,0,False
8.5,6,0.8,0.7283780034793681,0.6155970973120534,202.64769730398442,0.011,0.010224045715356272,0.14966965554821524,0.12642522796218117,39.76989568062194,39,10,0,False
8.5,6,0.8,0.8983366122925212,0.5673392817282229,189.99431159442653,0.011,0.010186643942228192,0.10397556070267172,0.11129491867015177,42.748468519447826,39,10,0,False
8.5,6,0.8,0.8732325122479558,0.7178083755240645,178.72110347386655,0.011,0.010318630822243142,0.1565160175503067,0.14782951336261116,35.92321366508013,39,10,0,False
8.5,6,0.8,0.871916410256788,0.6216489789961853,173.79059022325953,0.011,0.0102350705142118,0.12477894064179279,0.12602892544471803,39.8407010184377,39,10,0,False
8.5,6,0.8,0.8179432940367506,0.7031263132159322,187.962189873289,0.011,0.01029875539784026,0.16227348584912107,0.14501786531180505,36.39282243449314,39,10,0,False
8.5,6,0.8,0.780156334495694,0.5945883747871031,193.55540123847067,0.011,0.010205605550817794,0.13170820312526196,0.12047502651620125,40.87223266112275,39,10,0,False
8.5,6,0.8,0.8063073388946497,0.5,213.17676737441056,0.011,0.010129749086281663,0.09673882206629493,0.09555181964960688,46.439405417953736,39,10,0,False
8.5,6,0.8,0.8033304257222358,0.6705338722534699,186.82429877398087,0.011,0.01027126208349175,0.15366344673996035,0.13817818289610667,37.60114292009226,39,10,0,False
8.5,6,0.8,0.8267354589280561,0.5934403590153687,184.55010890673742,0.011,0.010205585999826999,0.1230628571768545,0.1194440370261809,41.071783433725834,39,10,0,False
8.5,6,0.8,0.9480055149295938,0.6376541893929344,172.81036272946602,0.011,0.010261823746171654,0.11828474390792665,0.12902302676001257,39.31438536268282,39,11,0,False
8.5,6,0.8,0.8594955666282079,0.6030868948431596,177.9705793178644,0.011,0.010216565445053834,0.12081692053692013,0.12138760015385736,40.69783217815369,39,11,0,False
8.5,6,0.8,0.8711640415994799,0.579675915460176,184.89883110154886,0.011,0.010195674088953834,0.11164126042512926,0.11507438969729478,41.94731617257998,39,11,0,False
8.5,6,0.8,0.8274523871830037,0.5299584898334885,199.63170790402566,0.011,0.010150749265095092,0.10278639808609726,0.10288753224499039,44.6163047655192,39,11,0,False
8.5,6,0.8,0.799505828137364,0.5995126753192273,188.72768036753166,0.011,0.010210090755745917,0.12982334293447823,0.12143396412102075,40.68903013805259,39,11,0,False
8.5,6,0.8,0.9132722588502197,0.6831617088845081,169.73141168631946,0.011,0.010297370987876454,0.13791966826711824,0.13994915768037483,37.278082040352814,39,11,0,True
8.5,6,0.8,0.8348518442929806,0.5,212.76125637519755,0.011,0.010129313477230768,0.09266339284681076,0.09481913081575218,46.63327121871337,39,11,0,False
8.5,6,0.8,0.8791463433121107,0.806751837510575,191.623301982408,0.011,0.010378452337237888,0.18653789161133388,0.1652546654931765,33.12467573254807,39,11,0,False
8.5,6,0.8,1.05,0.5963360661454816,189.52322336292252,0.011,0.010243590233317829,0.09350981736378387,0.11563018807476134,41.83288710829689,39,11,0,False
8.5,6,0.8,0.8578548058358949,0.5857965083700722,182.58259267211247,0.011,0.010200328054378599,0.11558331594907456,0.11691870222492076,41.57111065473626,39,11,0,False
8.5,6,0.8,0.8188718565126465,0.6091679324266351,183.39251222332658,0.011,0.010219404082756052,0.12960766235607213,0.12360904164093126,40.28126298447437,39,11,0,False
8.5,6,0.8,1.0418482955097266,0.6925788489592554,173.06082993339,0.011,0.010336922926987279,0.12186916111684917,0.140541113450888,37.17184156306086,39,11,0,True
8.5,6,0.8,0.7652889719141232,0.683447001080746,197.52942666418988,0.011,0.010278415740958863,0.16647865268425588,0.1411467415463632,37.06406343365477,39,11,0,False
8.5,6,0.8,0.8211763842328879,0.627936858889865,180.1957133282683,0.011,0.010236255286289011,0.13549956987261327,0.12840975613093605,39.42082639772218,39,11,0,False
8.5,6,0.8,0.8479985964716942,0.6606853605649045,176.3067528197781,0.011,0.010267648573879273,0.14171591759650992,0.13566445709514913,38.068738704833095,39,11,0,False
8.5,6,0.8,0.7991208688870307,0.582868229770322,191.72834341158102,0.011,0.01019547606902385,0.12431905359224481,0.11719661733611245,41.515280390573096,39,11,0,False
8.5,6,0.8,0.8670487396107437,0.6015551393247591,178.6374251209733,0.011,0.010215781745450552,0.11913584164265537,0.12085884692491189,40.79861312649201,39,11,0,False
8.5,6,0.8,0.9864961945304247,0.624481276886269,177.7515491325542,0.011,0.010256785595801496,0.10910711359609153,0.12474626626891767,40.07244070002464,39,11,0,False
8.5,6,0.8,0.9361152469479124,0.6193149306325034,176.77560743617136,0.011,0.010241772068836707,0.11438937534992892,0.12431678399352811,40.15092844475798,39,11,0,False
8.5,6,0.8,0.8181726798650178,0.5894125613030927,186.8624560320509,0.011,0.010201667403742759,0.1231899739098619,0.1185498593849995,41.246556010411766,39,11,0,False
8.5,6,0.8,0.9237197591829664,0.6843777933823671,169.95706583282052,0.011,0.010300555717649627,0.13660718217579396,0.14010747130985646,37.249581479302584,39,11,0,True
8.5,6,0.8,0.9863722411633575,0.6243035841044807,177.78815365612192,0.011,0.010256555504244478,0.10907208541230509,0.12470141743852824,40.08061566084936,39,11,0,False
8.5,6,0.8,0.851932212142276,0.6676591180724943,176.3879868308813,0.011,0.010274129650058285,0.14336400010227848,0.1371475418860976,37.79080690592361,39,11,0,False
8.5,6,0.8,0.8739940265546828,0.6030049628212392,178.50646213613,0.011,0.010217752889854407,0.1185154019975401,0.12111825756664393,40.74907728221999,39,11,0,False
8.5,6,0.8,0.9082248644651693,0.703930816902472,170.6549789667659,0.011,0.010314144749079265,0.14555774293466386,0.14455985420883083,36.47080699866592,39,11,0,False
8.5,6,0.8,0.8719856597917105,0.5,215.36591560897327,0.011,0.010130247650355353,0.08772054727945322,0.0936043437964163,46.90000022121437,39,11,0,False
8.5,6,0.8,0.8798432031924173,0.6575754003668677,170.00172644667612,0.011,0.010269104730236732,0.13513252219918015,0.13465764287565687,38.260881015285364,39,11,0,False
8.5,6,0.8,0.8166261526335397,0.6445716160204136,180.68997355441476,0.011,0.010250533008247003,0.14200607351283337,0.13248979770534047,38.68429400218727,39,11,0,False
8.5,6,0.8,0.8519036554241795,0.5748617041040165,185.5333779553628,0.011,0.010189928300168457,0.11305870868790378,0.11419918740767883,42.12939351351974,39,11,0,False
8.5,6,0.8,0.7680191801529892,0.6421982695587691,191.36725147369978,0.011,0.010245786504204909,0.15081615707641935,0.13243163840215477,38.695748805733004,39,11,0,False
8.5,6,0.8,0.820721882590248,0.5067464493187533,208.8106511678236,0.011,0.010133829838217936,0.09668312076359614,0.0969453129352349,46.07692868057817,39,11,0,False
8.5,6,0.8,0.8176739403041737,0.6150704771544028,182.71751965303883,0.011,0.01022460099335788,0.13179549987118,0.12514297895696255,40.00034208626404,39,11,0,False
8.5,6,0.8,0.798465990009672,0.5720831864807473,193.9478143782889,0.011,0.01018607813533806,0.12086329197708333,0.11446948604325599,42.072911605916495,39,11,0,False
8.5,6,0.8,0.8588055646012889,0.6309336952573689,172.92248777359256,0.011,0.01024222222036113,0.1299422232453715,0.1286604179188577,39.37725351475704,39,11,0,False
8.5,6,0.8,0.8012183768630361,0.6443293238140404,183.97487817056697,0.011,0.010249215446564609,0.14486935910748924,0.13258698004447347,38.66517565397846,39,11,0,False
8.5,6,0.8,0.7993005380813364,0.6146951456235619,186.41920062703807,0.011,0.010223430381529413,0.13501100448259717,0.1253075335371804,39.97054793966431,39,11,0,False
8.5,6,0.8,0.9019025539103832,0.6356669013549038,171.54878029249167,0.011,0.010252091009156486,0.12451718163504172,0.12925236838069948,39.27477508019397,39,11,0,False
8.5,6,0.8,0.8614416633527818,0.5381587413752023,198.30654939716575,0.011,0.01015823197827386,0.10035458720352453,0.10427005809161431,44.29452519475805,39,11,0,False
8.5,6,0.8,0.8549413533065525,0.6292296935382345,173.8293795370983,0.011,0.0102402512273777,0.13003447372004853,0.12827239029669063,39.444698053242725,39,11,0,False
8.5,6,0.8,0.753067221377697,0.6004596353503254,198.6968857569937,0.011,0.010210949387377412,0.13901248067524896,0.12234030529589786,40.51804584964075,39,11,0,False
8.5,6,0.8,0.7745537009969052,0.7563404791282835,206.4878567456397,0.011,0.01032963994856187,0.19183575336247113,0.15580915882696741,34.60129213047819,39,11,0,False
8.5,6,0.8,0.8043778075401736,0.5653843584518455,194.2074705292563,0.011,0.010180331701600499,0.1176614562459866,0.11266141818355171,42.45419926339627,39,11,0,False
8.5,6,0.8,0.836695097888401,0.6190384384051116,178.5676279995863,0.011,0.010229433395819722,0.12978372827097098,0.12588685018341522,39.866175513261204,39,11,0,False
8.5,6,0.8,0.9893771916382736,0.6865288031358333,171.57203999088543,0.011,0.010317157689721143,0.12729380221464537,0.1398464199244338,37.29661184728682,39,11,0,True
8.5,6,0.8,0.8367426550213205,0.6986349200828634,183.3778968828044,0.011,0.010297761542563313,0.15689408760273996,0.14394963656527082,36.575407029120285,39,11,0,False
8.5,6,0.8,0.8890207830333178,0.5310248087595919,202.6764349685797,0.011,0.010153874797677941,0.09448850648712259,0.10167888113917473,44.90268497550678,39,11,0,False
8.5,6,0.8,0.8299579660885904,0.6210465038105388,179.50957205852274,0.011,0.010230739825073732,0.13162178123528404,0.1265053472922865,39.755626195064146,39,11,0,False
8.5,6,0.8,0.8558692109149383,0.6827210438507135,177.50824109130966,0.011,0.010287508353108375,0.1477549148696061,0.14037811748857756,37.20100619156414,39,11,0,False
8.5,6,0.8,0.8024686790808185,0.7208955017135174,193.8970018739798,0.011,0.010309905860002789,0.1720050429532838,0.14883921528406796,35.757974023290565,39,11,0,False
8.5,6,0.8,0.7925021836312331,0.5827472818648226,193.07315046281659,0.011,0.010195335794356978,0.12544869103266254,0.11727610966392041,41.499351873090085,39,11,0,False
8.5,6,0.8,0.8363962778979064,0.5490448443763356,193.15254828667196,0.011,0.010166562288789222,0.10735093431219787,0.10775703997121674,43.512477704961775,39,11,0,False
8.5,6,0.8,0.8307959492496676,0.6695883057468658,180.84359479792963,0.011,0.010273286374561876,0.14794348712052516,0.1377529806450107,37.679050932940335,39,11,0,False
8.5,6,0.8,0.8512188818383739,0.619722525281218,175.8791739328421,0.011,0.010231224370527009,0.12754606873378985,0.12584729585096172,39.87327626590182,39,11,0,False
8.5,6,0.8,0.7840490144293207,0.7417238504577977,201.55391571395086,0.011,0.010321746887420583,0.1839614906823842,0.15304617531047524,35.06174727727414,39,11,0,False
8.5,6,0.8,0.7955440263831375,0.6122723028825594,187.55830849050645,0.011,0.010221263697976015,0.13487844720381614,0.12473867874858634,40.07382339351282,39,11,0,False
8.5,6,0.8,0.8067873558000926,0.7077735493950649,191.0657384723826,0.011,0.010300844461687466,0.16628872752936133,0.1460611262884844,36.21700175641886,39,11,0,False
8.5,6,0.8,0.801193583745591,0.5645388587968789,194.99559001937897,0.011,0.010179607492125113,0.1179220325137345,0.11250561394483424,42.48744898621242,39,11,0,False
8.5,6,0.8,0.8353764941953444,0.6024402763140715,181.4236358347571,0.011,0.010214167080987362,0.12455467077196888,0.12162273325161464,40.65325085814026,39,11,0,False
8.5,6,0.8,0.9541311068860391,0.663011436941409,170.99044862276764,0.011,0.010287281949121749,0.12518626435965607,0.13498566488696742,38.19796753098798,39,12,0,True
8.5,6,0.8,0.7687223767092413,0.7096623001635022,200.3809216967507,0.011,0.010297972335040047,0.17548727892551394,0.1466137985277299,36.12452773472944,39,12,0,False
8.5,6,0.8,0.8422021152317042,0.5881278602199733,182.79269108807938,0.011,0.010201523337660766,0.11879801278405751,0.11780514005741238,41.393803363246846,39,12,0,False
8.5,6,0.8,0.8649146283987438,0.682518707086717,175.75489428385535,0.011,0.010288658062842928,0.14603598904631196,0.14025826280128365,37.222494592551605,39,12,0,False
8.5,6,0.8,0.868374577093768,0.5934507457306774,180.8573810999205,0.011,0.010208286920941657,0.11636961535298661,0.11871991948643319,41.2131476842341,39,12,0,False
8.5,6,0.8,0.8830946152120839,0.6162445744380766,175.47692613557572,0.011,0.010231233953571934,0.12128972025034553,0.12443083085957983,40.130042224929,39,12,0,False
8.5,6,0.8,0.8297528212629953,0.639154906971709,177.33686778757558,0.011,0.010246876685520994,0.13773797846174932,0.1311804503492873,38.94446127228321,39,12,0,False
8.5,6,0.8,0.970422091050777,0.7644911534083668,170.96465930135335,0.011,0.010374881997417408,0.15483406185383214,0.15678272898964565,34.44201882019112,39,12,0,True
8.5,6,0.8,0.9076388802204025,0.6401484556999054,170.7351593915182,0.011,0.010257156643885781,0.12504795057620516,0.13035161647448906,39.086539776998805,39,12,0,False
8.5,6,0.8,0.8594385993808762,0.5930471771751032,180.62992390465047,0.011,0.010207184799859274,0.11762974212656875,0.11877584769343592,41.20217802038683,39,12,0,False
8.5,6,0.8,0.8318207357315547,0.58008156059936,186.15622944804497,0.011,0.010193728516828317,0.1178922363842672,0.1159163766822254,41.77432428680538,39,12,0,False
8.5,6,0.8,0.6631898886743777,0.5377794418249631,234.87902311197374,0.011,0.010171974371299913,0.13559702857970968,0.10818884179100086,43.4184288781728,39,12,0,False
8.5,6,0.8,0.7790381826743812,0.7135494946538453,198.38781367589556,0.011,0.010301808060363364,0.17455468730367182,0.14738880323928438,35.99597158767415,39,12,0,False
8.5,6,0.8,0.8202316214633215,0.5876928279719055,186.79477350021747,0.011,0.010200185750064261,0.12227785276559247,0.11807370948292166,41.34052259707838,39,12,0,False
8.5,6,0.8,0.9058528977585194,0.5621250167075619,192.12291840950476,0.011,0.010182611558195605,0.10139433132789599,0.10973568473115092,43.08557623680766,39,12,0,False
8.5,6,0.8,0.7882935378785543,0.612077719079004,189.09474149547447,0.011,0.010220842182996431,0.13617714649454724,0.12479159972738457,40.06418239636377,39,12,0,False
8.5,6,0.8,0.8168316501014476,0.5995764011024185,185.32957927701477,0.011,0.010210679300766332,0.12677602885821465,0.12118142112875045,40.73704270205765,39,12,0,False
8.5,6,0.8,0.7953119434788355,0.695415536863099,191.9723216313963,0.011,0.010290187168310363,0.1642627028729556,0.14350966943332866,36.65114679622572,39,12,0,False
8.5,6,0.8,0.990660411151266,0.6538441591700083,172.21054176099796,0.011,0.010286750954668,0.11723980431742947,0.13241309371459886,38.699403387533515,39,12,0,True
8.5,6,0.8,0.8113252310424068,0.6446898884873414,181.82837138178814,0.011,0.010250230065727778,0.14304955766503163,0.13256747795137222,38.669010002314984,39,12,0,False
8.5,6,0.8,0.8184575111203715,0.6660034657366598,182.96717462238988,0.011,0.010268947005325537,0.14907247974492052,0.1370829258920383,37.80279183953874,39,12,0,False
8.5,6,0.8,0.8203898807710313,0.6953094506366437,186.37387523340414,0.011,0.010292978079058405,0.1589909436902297,0.14334297986902628,36.67996280346786,39,12,0,False
8.5,6,0.8,0.8513171073982145,0.6548286860617447,174.9551161075602,0.011,0.010262900924073023,0.1391511233483051,0.1343585115487847,38.31852005898814,39,12,0,False
8.5,6,0.8,0.8168858496589648,0.6306400604539996,180.67128449499816,0.011,0.010238379691010302,0.13719619598416324,0.1291611903586613,39.29050862480724,39,12,0,False
8.5,6,0.8,0.8185113257250265,0.7329300974778385,192.0077141300689,0.011,0.010320709023995617,0.17289849017481046,0.15130129954949972,35.361876369391055,39,12,0,False
8.5,6,0.8,0.7957682335699605,0.7642311678228364,202.6279928686308,0.011,0.010337693355362502,0.18967785358433076,0.15727872991555822,34.36120145248568,39,12,0,False
8.5,6,0.8,0.8447119245696253,0.5981221417760438,180.53493407158382,0.011,0.01021086989549609,0.12160578836337511,0.1203489206329035,40.896506357539856,39,12,0,False
8.5,6,0.8,0.7893706432960225,0.5813500671070777,193.97783932057473,0.011,0.010194190925546368,0.12553693579282132,0.11697101936979645,41.5605837477951,39,12,0,False
8.5,6,0.8,0.781813066683614,0.6068850718710287,191.2553364065773,0.011,0.010216274609802413,0.13561737720038405,0.12356243186218996,40.28989027303817,39,12,0,False
8.5,6,0.8,0.8646830944331193,0.5639754839256761,189.46392313514733,0.011,0.010180791111049059,0.10775110900441463,0.11112692760940471,42.78506206837883,39,12,0,False
8.5,6,0.8,0.7945199839531161,0.5454227033785999,200.85937961523265,0.011,0.010163666416603651,0.11283237139880439,0.10768824077490378,43.52751493417315,39,12,0,False
8.5,6,0.8,0.8008344905003517,0.6047711786546912,187.61678501098854,0.011,0.010214785512204673,0.1313565096238175,0.12275404955786767,40.440390880712854,39,12,0,False
8.5,6,0.8,0.8197336482978339,0.5627001082930829,191.9609966349204,0.011,0.010178089666537741,0.11426775843661927,0.11168884485833018,42.66302082733299,39,12,0,False
8.5,6,0.8,0.8661167503159393,0.630866509300699,171.6921965924982,0.011,0.01024297129701421,0.128702528925639,0.12853506508142137,39.399055856955655,39,12,0,False
8.5,6,0.8,0.738113403729999,0.6193633185268244,199.67557093824553,0.011,0.010226881305105427,0.148918256864289,0.12725506464565073,39.62282661982874,39,12,0,False
8.5,6,0.8,0.8634782031340752,0.5845444873796914,183.16473468089566,0.011,0.010199607700086528,0.1143215934053199,0.11648742356773523,41.65819062494952,39,12,0,False
8.5,6,0.8,0.9048132585604083,0.6362160084251701,171.52460852502182,0.011,0.010253041909383047,0.12424079810828131,0.12935207339570678,39.25759136116167,39,12,0,False
8.5,6,0.8,0.8139033701412758,0.6011958084222675,185.61794342473803,0.011,0.01021200932719713,0.12782543576499736,0.12164303132898178,40.64940908695208,39,12,0,False
8.5,6,0.8,0.8211479244918959,0.5852918418150006,187.06909303336653,0.011,0.01019802600391474,0.12134085515572436,0.11744302616360515,41.465964097800075,39,12,0,False
8.5,6,0.8,0.9551824230607017,0.6106033875991326,179.90831182803123,0.011,0.010236536931866134,0.10915045982052946,0.12162145251957496,40.65349329532034,39,12,0,False
8.5,6,0.8,0.8435905438420508,0.5,213.3414679891809,0.011,0.010129359115458871,0.0914660033559291,0.09454809449487635,46.6943569922554,39,12,0,False
8.5,6,0.8,0.944168444565196,0.6673086110893988,170.66243466153185,0.011,0.010289223400190148,0.12800593858185383,0.1360750578792163,37.9911901390174,39,12,0,True
8.5,6,0.8,0.8150483579648574,0.5777051026541249,189.66547466816087,0.011,0.010191152075678979,0.11988785812419128,0.11560617468140927,41.83781200318889,39,12,0,False
8.5,6,0.8,0.9406944223094729,0.6829937788395679,170.35530876505456,0.011,0.010302717807683376,0.13347724676119022,0.1396227831945317,37.3370408523644,39,12,0,True
8.5,6,0.8,0.8437214278438384,0.7127018762046338,183.83376389126494,0.011,0.010309774689586885,0.1604445144313158,0.14691182829343283,36.07493181485639,39,12,0,False
8.5,6,0.8,0.8327019173388365,0.6121450659374229,180.33997329059736,0.011,0.010222844926777226,0.12819471020825038,0.1241673490420935,40.178344116544544,39,12,0,False
8.5,6,0.8,0.8169928628629249,0.5856619981147373,187.77099715256298,0.011,0.010198245672702734,0.12216156383976759,0.11760881517968537,41.43288021749996,39,12,0,False
8.5,6,0.8,0.8751707702314115,0.7104008721330695,177.38533700614133,0.011,0.010313188772099986,0.1536208356198071,0.14622082580696033,36.19023049504765,39,12,0,False
8.5,6,0.8,0.8921199945157293,0.5968889885237726,180.8592601567504,0.011,0.01021389168535053,0.11386325599367143,0.11918428026065891,41.1223291349798,39,12,0,False
8.5,6,0.8,0.9019025172753004,0.6491249665241686,170.0260181251066,0.011,0.010264726795331476,0.12879472136415954,0.13254363460099705,38.67369941624915,39,12,0,True
8.5,6,0.8,0.8005774554919647,0.7043710214837127,192.00752926253898,0.011,0.010297601970622784,0.16638202263743926,0.14537007562011547,36.333184438256836,39,12,0,False
8.5,6,0.8,0.8522723916787831,0.5718230784753777,186.4672281167411,0.011,0.010187193602971331,0.11204832081344851,0.11340782105706346,42.295971001746935,39,12,0,False
8.5,6,0.8,0.7892268475981539,0.5928657625520645,191.94060323507688,0.011,0.010204150724624694,0.12944391193795696,0.11990007138314733,40.98325022938114,39,12,0,False
8.5,6,0.8,0.8229176041080827,0.5,211.9994104976834,0.011,0.010129416395394957,0.09433493897570151,0.09512737457693773,46.551419831994124,39,12,0,False
8.5,6,0.8,0.8307373448160428,0.6394490439732338,177.17097711644135,0.011,0.010247201490843445,0.13766028357975513,0.13123443237413074,38.93363630424495,39,12,0,False
8.5,6,0.8,0.8044362797135496,0.5965493756316037,188.23930726882938,0.011,0.010207588618358208,0.12794509913493968,0.12060176600891342,40.84787978311249,39,12,0,False
8.5,6,0.8,0.8076694814477149,0.6294124567521227,182.67053512761177,0.011,0.010236744624172773,0.138483254485052,0.12896480480883496,39.32445979920635,39,12,0,False
8.5,6,0.8,0.8269751167489524,0.6292050750837862,178.9137718477793,0.011,0.010237806020902209,0.1348832858607497,0.12865823759525374,39.37763242987076,39,12,0,False
8.5,6,0.8,0.7535936327256383,0.5821998788940933,201.61162411700207,0.011,0.010195795460079576,0.13250370807474487,0.1177497344536801,41.40482037376514,39,13,0,False
8.5,6,0.8,0.7760921149514436,0.6849859550455272,195.08428482060108,0.011,0.010280408191818007,0.16463548202466596,0.14141222599620765,37.01710636289679,39,13,0,False
8.5,6,0.8,0.8415964680157858,0.650869433896277,176.37200981011867,0.011,0.010258356008495699,0.1395557158879696,0.1335973979204071,38.46633802713582,39,13,0,False
8.5,6,0.8,0.8615027671232296,0.732363803560808,182.93866432626993,0.011,0.01032746300999758,0.16381615811699782,0.15101298226527915,35.40908951354023,39,13,0,False
8.5,6,0.8,0.8787767517330148,0.5909514481213759,181.9597382364461,0.011,0.010206867279190316,0.11400714542660455,0.11787404416033445,41.38011433603315,39,13,0,False
8.5,6,0.8,0.7867062903640165,0.6034373054271842,190.73564546013984,0.011,0.010213304586097389,0.13351011980756194,0.12262195761669523,40.46514104881107,39,13,0,False
8.5,6,0.8,0.8048598938609103,0.6294030853016463,183.24201104085904,0.011,0.010236581087165663,0.13900669277833974,0.1289982304914212,39.3186750557184,39,13,0,False
8.5,6,0.8,0.8813156859473477,0.6255412858993239,173.18513814659363,0.011,0.010239801393225799,0.12452528394892276,0.1269024490125442,39.68512332282632,39,13,0,False
8.5,6,0.8,0.719531588584391,0.6389567728206648,203.56482015174777,0.011,0.010242688203632822,0.16037352330500207,0.1321369958017632,38.753934206361215,39,13,0,False
8.5,6,0.8,0.842849546908716,0.6645152785910541,177.7866491602682,0.011,0.010270364886465445,0.14395141409351536,0.1365451256939273,37.90297848714212,39,13,0,False
8.5,6,0.8,0.8107968007812356,0.5973543502261087,186.86292564798777,0.011,0.010208495916849313,0.12709048766925382,0.12070691378139885,40.82770819424748,39,13,0,False
8.5,6,0.8,0.6345985314936345,0.59955834449761,233.2933550141429,0.011,0.010220161960709405,0.1666443030926327,0.12347510931917415,40.30606801383774,39,13,0,False
8.5,6,0.8,0.8956237944559619,0.6603388661064858,169.6748685272229,0.011,0.010274004060724028,0.13341465600409758,0.135091746957112,38.17768642857918,39,13,0,True
8.5,6,0.8,0.864968193356267,0.6219110804082505,173.5040608402659,0.011,0.010234584427578785,0.12598715402971605,0.12620601596100597,39.80901527264165,39,13,0,False
8.5,6,0.8,0.8348657409918654,0.5562951034473427,190.84473187319367,0.011,0.010172755705934788,0.10985162377460332,0.10972844530375274,43.087117446822226,39,13,0,False
8.5,6,0.8,0.8224958710566275,0.6217188092340016,180.81758084933014,0.011,0.010230820552975528,0.1331674061230003,0.12678589586648306,39.70577836771603,39,13,0,False
8.5,6,0.8,0.8371472541874452,0.6158703394906405,178.95446335917393,0.011,0.010226517286303008,0.12866309514353824,0.12506301250740479,40.014844420916816,39,13,0,False
8.5,6,0.8,0.828891025296093,0.6523502107860679,179.09762041068672,0.011,0.010258312931460095,0.14238248304893517,0.13404495988293125,38.37921295983017,39,13,0,False
8.5,6,0.8,0.8448334829727928,0.568623618805509,187.1499388251044,0.011,0.010184002924761959,0.11218550050654173,0.11272401869390793,42.440861503145996,39,13,0,False
8.5,6,0.8,0.8046104856180547,0.6026283490258028,187.20699953098045,0.011,0.010213033528029433,0.12995057858515402,0.1221500806153603,40.55376487609171,39,13,0,False
8.5,6,0.8,0.7955286552522571,0.5628888270634267,196.44957761686697,0.011,0.010178262024751512,0.11834264165435288,0.11219104092158302,42.55481621248673,39,13,0,False
8.5,6,0.8,0.8342094236340516,0.6610295303272881,179.0883839592326,0.011,0.01026640036870541,0.14435910672492602,0.13586841824159646,38.030159190859436,39,13,0,False
8.5,6,0.8,0.8150696679618545,0.5361264025860462,199.70991472262276,0.011,0.010155755203234968,0.10658466584990851,0.10479532891739525,44.17405698543374,39,13,0,False
8.5,6,0.8,0.7942265403638955,0.5802133504026723,193.20528364495277,0.011,0.0101931684223782,0.12429540068393899,0.11660280466051864,41.63484114616551,39,13,0,False
8.5,6,0.8,0.774643807886263,0.51336964658026,214.1855587763438,0.011,0.010140317723307027,0.10580610271475382,0.09976871805846708,45.36595767619205,39,13,0,False
8.5,6,0.8,0.792784175613851,0.7628383823583235,203.10334786502423,0.011,0.01033635594725893,0.1898663592768595,0.15701994224635477,34.40329836116499,39,13,0,False
8.5,6,0.8,0.8313574384454949,0.568610992924046,188.60764181721845,0.011,0.010183469814952821,0.11429529833014046,0.112981904005642,42.386046304499686,39,13,0,False
8.5,6,0.8,0.8240873937128078,0.6745530214886455,182.87079635135404,0.011,0.010276712298234963,0.1509546708578638,0.13887483324327812,37.47319732076853,39,13,0,False
8.5,6,0.8,0.8215122163346186,0.6066947597783541,183.27970885471646,0.011,0.01021729969849421,0.12832312512193472,0.12293518495002044,40.40652388272131,39,13,0,False
8.5,6,0.8,0.9110899789602841,0.613739738483609,177.16371399629298,0.011,0.010232464798716255,0.11628023864368733,0.12328712251561286,40.34096035037579,39,13,0,False
8.5,6,0.8,0.8009627420512853,0.5962833868551136,188.97342118918075,0.011,0.010207275010397065,0.12847525891019884,0.12058811096036742,40.85050153063318,39,13,0,False
8.5,6,0.8,0.8270978247385953,0.5835044839916487,186.3307839679289,0.011,0.010196648508966,0.11976912497233023,0.11687950871460204,41.57900207073295,39,13,0,False
8.5,6,0.8,0.8988497059052952,0.6712421003978549,169.5747557303087,0.011,0.010284322981773954,0.13642383071886105,0.13746763903149914,37.731599914879716,39,13,0,True
8.5,6,0.8,0.7625381894598685,0.5722844479414098,201.4122169375884,0.011,0.010187103211943632,0.1273803104337447,0.11512767898710241,41.93630477144891,39,13,0,False
8.5,6,0.8,0.818323193820523,0.6290407768456583,180.6025580492631,0.011,0.01023705954082223,0.13639054643194054,0.12873129833075353,39.364941165086854,39,13,0,False
8.5,6,0.8,0.8320718575017237,0.6460888894088721,177.6908391345393,0.011,0.010253194744200883,0.13966443560828978,0.13266195039200873,38.650334323722795,39,13,0,False
8.5,6,0.8,0.7770713305917523,0.6270872130532197,189.4542163697969,0.011,0.010233411839889909,0.14358847768378322,0.1287529420545447,39.36118378163875,39,13,0,False
8.5,6,0.8,0.8276514321970238,0.6328754665190586,178.2895421340957,0.011,0.010241095135976196,0.1359992866166462,0.12959740084316712,39.21540438818504,39,13,0,False
8.5,6,0.8,0.8179300920959712,0.6146062576982042,182.7417375967785,0.011,0.010224230685902426,0.1315927698972688,0.12501880950894315,40.02286752215624,39,13,0,False
8.5,6,0.8,0.9032472838038063,0.6292470368962302,173.07693251902313,0.011,0.010246223104058294,0.12228455704423515,0.12752904988076857,39.57462006234314,39,13,0,False
8.5,6,0.8,0.8506420678558655,0.5719606355801679,186.35967447076519,0.011,0.010187242140126153,0.11234097744373678,0.11347483177882452,42.2818506162093,39,13,0,False
8.5,6,0.8,0.7576865747132613,0.5908057619163881,199.1656897255729,0.011,0.01020273094760183,0.13470564139814886,0.1198537156877068,40.99223981637708,39,13,0,False
8.5,6,0.8,0.8330135915174602,0.6303138909903864,177.62819788952854,0.011,0.010239275055855155,0.13418019900821565,0.12886210968752976,39.34224820865208,39,13,0,False
8.5,6,0.8,0.9157841987156782,0.5567935030262433,194.508932817087,0.011,0.010178729686685392,0.09850673095533259,0.10804068225859009,43.450644654307034,39,13,0,False
8.5,6,0.8,0.8373013463435952,0.6567766708561128,177.94153912683583,0.011,0.010263033776747019,0.14233848775260144,0.13491957076150135,38.21061965824482,39,13,0,False
8.5,6,0.8,0.8431184073614536,0.6800028216177081,179.67312160653526,0.011,0.010283536627701052,0.14919806740579164,0.1398936213149649,37.28809523026015,39,13,0,False
8.5,6,0.8,0.8058733621908232,0.5869383995274521,189.64974445231164,0.011,0.01019911406213841,0.12449159721817787,0.11812311064883665,41.33074405676782,39,13,0,False
8.5,6,0.8,0.8536405965824505,0.6802958275064129,177.63585809709255,0.011,0.010285185644570677,0.1473382133384567,0.13987108616112662,37.29216056807697,39,13,0,False
8.5,6,0.8,0.8648927023002387,0.5792663732041424,184.75788909114826,0.011,0.010194821156051739,0.11245562599764859,0.11508912889785469,41.944269692392844,39,13,0,False
8.5,6,0.8,0.9210732542402922,0.5995648172950037,181.3580983340691,0.011,0.010220107030999149,0.11051925196902795,0.1193415278923575,41.09170863220584,39,13,0,False
8.5,6,0.8,0.8714479477963667,0.7567145234542055,184.8683954104558,0.011,0.010346491763097536,0.17037180224591827,0.15571409268272754,34.61684152207095,39,13,0,False
8.5,6,0.8,0.8496922243334494,0.5697897746890842,186.9867087034555,0.011,0.010185247601690641,0.1118051662895052,0.11293123475430433,42.396799874607844,39,13,0,False
8.5,6,0.8,0.8225060996241494,0.5821738847015326,187.4085511069241,0.011,0.010195229688951262,0.12010084347993766,0.11662126843768825,41.63110824746948,39,13,0,False
8.5,6,0.8,0.9059340785435049,0.5494855935104156,196.5791492827483,0.011,0.010171112845700712,0.0976603847046737,0.10627275292214644,43.84034408648793,39,13,0,False
8.5,6,0.8,0.8304417099477194,0.6300546541228305,178.14477618718402,0.011,0.010238837794444976,0.13454970762053756,0.12883015571745712,39.34778797687896,39,13,0,False
8.5,6,0.8,0.803225083074907,0.5400146189548459,200.70762938908163,0.011,0.010159045990611565,0.10968204046130091,0.10608045997324705,43.88335655850291,39,13,0,False
8.5,6,0.8,0.8114182422613198,0.6243584305809045,182.5994783227465,0.011,0.010232478063243806,0.13606576842447818,0.12761895428235565,39.55883938541692,39,13,0,False
8.5,6,0.8,0.8464046037197749,0.5836593820826526,182.9412042958116,0.011,0.010197671216537432,0.11669921666588294,0.1165738886652331,41.640689199401805,39,13,0,False
8.5,6,0.8,0.7174427267061719,0.5886995277313755,209.42434221983206,0.011,0.010203045035490027,0.14223549082095252,0.11988933997421257,40.985330813995645,39,14,0,False
8.5,6,0.8,0.9757962938373651,0.5298912786859652,209.43969140015128,0.011,0.010163850227058378,0.0836610981740343,0.09902943613156065,45.549090602260954,39,14,0,False
8.5,6,0.8,0.792717003679189,0.6786837875381079,190.30607631310687,0.011,0.010276896978425801,0.1587628744893574,0.13998045863521663,37.27244197060338,39,14,0,False
8.5,6,0.8,0.8027420578256326,0.6308742898763728,183.4794124191906,0.011,0.010237713961995097,0.13991410969930132,0.12940277773862346,39.24886118429515,39,14,0,False
8.5,6,0.8,0.7907951484801186,0.5982171882561026,190.7212699313647,0.011,0.010208828632966922,0.13097092258798942,0.12123493911323525,40.72685409965023,39,14,0,False
8.5,6,0.8,0.8404285264165138,0.651904657564643,176.72677834199405,0.011,0.010259126950338674,0.1401166406875011,0.13383378763063744,38.42024853907148,39,14,0,False
8.5,6,0.8,0.8004736157630631,0.5626829826626771,195.532891392155,0.011,0.010178006298841254,0.11743859735662143,0.11204860014520088,42.58542451340457,39,14,0,False
8.5,6,0.8,0.8670019141992428,0.6185499149458077,174.36595762047466,0.011,0.010231637497919487,0.12457482785098688,0.12529644448667163,39.97255366035795,39,14,0,False
8.5,6,0.8,0.8257935983049267,0.5501090279310447,193.98185167397088,0.011,0.01016728195107127,0.10931298852894998,0.10827110776065559,43.40053563201584,39,14,0,False
8.5,6,0.8,0.7874998425263009,0.5885718702419722,193.0518099131576,0.011,0.010200463395249082,0.12830436959149744,0.11883406675627424,41.19076818071497,39,14,0,False
8.5,6,0.8,0.7980916415777055,0.6099167375789638,187.38652772453023,0.011,0.010219274367851503,0.1336024645890474,0.12410271595078254,40.19021896122743,39,14,0,False
8.5,6,0.8,0.9535080714196209,0.6699195973898902,170.8574825531813,0.011,0.010293624505419447,0.12741833070072747,0.1365456878059446,37.90287336324829,39,14,0,True
8.5,6,0.8,0.8053211035284357,0.5170663674404664,207.30865754873454,0.011,0.01014137545391431,0.10213665190707036,0.10001555832799851,45.30529468041331,39,14,0,False
8.5,6,0.8,0.8907093662423957,0.6001399221830088,179.9171921091264,0.011,0.010216832861828855,0.11507974382884147,0.12006625576640818,40.95107045549081,39,14,0,False
8.5,6,0.8,0.8121585997635047,0.5876627837917823,188.3103077720111,0.011,0.01019989517328979,0.12364401860964822,0.11820343827002919,41.31485845293884,39,14,0,False
8.5,6,0.8,0.8476344184467492,0.5981200734607376,180.0327231098628,0.011,0.010211061056874797,0.12113012704867455,0.1202989721785766,40.90613253394326,39,14,0,False
8.5,6,0.8,0.8155942032116874,0.6308875508141858,180.89205456691386,0.011,0.010238506854652359,0.13751800155217947,0.1292418264768002,39.27659322651267,39,14,0,False
8.5,6,0.8,1.0038846536224768,0.5575610078616295,200.0105731224274,0.011,0.010193843304961227,0.0880606406814464,0.1059982005725937,43.90179465183584,39,14,0,False
8.5,6,0.8,0.7652034451668837,0.6139107424115601,193.9108373446092,0.011,0.010222114930648998,0.14131879884126108,0.12556090115270485,39.924801017892115,39,14,0,False
8.5,6,0.8,0.8201382644751332,0.637463389162046,179.1625013036971,0.011,0.010244633870668983,0.1389189645417608,0.13087566963342087,38.99773157376578,39,14,0,False
8.5,6,0.8,0.8881758382085951,0.5296970527961581,203.1660327755632,0.011,0.010152750951989786,0.09421165681880947,0.10134107396833478,44.98359484048187,39,14,0,False
8.5,6,0.8,0.9445146902914208,0.617027974065611,177.73072507630553,0.011,0.010241027553289402,0.11252256446348857,0.12354764558028548,40.29262829497209,39,14,0,False
8.5,6,0.8,0.792069420693303,0.6653649743914131,188.69948824861055,0.011,0.010266145940579046,0.15412105256252728,0.13715458855563398,37.78950057008004,39,14,0,False
8.5,6,0.8,0.8353073153056277,0.5991203704445088,182.00772607893495,0.011,0.010211174664662927,0.12348145826492948,0.12076505307182066,40.81656734059721,39,14,0,False
8.5,6,0.8,0.8010634681976361,0.6523701722681805,185.0184570956864,0.011,0.010256021690407173,0.14771101809870274,0.1343048370941556,38.328889558941974,39,14,0,False
8.5,6,0.8,0.9702310689987785,0.6028019032136964,182.82490483337725,0.011,0.010231620604673206,0.10487607309204754,0.11921185883152144,41.11695394822327,39,14,0,False
8.5,6,0.8,0.8102276664176603,0.5593267832992891,194.44111437837364,0.011,0.01017509352063303,0.11473076988162237,0.11101299494685114,42.8099327955072,39,14,0,False
8.5,6,0.8,0.8314616167691177,0.6969915878000926,184.26126633531862,0.011,0.010295814552440012,0.15735791584685402,0.14362926577536428,36.63051284206844,39,14,0,False
8.5,6,0.8,0.8415463211655271,0.5914171161680257,182.28920872718135,0.011,0.0102044947851277,0.1199608674713168,0.11866805602961748,41.22332780110334,39,14,0,False
8.5,6,0.8,0.8285392254707632,0.6553785264251161,179.54734576950577,0.011,0.01026095768823977,0.14348088408902165,0.13469955172747947,38.252826044916056,39,14,0,False
8.5,6,0.8,0.8347066826819829,0.6615362597651002,179.04774201149323,0.011,0.010266861175285889,0.1444413344995127,0.1359745531770758,38.01012909216523,39,14,0,False
8.5,6,0.8,0.8333179654602496,0.5909229234392984,183.82555205236523,0.011,0.010203630742277463,0.12114638855279376,0.11868184469109838,41.22062054333556,39,14,0,False
8.5,6,0.8,0.9186723194408698,0.6180770509695747,176.36721307958146,0.011,0.01023775681432874,0.11651036913361824,0.12430228557057284,40.15358594192915,39,14,0,False
8.5,6,0.8,0.813699903334789,0.61523972683449,183.46305354008857,0.011,0.010224544858308747,0.1325639802950799,0.12524363638052555,39.98210934557134,39,14,0,False
8.5,6,0.8,1.0137341280992518,0.5864437362579635,190.3675145545074,0.011,0.010224446759593964,0.09489855196782218,0.11379121161864318,42.21507027469862,39,14,0,False
8.5,6,0.8,0.8801311514408418,0.5977902319596393,180.13420012515823,0.011,0.010213486444856142,0.11593539948418467,0.11964255990647098,41.03326221058093,39,14,0,False
8.5,6,0.8,0.7940032708071564,0.6151577411403709,187.44748040044496,0.011,0.010223674391307225,0.13615813064604426,0.12549765451443698,39.93620608932317,39,14,0,False
8.5,6,0.8,0.8321925145467486,0.6428445854655627,177.2787094170786,0.011,0.010250329314589069,0.13854482311128014,0.13195681102655638,38.78962593233741,39,14,0,False
8.5,6,0.8,0.8170743014220985,0.6442274047214143,180.55396564631857,0.011,0.010250266888249282,0.1418037921559059,0.13241101574224315,38.699812954659414,39,14,0,False
8.5,6,0.8,0.8409647145266159,0.6285161787424792,176.414550418205,0.011,0.010238328674244533,0.1321876161815541,0.12828577943976333,39.442369392548734,39,14,0,False
8.5,6,0.8,0.8588423297735086,0.7203932369514052,181.84528664524933,0.011,0.010318124700395039,0.1601601018491704,0.14846758479358338,35.81853221609974,39,14,0,False
8.5,6,0.8,0.6890150423316229,0.6210606929099154,212.88444738415018,0.011,0.010230171524004607,0.1608992244273463,0.12818437428504195,39.46001602766501,39,14,0,False
8.5,6,0.8,0.8004818980243881,0.6340237535707207,183.54354816180995,0.011,0.010240317370073124,0.14143225724683056,0.13023674388607562,39.106086289235506,39,14,0,False
8.5,6,0.8,0.8960237617651948,0.6024055973120723,179.52129524833074,0.011,0.0102196039685053,0.1149940588888006,0.12056535480975257,40.85487177853154,39,14,0,False
8.5,6,0.8,0.7864070716369623,0.640359362911384,186.8095495117337,0.011,0.010245001401532642,0.14639924889186126,0.13187481003802812,38.80589440643662,39,14,0,False
8.5,6,0.8,0.8879936165953498,0.6529014183775891,169.653397621952,0.011,0.010266061996754465,0.1322550556475237,0.13354001605363158,38.477550485602265,39,14,0,True
8.5,6,0.8,0.8043877501814758,0.6135947998348704,185.54980145083465,0.011,0.010222654611671897,0.13369860463523076,0.12495524361238072,40.03441342081321,39,14,0,False
8.5,6,0.8,0.8337448202070581,0.5593006621998824,190.28386808896977,0.011,0.010175334972486148,0.11097074645674099,0.11054804620344963,42.911872643344076,39,14,0,False
8.5,6,0.8,0.8387472975195096,0.6065832402935717,180.13864644840586,0.011,0.010218205415482033,0.12534131355671946,0.12263745233894952,40.46223547768649,39,14,0,False
8.5,6,0.8,0.7748667850837975,0.6078292223089446,192.62189513231945,0.011,0.010216995390096616,0.1372815997871912,0.12389787759086421,40.227921786727165,39,14,0,False
8.5,6,0.8,0.919181256097533,0.6970424052252493,169.74711827784182,0.011,0.01031053181248748,0.1414512154704177,0.14295347043370177,36.747558596304046,39,14,0,True
8.5,6,0.8,0.8424254991019579,0.6372157795121779,174.97448341858274,0.011,0.0102463141906882,0.13482706812758513,0.13052228805493127,39.05755168389371,39,14,0,False
8.5,6,0.8,0.8362745455166084,0.6559473997317202,178.0438406847175,0.011,0.010262182353030936,0.14224599203180058,0.1347507329710808,38.24299566830459,39,14,0,False
8.5,6,0.8,0.8048395415528762,0.7096900614090426,191.77831485334534,0.011,0.010302089146547878,0.16739766542987136,0.14647209794916077,36.148178844025864,39,14,0,False
8.5,6,0.8,0.8452603246294231,0.5928047958312939,181.3892409025538,0.011,0.010205951319264486,0.11980769813338701,0.11896438794117703,41.165261444638936,39,14,0,False
8.5,6,0.8,0.8031152496398111,0.5867196791898361,190.23719549692038,0.011,0.010198946529943447,0.12489733843803756,0.11811034147834049,41.33327095111774,39,14,0,False
8.5,6,0.8,0.8128203809609934,0.6290639787966444,181.68403716382392,0.011,0.010236737247659963,0.13740774854689639,0.12880915026693662,39.35143088399662,39,14,0,False
8.5,6,0.8,0.863568418852623,0.6104100246988043,176.243386985196,0.011,0.010223701372586162,0.12251298333258744,0.12322866085426426,40.351829624553474,39,14,0,False
8.5,6,0.8,0.8287161486574651,0.6035204249065432,182.45020441613224,0.011,0.010214769774197446,0.1260346370461661,0.12200840925608875,40.580427335549324,39,15,0,False
8.5,6,0.8,0.8866906129331521,0.710537592417591,175.28162645187322,0.011,0.01031539556424342,0.1515576311200886,0.14616830407481057,36.19903843809907,39,15,0,False
8.5,6,0.8,0.8535524211400671,0.611908240113972,176.69266844191083,0.011,0.010224203665004768,0.12461921438385085,0.12378044308789124,40.24958403366224,39,15,0,False
8.5,6,0.8,0.836570146229319,0.5383699447726733,196.94116724490445,0.011,0.010157610225013882,0.1040198283356648,0.10490625819769589,44.14873962125432,39,15,0,False
8.5,6,0.8,0.7933567450074279,0.5913785898976024,191.34758039330674,0.011,0.010202872554775816,0.12819236128887332,0.11945815405817609,41.06904167059119,39,15,0,False
8.5,6,0.8,0.8931200962569766,0.6870948637560769,171.19136935385137,0.011,0.010297162609846295,0.1425916035594049,0.14100532382097236,37.08914802483092,39,15,0,False
8.5,6,0.8,0.8176471064557587,0.597988441628561,185.44652289243064,0.011,0.01020930938932129,0.12610778018852134,0.1207602854585937,40.81748058969669,39,15,0,False
8.5,6,0.8,0.8190605770907973,0.6468333114363154,180.4553387785812,0.011,0.010252680872763912,0.14232591193100605,0.1329523062003536,38.59294617578649,39,15,0,False
8.5,6,0.8,0.894680475726682,0.5554496122969121,193.81560434967875,0.011,0.010175385624464088,0.1009278744688041,0.10817145076627734,43.422214303158334,39,15,0,False
8.5,6,0.8,0.8550440050051371,0.5939969634006163,180.20764683584798,0.011,0.010207717070942866,0.11862481181529283,0.11910223775166767,41.13833185548821,39,15,0,False
8.5,6,0.8,0.8128395248689468,0.6146506713402385,183.72276844730624,0.011,0.010224008358019024,0.13251899331543737,0.1251036768015636,40.00746780125941,39,15,0,False
8.5,6,0.8,0.9141841151657668,0.578678132747992,187.17218947114165,0.011,0.010199066389973435,0.10519146727751859,0.11394488780667134,42.182737204668804,39,15,0,False
8.5,6,0.8,0.8092292539794793,0.6753468992236983,186.15583173170754,0.011,0.01027575246073105,0.15417653200958253,0.13915836510567814,37.42141164160083,39,15,0,False
8.5,6,0.8,0.7685408592413924,0.6263130893445686,191.47752150621614,0.011,0.010232574056631194,0.14503404144383472,0.12865767216478782,39.37773069692351,39,15,0,False
8.5,6,0.8,0.8836554574166415,0.6813970227938089,172.1726603575572,0.011,0.010290687970599522,0.14233840310063586,0.1398455796298111,37.296763514720666,39,15,0,False
8.5,6,0.8,0.7771196320437094,0.5841711227411802,196.01557648311643,0.011,0.010196709437873054,0.12871871768994717,0.11788427675653737,41.37808258786439,39,15,0,False
8.5,6,0.8,0.8423166322060898,0.6098144154981727,178.98885951110063,0.011,0.010221456471188224,0.12579700336524832,0.12341367029581123,40.317461952885104,39,15,0,False
8.5,6,0.8,0.7301099460092472,0.600757759732029,204.27578641499284,0.011,0.010211990265065583,0.1438861082034117,0.12271436598509179,40.447821729645305,39,15,0,False
8.5,6,0.8,0.855524568823895,0.6495747077334936,173.52415249573752,0.011,0.010258755271592881,0.1366544873337832,0.13317177570303987,38.5497346589298,39,15,0,False
8.5,6,0.8,0.8037981681210258,0.5805002398448328,191.2647849699198,0.011,0.010193481348660495,0.12271838821714305,0.11651326838204201,41.65295709328384,39,15,0,False
8.5,6,0.8,0.8986900745235764,0.7097105733994715,173.03576742647064,0.011,0.010317033678512739,0.14913410958802895,0.14589722852299616,36.244458279386244,39,15,0,False
8.5,6,0.8,0.9696471919301187,0.6235957593497926,177.17084982519447,0.011,0.010252250582223017,0.1110697529149768,0.12483770613392299,40.05578843133364,39,15,0,False
8.5,6,0.8,0.833554346014195,0.7059996331069598,185.02175995230297,0.011,0.010303042610467451,0.16011778982256647,0.14554250345334374,36.30409258931605,39,15,0,False
8.5,6,0.8,0.8732813837988749,0.6188201350056132,174.51241397761436,0.011,0.010232571698027215,0.12365379029311352,0.12526609618253362,39.97804439656308,39,15,0,False
8.5,6,0.8,0.8582795450308042,0.6322041519861512,172.83695446954846,0.011,0.0102433407621653,0.13044615199350712,0.12899878014642657,39.31857995181689,39,15,0,False
8.5,6,0.8,0.8539052929746185,0.5073107657375078,210.62793423827398,0.011,0.010134356241239295,0.09221942750388132,0.09624565525546638,46.25800331584568,39,15,0,False
8.5,6,0.8,0.7992218840749999,0.6899330370123736,190.32822753673932,0.011,0.010286357640331192,0.16144724728783055,0.14232796750108645,36.856468257799314,39,15,0,False
8.5,6,0.8,0.8941343144578885,0.5605785463212596,192.0284039361527,0.011,0.010180023663361133,0.10253076928200065,0.10958247047089993,43.118219177672714,39,15,0,False
8.5,6,0.8,0.7977483398236709,0.6008928284276683,188.86391720949217,0.011,0.010211318213205879,0.13060526255418103,0.12181067104175773,40.61772119186926,39,15,0,False
8.5,6,0.8,0.8074513360587987,0.6342442359827891,182.0876262406715,0.011,0.010240934319748375,0.14018308686949965,0.1302067832699176,39.11118907002943,39,15,0,False
8.5,6,0.8,0.8425583861300074,0.5655869512396872,187.99307611550577,0.011,0.01018114899213596,0.11158386173336364,0.1119876505310507,42.598541518911,39,15,0,False
8.5,6,0.8,0.7916614686604144,0.6132689296951427,188.20839810007692,0.011,0.010221939884930883,0.13595141652643314,0.1250493060226803,40.01733172034771,39,15,0,False
8.5,6,0.8,0.8340930484601,0.6072618144955625,180.8637972195303,0.011,0.010218519242282943,0.12634863854362585,0.12288608198946942,40.415696428666095,39,15,0,False
8.5,6,0.8,0.8316749273273815,0.6371930924500175,176.96400436998013,0.011,0.010245267622029292,0.1367309295543121,0.1306605313618449,39.03411781134924,39,15,0,False
8.5,6,0.8,0.8879250162238246,0.6095060857502059,177.34496479208104,0.011,0.010225407105872913,0.11842283259077098,0.122580358077064,40.472944841662894,39,15,0,False
8.5,6,0.8,0.819972777697807,0.5974132948974289,185.10240379587873,0.011,0.010208851765792575,0.12551830119271984,0.12057667386054499,40.85269781764215,39,15,0,False
8.5,6,0.8,0.9144142552083714,0.5780319953362792,187.39097446630996,0.011,0.010198523030489582,0.1049653689860229,0.11376819194667921,42.21991985997285,39,15,0,False
8.5,6,0.8,0.8261753819511861,0.6140592011948635,181.25941439480167,0.011,0.010224212856809647,0.12995643571555415,0.12475701004350206,40.07048307473372,39,15,0,False
8.5,6,0.8,0.814366720455913,0.5912748384650708,187.23583767246487,0.011,0.010203171433390607,0.12445590245552457,0.11909295460612478,41.14014372786338,39,15,0,False
8.5,6,0.8,0.7838745017388848,0.6286450628060961,187.76494630090505,0.011,0.010235005205448433,0.14278306073518776,0.1290642517149935,39.307256598727555,39,15,0,False
8.5,6,0.8,0.8217689896775605,0.6898071815774456,185.3476630407163,0.011,0.010288800066466154,0.15676561926956145,0.14215909861674544,36.88593691947759,39,15,0,False
8.5,6,0.8,0.9505471825238668,0.6065853611452147,180.78784011689353,0.011,0.010231753203605335,0.10857796968168038,0.12063301682138072,40.84188154468437,39,15,0,False
8.5,6,0.8,0.7923678711491179,0.6368116471421132,185.04105723764386,0.011,0.010242297116815178,0.1439732318607417,0.13104567117516527,38.96904985262181,39,15,0,False
8.5,6,0.8,0.7377096451685312,0.631531410122934,198.27066996012684,0.011,0.010236664204281444,0.15346330826767296,0.13030613969023902,39.09427458220305,39,15,0,False
8.5,6,0.8,0.8507361080403387,0.6013499280312815,178.93146676530975,0.011,0.010214206876530274,0.12166964948967318,0.12108611810029202,40.75520485593605,39,15,0,False
8.5,6,0.8,0.8521232822760829,0.5672979087819894,187.86489434054283,0.011,0.010183146481558804,0.11065405699327632,0.11223838258588853,42.54465760869352,39,15,0,False
8.5,6,0.8,0.8190503260576167,0.6097648334524136,183.2612023221729,0.011,0.010219915441184025,0.12977685387415985,0.12376075209575978,40.2532196493447,39,15,0,False
8.5,6,0.8,0.8940246890293752,0.5282574342813698,204.13017092688622,0.011,0.01015202281419329,0.09303048017987514,0.10080281695231516,45.11341150800793,39,15,0,False
8.5,6,0.8,0.8166051385284049,0.6371863443560255,179.88153979645205,0.011,0.010244121110133822,0.13947846896923857,0.13084888062545663,39.00225694107239,39,15,0,False
8.5,6,0.8,0.8000093240197851,0.6179005089494559,185.81463549355024,0.011,0.010226296180578368,0.1359728379864805,0.12611562529604806,39.825179047572306,39,15,0,False
8.5,6,0.8,0.8038724891888689,0.5,213.58304473472595,0.011,0.010129829295605092,0.09709862247373982,0.09561318681813562,46.42327609739676,39,15,0,False
8.5,6,0.8,0.8397085816084651,0.6418307871069806,175.66411400417124,0.011,0.010250148296470854,0.13685303817550787,0.13165548138451436,38.849506763094546,39,15,0,False
8.5,6,0.8,0.8115419907522758,0.6540787492608794,182.95247428226543,0.011,0.010258310072057835,0.14625972694347952,0.13457631454590568,38.276526749166905,39,15,0,False
8.5,6,0.8,0.7723347237642786,0.7112901389607625,199.71537844105478,0.011,0.010299505452820157,0.17525629541640841,0.14693992487998844,36.070266495414266,39,15,0,False
8.5,6,0.8,0.8712714857081147,0.5774083977083695,185.57319968013877,0.011,0.010193531076432942,0.11092427804941894,0.11448431030036851,42.0698203776901,39,15,0,False
8.5,6,0.8,0.8057506475666819,0.6184842749322402,184.56527671206425,0.011,0.010227045203828788,0.1351087278214461,0.12618681917173355,39.8124464497317,39,15,0,False
8.5,6,0.8,0.8089462413121263,0.5718241873712283,191.98560992619096,0.011,0.010185872732539337,0.11899563386266057,0.11421771412010567,42.12551500038191,39,15,0,False
8.5,6,0.8,0.7711620683107686,0.6561037468385869,192.4081115348995,0.011,0.010257272466067118,0.15516911072351566,0.13534446197798153,38.129498981918246,39,15,0,False
8.5,6,0.8,0.8996804646505457,0.6206558860478995,174.9999669974603,0.011,0.010237532543526176,0.12013123326929352,0.12531383687386516,39.969407962333484,39,16,0,False
8.5,6,0.8,0.6836887085320263,0.6421300207490928,214.62591982214687,0.011,0.010246111002648372,0.17044138127407968,0.13303051988559286,38.57753027214339,39,16,0,False
8.5,6,0.8,0.9041622913455302,0.5954401547328859,181.7636198359448,0.011,0.010213877945543017,0.1116651619040134,0.11857432532462449,41.241744751253165,39,16,0,False
8.5,6,0.8,0.8230491956188422,0.5786106598818267,188.01958218282456,0.011,0.010192159459240312,0.1188510458723433,0.11569505380831686,41.81959237948633,39,16,0,False
8.5,6,0.8,0.8591294712939096,0.5903010003521579,181.37537923764106,0.011,0.010204630126106451,0.11680722682774852,0.11806537321098934,41.34217336461426,39,16,0,False
8.5,6,0.8,0.7777358293759488,0.701136546245926,196.9351607933234,0.011,0.010292699408363078,0.17023143806941526,0.1447972953865198,36.43031718549792,39,16,0,False
8.5,6,0.8,0.8129617944634647,0.6243917552229189,182.28796175545887,0.011,0.010232585687143024,0.13579446051287494,0.12760710440935566,39.560918300567096,39,16,0,False
8.5,6,0.8,0.8019399846940932,0.6799968485377583,188.38705377967935,0.011,0.010278800643580438,0.15731384398201353,0.14019791090857486,37.23332873432642,39,16,0,False
8.5,6,0.8,0.9030702275946002,0.6793201519386936,169.5623291762456,0.011,0.010292184997285085,0.13835518186113469,0.13920486144594887,37.412939389410106,39,16,0,True
8.5,6,0.8,0.8392105007300885,0.5981941474468369,181.4812950211686,0.011,0.010210590518234615,0.1225315648470337,0.12045991604144538,40.87513898401682,39,16,0,False
8.5,6,0.8,0.8509883503587907,0.6079692281562427,177.76637622068432,0.011,0.010220321365828995,0.12376569019704266,0.12280112157862422,40.43158174480526,39,16,0,False
8.5,6,0.8,0.7780947287810518,0.5965848643682286,193.6717746430146,0.011,0.010207351103129113,0.1327788638642386,0.12100989440630729,40.769748216126764,39,16,0,False
8.5,6,0.8,0.83064164595429,0.6371872532704419,177.16022068972828,0.011,0.010245176759419846,0.1369146729992837,0.13067235435974414,39.03211559564628,39,16,0,False
8.5,6,0.8,0.8520462923707579,0.5887269843118759,181.54602013838314,0.011,0.010202675361070975,0.11741952605462223,0.11778429354392762,41.397947528878944,39,16,0,False
8.5,6,0.8,0.8169641872282942,0.6986823644858443,187.5723544636036,0.011,0.01029522718929599,0.16088778494869344,0.14407981565450725,36.553071369725664,39,16,0,False
8.5,6,0.8,0.849483216015303,0.6092987433247267,177.81228821694788,0.011,0.010221461520810897,0.12444219695336398,0.12316866497620625,40.36299312716213,39,16,0,False
8.5,6,0.8,0.8478820743595973,0.5977352165964838,180.05719168512718,0.011,0.010210713581722613,0.12096657001280738,0.12019544045397539,40.92610670514979,39,16,0,False
8.5,6,0.8,0.9846133195814186,0.6971958966650268,171.32565295951838,0.011,0.01032548634110268,0.13126452998981347,0.1423081272825549,36.85992691114621,39,16,0,True
8.5,6,0.8,0.8913469056748524,0.5732744844435125,187.75344370986434,0.011,0.010191477090566076,0.10674309027356196,0.11299935845001435,42.38234380108663,39,16,0,False
8.5,6,0.8,0.824839103969039,0.6621621163059958,181.1501441788697,0.011,0.010266384211730309,0.14651154869617022,0.13619791255041014,37.96807726770268,39,16,0,False
8.5,6,0.8,0.8551526438855802,0.5949875755306634,179.94728225077148,0.011,0.010208663286420833,0.11892253956755192,0.1193575533416386,41.088591806580276,39,16,0,False
8.5,6,0.8,0.8567217557103365,0.6967015440707974,179.12870351056074,0.011,0.010299185595126704,0.15237601260914135,0.14339532178231057,36.67090716738313,39,16,0,False
8.5,6,0.8,0.8263200260886868,0.5531305454721465,193.10157464512932,0.011,0.01016986970321638,0.11018255154858465,0.10906406642218403,43.229173545712975,39,16,0,False
8.5,6,0.8,0.8670914959972622,0.6546950646539961,171.97003717775107,0.011,0.01026474053653704,0.13635249951750672,0.13416509814624772,38.3559248662036,39,16,0,False
8.5,6,0.8,0.876580616610369,0.565265943876007,189.60928336363375,0.011,0.010182845390493233,0.10641446403215925,0.11121306930684768,42.766286236862136,39,16,0,False
8.5,6,0.8,0.7973171462642193,0.5588011803564686,196.99452967498118,0.011,0.01017473262291359,0.11670507758346572,0.11112475678800068,42.785535545051474,39,16,0,False
8.5,6,0.8,0.8785281461330698,0.5520958906656581,194.1458647015715,0.011,0.010171162994833421,0.10215072320977504,0.10763115594044441,43.54000345965665,39,16,0,False
8.5,6,0.8,0.9305024068915181,0.5,220.17711479539088,0.011,0.010135281007114479,0.0806407467627897,0.09156063092157748,47.35670545904675,39,16,0,False
8.5,6,0.8,0.8268362765680426,0.6186171565895455,180.44315936039663,0.011,0.010228289496817323,0.1313620556776752,0.1259250152250627,39.859327697148615,39,16,0,False
8.5,6,0.8,0.8305982783656232,0.5689565685378976,188.65997315367505,0.011,0.010183719510938865,0.11452767390065749,0.11308635313962431,42.363904391478144,39,16,0,False
8.5,6,0.8,0.7720794114272117,0.6535797034473885,191.85866835821872,0.011,0.010255274047994117,0.15406179667846617,0.13480303274396,38.232958133597926,39,16,0,False
8.5,6,0.8,0.7944027804240879,0.5914385695637419,191.1241548051493,0.011,0.01020293200840681,0.1280240991230299,0.11945702385318471,41.06926115536719,39,16,0,False
8.5,6,0.8,0.8280207843538253,0.6106282650030436,181.4424097998364,0.011,0.010221207646118247,0.12849809862811296,0.1238465829591525,40.23737948639958,39,16,0,False
8.5,6,0.8,0.8173180440589977,0.6013260218846096,184.94286543817347,0.011,0.01021225269594444,0.1272724937463895,0.12162339319218209,40.65312593583585,39,16,0,False
8.5,6,0.8,0.9013761027996711,0.6335427099486534,172.01635745437645,0.011,0.010250023114403877,0.12392634949914061,0.1286982829817274,39.37067471627027,39,16,0,False
8.5,6,0.8,0.8056528717043835,0.6587765016833491,184.81629339641734,0.011,0.010261743391990496,0.14905281028943346,0.13563667869319362,38.07400194183414,39,16,0,False
8.5,6,0.8,0.7712629087952844,0.6098546356425117,193.12284949520102,0.011,0.010218704301247501,0.13869123559729057,0.12445796108698734,40.12507838727863,39,16,0,False
8.5,6,0.8,0.818597423200912,0.6403241850851135,179.764812700545,0.011,0.010246966762302356,0.14018302444655487,0.13155207689007226,38.87011834039376,39,16,0,False
8.5,6,0.8,0.82211735865009,0.5678156489085984,190.40875041299682,0.011,0.010182559691912927,0.11552384690527373,0.11295252682734619,42.39228006164986,39,16,0,False
8.5,6,0.8,0.814693581349998,0.6053786452792297,184.78899533439278,0.011,0.010215805413592375,0.12907979329536104,0.12270194900447112,40.450147667853166,39,16,0,False
8.5,6,0.8,0.7963522164662521,0.5382932688481782,202.45492980394235,0.011,0.0101578250864167,0.11024238870813137,0.10577597923883068,43.95171937646621,39,16,0,False
8.5,6,0.8,0.8597272111151097,0.6375666354557478,171.84760913042106,0.011,0.010248335138633729,0.13196411928045107,0.1303799916294803,39.081715943061944,39,16,0,False
8.5,6,0.8,0.8358952192666751,0.5721982163067321,187.06268067905418,0.011,0.010186843684033985,0.11471542738563424,0.11381604275920175,42.20984090901018,39,16,0,False
8.5,6,0.8,0.9084634349377699,0.6879879695272619,169.59209135517727,0.011,0.010300738065233303,0.1402829082850478,0.14105678967809135,37.0800132661896,39,16,0,True
8.5,6,0.8,0.8708563968200791,0.6331432826540907,171.1041982118552,0.011,0.010245610435830839,0.12866144144864286,0.12906074962636035,39.30786204415905,39,16,0,False
8.5,6,0.8,0.8532258814252973,0.6044438077559011,177.9835207544759,0.011,0.01021730534698823,0.12226047081398062,0.12184663132368904,40.61093332978979,39,16,0,False
8.5,6,0.8,0.8353752335181204,0.5908406304543529,183.47169069542045,0.011,0.01020362211293549,0.12078263393072401,0.11862647073012754,41.23149581351246,39,16,0,False
8.5,6,0.8,0.9110106098346215,0.7236638496390857,172.67485861570023,0.011,0.010330579893673876,0.15161749227599805,0.1488387268845668,35.75805341217117,39,16,0,False
8.5,6,0.8,0.8650033737541032,0.6956533782770135,177.39333119278297,0.011,0.010299558336028636,0.15047749213733203,0.1431100506428087,36.7203415613188,39,16,0,False
8.5,6,0.8,0.8868063183609955,0.6276542900966486,172.87318146300683,0.011,0.01024244778954671,0.12433246579990641,0.12737317113641122,39.60202506390198,39,16,0,False
8.5,6,0.8,0.816553180374272,0.5906110277595834,186.9415779111468,0.011,0.010202638449163906,0.12386229788972973,0.11888654344794682,41.18049172423842,39,16,0,False
8.5,6,0.8,0.8305727378833636,0.594000129095421,183.75330264434604,0.011,0.010206260498225284,0.12260321160496222,0.1195244562524148,41.056171899600244,39,16,0,False
8.5,6,0.8,0.8497709139418561,0.6335393706340886,174.1390573572825,0.011,0.010243667226737007,0.13233288951999436,0.12946791632085922,39.237654137648775,39,16,0,False
8.5,6,0.8,0.7992854718950311,0.6567123020234401,185.95998320967328,0.011,0.010259506533343789,0.1495915927969062,0.13524908167161484,38.14766496323802,39,16,0,False
8.5,6,0.8,0.7842458257695859,0.6040671761194556,191.15806416695995,0.011,0.010213812481939635,0.13418883999153325,0.12281695178914374,40.428620524449364,39,16,0,False
8.5,6,0.8,0.8044179685277894,0.6308637563995029,183.13765476613116,0.011,0.010237798852833296,0.13959346566075181,0.12937895302737815,39.25296256505352,39,16,0,False
8.5,6,0.8,0.8094918510206628,0.6280596450368625,182.4802872532378,0.011,0.010235642726399307,0.1376820467047814,0.1285954978360767,39.3885404818409,39,16,0,False
8.5,6,0.8,0.7991424968093305,0.6517874490835204,185.37232753341632,0.011,0.010255412079297109,0.147885312127537,0.13419665660947547,38.34981434021815,39,16,0,False
8.5,6,0.8,0.8750499788097059,0.6190201118111609,174.52980187838298,0.011,0.010232997036156478,0.12343448033649286,0.1252883158222233,39.97402411273888,39,17,0,False
8.5,6,0.8,1.0142999665168215,0.5654668214431903,197.7621918606563,0.011,0.010203717286261597,0.08905477057126415,0.10795827612445733,43.46858213428648,39,17,0,False
8.5,6,0.8,0.7290164878871467,0.6552071356911787,203.13831593031182,0.011,0.010255274004422778,0.16427240567241833,0.1354494044053795,38.10954120200242,39,17,0,False
8.5,6,0.8,0.8641488099460606,0.6883070661845067,176.629951614351,0.011,0.010293429688255057,0.1481331653798762,0.14152038221219557,36.998026508224555,39,17,0,False
8.5,6,0.8,0.8344601036843495,0.5965109390047151,182.61436696422845,0.011,0.010208758418736509,0.12277254202970384,0.12010575349853447,40.94343311477184,39,17,0,False
8.5,6,0.8,0.8124271104137707,0.5075273408839234,209.390474507623,0.011,0.010134494836012658,0.09813278634166185,0.09735635890071605,45.97150137913537,39,17,0,False
8.5,6,0.8,0.7998032041515994,0.5905496299123706,190.19299616227718,0.011,0.010202200080801173,0.12676102000716416,0.11914474275528501,41.13003879028256,39,17,0,False
8.5,6,0.8,0.8946441970287,0.7105561182128523,173.8604210019218,0.011,0.01031696450399139,0.15013290900185203,0.1461113515511549,36.208596547801825,39,17,0,False
8.5,6,0.8,0.8347359471530053,0.7398821299617782,189.6332552084107,0.011,0.010328140412921146,0.17194577204183503,0.15258200279578937,35.140878979069925,39,17,0,False
8.5,6,0.8,0.8376385613832267,0.6309855971425969,176.68072992164394,0.011,0.010240264895708076,0.1335896056353708,0.12897244802680802,39.32313682106255,39,17,0,False
8.5,6,0.8,0.7946073026353029,0.6057062028488466,188.7394938900886,0.011,0.010215447513910899,0.13281443268973053,0.12308283403373489,40.3789796381381,39,17,0,False
8.5,6,0.8,0.8660835468026682,0.6389601112152481,170.57842142693676,0.011,0.010250378213430686,0.13134842467905017,0.13065338887104683,39.03532753334088,39,17,0,False
8.5,6,0.8,0.8326977788109923,0.6135745376184985,180.12313841974114,0.011,0.010224170895180405,0.12866625896654668,0.12453511439691195,40.110972047201884,39,17,0,False
8.5,6,0.8,0.8718688278557102,0.632581649884463,171.2608828682174,0.011,0.010245205531072487,0.1283136306119777,0.128898907440443,39.335871533930444,39,17,0,False
8.5,6,0.8,0.8473922773971755,0.5754523255354279,185.1838692120452,0.011,0.010190275925638429,0.1139411176423525,0.11443565018740183,42.07996974136005,39,17,0,False
8.5,6,0.8,0.8732194689428382,0.5973149598354277,179.99515074486249,0.011,0.010212367498932055,0.11683998063829532,0.1196431123400054,41.03315472818322,39,17,0,False
8.5,6,0.8,0.8801017551649167,0.6218726777814957,174.0122864810667,0.011,0.010236214754045622,0.12354634069451916,0.12595697253818652,39.85359637804316,39,17,0,False
8.5,6,0.8,0.9205303246680325,0.7120407035694232,169.71075640297445,0.011,0.010323283105229477,0.14612800815097013,0.1462330121535351,36.18818773298361,39,17,0,True
8.5,6,0.8,0.8370426670636112,0.5992866208676989,181.6705107664594,0.011,0.010211429331106303,0.12324670650738759,0.12077923871888398,40.81385039835444,39,17,0,False
8.5,6,0.8,0.8616545634745358,0.7095299930458058,179.85011909717934,0.011,0.010310247166421769,0.15585520323980848,0.1461217171233672,36.206856384322776,39,17,0,False
8.5,6,0.8,0.7648535261081586,0.6063282180278095,195.09371007525033,0.011,0.010215768953221868,0.13871859881668736,0.12365239268100385,40.27324376372474,39,17,0,False
8.5,6,0.8,0.8508155811435419,0.6398570293710638,173.28784298521867,0.011,0.010249515134645561,0.13424360569487354,0.13109736893037466,38.960340006528355,39,17,0,False
8.5,6,0.8,0.8063345843851918,0.5909990712202052,188.82649026160806,0.011,0.010202706717505401,0.12575945993340656,0.11915435600015344,41.12816385353581,39,17,0,False
8.5,6,0.8,0.8078239652732689,0.6403745404138917,182.05625224017794,0.011,0.010246250548407186,0.14222617053853015,0.13167155808806047,38.84630509068348,39,17,0,False
8.5,6,0.8,0.7896765765019023,0.667085396949377,189.47183197323113,0.011,0.010267372328882888,0.15523046372123137,0.1375396336456829,37.718320933727405,39,17,0,False
8.5,6,0.8,0.8000226184040333,0.6501063744693842,184.962396877467,0.011,0.010254027027114391,0.14712321266771167,0.1338309760254497,38.42079576967547,39,17,0,False
8.5,6,0.8,0.903254859361301,0.5161908255554355,210.01522095383527,0.011,0.010143496286589055,0.0883964572616992,0.09730189493740612,45.98542955396091,39,17,0,False
8.5,6,0.8,0.825849662090635,0.6218210851096886,180.1668069320671,0.011,0.010231141575261718,0.13260503941553595,0.12676457438470276,39.709560298207336,39,17,0,False
8.5,6,0.8,0.853107230856655,0.5970393670725483,179.32830728313542,0.011,0.010210431576457527,0.11990303219155277,0.11992578848103047,40.97826551669936,39,17,0,False
8.5,6,0.8,0.8644826346586877,0.5614409917122415,190.28663054271865,0.011,0.010178556896455165,0.10699928621431451,0.1104728443502449,42.92842810706076,39,17,0,False
8.5,6,0.8,0.7609845399510293,0.6063890752614716,195.97052821202968,0.011,0.010215848318498252,0.13951038939173213,0.12371917891079462,40.260898631384,39,17,0,False
8.5,6,0.8,0.8192870884240795,0.5912093730521469,186.32441625430846,0.011,0.010203284516244247,0.12359173863999298,0.11899400617313294,41.159470999986056,39,17,0,False
8.5,6,0.8,0.7867015395746669,0.6155616810277265,188.92768978781314,0.011,0.010223815568014442,0.1376825321271362,0.12569913519438547,39.89990709044091,39,17,0,False
8.5,6,0.8,0.8246203355241394,0.5892835421446746,185.69159124950602,0.011,0.010201750793334519,0.12206033630711036,0.11840869334805397,41.27434888755946,39,17,0,False
8.5,6,0.8,0.9073024839950954,0.6006619427362389,180.46279790281855,0.011,0.010219354777446961,0.1128089077000907,0.11989479869855708,40.98427244823021,39,17,0,False
8.5,6,0.8,0.7984144130547222,0.589587966231777,190.64629809292987,0.011,0.01020137837409796,0.12668427426264375,0.11892005423581783,41.17393329843284,39,17,0,False
8.5,6,0.8,0.7730834250815021,0.6321055647308471,189.7214940654352,0.011,0.010237550509733585,0.14616571325591485,0.13007036623400767,39.134447936541115,39,17,0,False
8.5,6,0.8,0.8052831183300289,0.612620252359102,185.51298531273167,0.011,0.010221811918816031,0.1332053192475247,0.12469407479179179,40.08195453323724,39,17,0,False
8.5,6,0.8,0.8520249517038274,0.6481570026987835,174.02021456732027,0.011,0.010257078912307711,0.13679440681449329,0.13290145497652087,38.602978678874635,39,17,0,False
8.5,6,0.8,0.8384107547354741,0.6068226246988582,180.15720570074444,0.011,0.010218383162661722,0.12547683698261197,0.12270525489542436,40.449528372649326,39,17,0,False
8.5,6,0.8,0.9101103174343432,0.5645810415839432,191.51738159512146,0.011,0.010185321725325422,0.10154971818742507,0.11031251026857311,42.96329640120013,39,17,0,False
8.5,6,0.8,0.7989396169178563,0.6355202061698715,183.6730486475356,0.011,0.010241491383252931,0.14224863083364067,0.13063962378882923,39.037659233635665,39,17,0,False
8.5,6,0.8,0.8338863985247372,0.598177589840366,182.421698477072,0.011,0.010210212033264972,0.12341226973641298,0.12054618138670387,40.858555045705366,39,17,0,False
8.5,6,0.8,0.8954043540841868,0.5938934489279823,181.82258257907273,0.011,0.010211369665581643,0.11245870531762021,0.11833342198828949,41.28919098177224,39,17,0,False
8.5,6,0.8,0.8646410119135448,0.6254270139445148,172.72853591185833,0.011,0.010237751734836955,0.1271811481870383,0.12713323551384417,39.64431760508248,39,17,0,False
8.5,6,0.8,0.8161754289803531,0.6633946074742866,183.12864164205467,0.011,0.01026658492668982,0.1486044707323148,0.13653831090878665,37.90425302868109,39,17,0,False
8.5,6,0.8,0.8018058615266084,0.5860754964346809,190.6116040862693,0.011,0.010198358717727061,0.12491273236495753,0.1179677021346672,41.361528918374106,39,17,0,False
8.5,6,0.8,0.9143470254646316,0.7397042040193437,174.29083499781785,0.011,0.01034350732802153,0.15638713434877727,0.15219572436410594,35.20713224684406,39,17,0,False
8.5,6,0.8,0.855796922361307,0.713929043269735,181.57846379678503,0.011,0.010312681150741567,0.1585032917881066,0.14710257136544383,36.043294504619844,39,17,0,False
8.5,6,0.8,0.9479647008734255,0.6106205771278723,179.57177022965993,0.011,0.010235297946120613,0.11012868742754169,0.1217664953903141,40.62606436968133,39,17,0,False
8.5,6,0.8,0.8141010846714166,0.6968078641369373,187.94389722140636,0.011,0.0102934228109985,0.16080831995525785,0.14369790736318303,36.61868551796454,39,17,0,False
8.5,6,0.8,0.825962013149611,0.6355938638378239,178.26042702944315,0.011,0.010243406046042345,0.1372209266148454,0.13032012821489058,39.0918948987839,39,17,0,False
8.5,6,0.8,0.8709724768412545,0.5803418506706038,184.69243385634107,0.011,0.010196268677690974,0.11187692916084234,0.1152517052208159,41.91070969845499,39,17,0,False
8.5,6,0.8,0.9050724943182342,0.5509851336846202,195.98531010700586,0.011,0.010172383370557592,0.09821318452821942,0.10670306336659395,43.74454122795583,39,17,0,False
8.5,6,0.8,0.7713076337038333,0.6342839239933704,189.85507889818845,0.011,0.01023928829109557,0.14730462717604237,0.13064375969047234,39.036958600218206,39,17,0,False
8.5,6,0.8,0.8037161145717475,0.6095419239023527,186.30136678934113,0.011,0.010219105676575106,0.13244523662434868,0.123927410935912,40.222479404018166,39,17,0,False
8.5,6,0.8,0.8232101569994797,0.5959900990298341,184.7514120980635,0.011,0.010207754552126492,0.12449387382497276,0.12015700788348099,40.9335287525771,39,17,0,False
8.5,6,0.8,0.8356977263899945,0.5695825611555214,187.64971593851112,0.011,0.010184467301808444,0.11391670877099432,0.11314896703574934,42.350647395542666,39,17,0,False
8.5,6,0.8,0.8455865225207136,0.6310890779574431,175.22287839312585,0.011,0.01024106420360878,0.1322415183839656,0.12888907355648302,39.337575347387094,39,18,0,False
8.5,6,0.8,0.8052898029560096,0.6747938662413958,186.95096105756085,0.011,0.010274924942680997,0.15477655534236145,0.13906911547625758,37.43768993505785,39,18,0,False
8.5,6,0.8,0.9154779672108411,0.6870372663985661,169.74917785949756,0.011,0.010301251914248955,0.13881005463594057,0.1407788230995365,37.12942878346295,39,18,0,True
8.5,6,0.8,0.8609522096297687,0.6994435155789477,178.66747862025002,0.011,0.010302101792197482,0.15252056094705443,0.14395469059907184,36.57453965388622,39,18,0,False
8.5,6,0.8,0.7882714800270133,0.593230370359298,192.0731138091502,0.011,0.010204436957022818,0.12974336407272963,0.12000819344828566,40.96230510779339,39,18,0,False
8.5,6,0.8,0.9135419874216981,0.5367544965674542,201.93077936761367,0.011,0.010160830072381482,0.09298240511955942,0.10260889231503169,44.68199879118923,39,18,0,False
8.5,6,0.8,0.8182007318825616,0.5961172111845093,185.66685105354605,0.011,0.01020768363133288,0.12539241250535554,0.12027040590156476,40.911640895877206,39,18,0,False
8.5,6,0.8,0.8727732194882881,0.700285281448623,176.52704174807457,0.011,0.010304667156221617,0.1506210856242249,0.1440512806675583,36.55797443570397,39,18,0,False
8.5,6,0.8,0.8439251324811871,0.5542579264867236,191.7186920565762,0.011,0.010171207831105209,0.10783548268078777,0.10899036352945343,43.24501683873836,39,18,0,False
8.5,6,0.8,0.8290095537543072,0.6433907699925117,177.98635133189418,0.011,0.010250517718711044,0.13930916779444058,0.13210899079655036,38.7594779939213,39,18,0,False
8.5,6,0.8,0.7792591353466498,0.6020796004606142,192.5439579818254,0.011,0.010212117776696429,0.13444647416619068,0.12238317437988958,40.509995654205255,39,18,0,False
8.5,6,0.8,0.8321793724767471,0.607744403507107,181.13205722454032,0.011,0.01021882620630313,0.12683319592291806,0.12304081097569614,40.386813489094735,39,18,0,False
8.5,6,0.8,0.8499423362014296,0.6194127881641228,176.14574025164683,0.011,0.010230807024562057,0.12765931966852997,0.1257869507983063,39.884116533789324,39,18,0,False
8.5,6,0.8,0.8113126875614102,0.5973760104203163,186.75951589107666,0.011,0.010208530828275249,0.12700730964298548,0.12070433068502852,40.82820338436584,39,18,0,False
8.5,6,0.8,0.8001436404896318,0.6094644851590311,187.03031873580622,0.011,0.01021889029879686,0.13307334924595574,0.12396008804031489,40.21646022118447,39,18,0,False
8.5,6,0.8,0.8272238309991987,0.6120349181649114,181.3736967675706,0.011,0.01022244568396932,0.12910169674792316,0.12422021234860409,40.16863938706033,39,18,0,False
8.5,6,0.8,0.8206930547411111,0.6422785367083368,179.56272459092594,0.011,0.010248847199283631,0.14046129112860917,0.13195327295638315,38.790327448350986,39,18,0,False
8.5,6,0.8,0.8368712753851251,0.7066281104987356,184.4204586134967,0.011,0.010304043833467799,0.1596738087342513,0.14565589317706873,36.28499884192334,39,18,0,False
8.5,6,0.8,0.8672343529827657,0.6516129754480561,171.58043730091055,0.011,0.010262014849522036,0.13530924977646813,0.13348980785788359,38.48736910078341,39,18,0,False
8.5,6,0.8,0.8688803749598335,0.5271499866663134,203.0277878705157,0.011,0.010149598877652826,0.09604000655795245,0.10114004051494122,45.031950591413334,39,18,0,False
8.5,6,0.8,0.7579119127091831,0.6222829185327534,194.47172243287588,0.011,0.010229123176881127,0.14577915575139655,0.1277621286857293,39.5337466081972,39,18,0,False
8.5,6,0.8,0.891177027495945,0.5937312032820807,181.6949239024446,0.011,0.010210779899353022,0.11302645485602772,0.11836980471340627,41.28201502722554,39,18,0,False
8.5,6,0.8,0.8055760538399597,0.6185134295583726,184.5959130180883,0.011,0.010227060775274452,0.13515090810992184,0.12619677377515415,39.810667084669284,39,18,0,False
8.5,6,0.8,0.8112642984795437,0.6368230831843709,180.9911396109969,0.011,0.01024342277289725,0.14035175056562058,0.13082197840656054,39.0068029897174,39,18,0,False
8.5,6,0.8,0.81319181443803,0.6612050096450325,183.49181326752583,0.011,0.010264472619371384,0.14842148484682732,0.13609241956402224,37.98792134160036,39,18,0,False
8.5,6,0.8,0.9547596741073935,0.6677979317233492,170.92032528112225,0.011,0.010291878659404428,0.12657577201898762,0.1360542792176285,37.995103361229376,39,18,0,True
8.5,6,0.8,0.8540019785212024,0.5319993128572797,200.24960330126007,0.011,0.010152869597502542,0.09955086407158167,0.10280164458490965,44.636523745925906,39,18,0,False
8.5,6,0.8,0.8076713258047957,0.6994257730185088,189.7179666242989,0.011,0.010294634996363518,0.16308764017655938,0.14429085436808306,36.51683849870709,39,18,0,False
8.5,6,0.8,0.8175391486946574,0.58877241518936,187.09810590534832,0.011,0.010201076449335418,0.12308747273350831,0.11839608623881255,41.27683367420813,39,18,0,False
8.5,6,0.8,0.7976284579076256,0.643563894861372,184.67407930477202,0.011,0.010248334640062662,0.14530317567305337,0.13245643539966784,38.690863675556784,39,18,0,False
8.5,6,0.8,0.817243187612778,0.6258089305230679,181.25863806435987,0.011,0.010234157703728264,0.13549098697746365,0.127911871424899,39.507552784290844,39,18,0,False
8.5,6,0.8,0.8333186793673825,0.5945294410674158,183.17123118686072,0.011,0.010206917075876126,0.1223167557858251,0.11961353560490355,41.03889962631586,39,18,0,False
8.5,6,0.8,0.8679145135346156,0.5932501483448475,180.8917199612673,0.011,0.01020803807871699,0.11637817361921195,0.11867665129119183,41.221640150850725,39,18,0,False
8.5,6,0.8,0.8606837950712555,0.5927348024461973,180.76080249307338,0.011,0.010206983879267502,0.11733621863755328,0.11867231176628684,41.22249217625734,39,18,0,False
8.5,6,0.8,0.8516243602002312,0.6050718699051759,178.14979364828005,0.011,0.010217768307599167,0.12272258602469396,0.12203621622330711,40.575190003570974,39,18,0,False
8.5,6,0.8,0.8284711737395004,0.6393298540020379,177.61540243305444,0.011,0.010246902602500604,0.13803041923742754,0.1312327754888341,38.93396842617046,39,18,0,False
8.5,6,0.8,0.8513408848371645,0.6186447375297718,176.0198153959699,0.011,0.010230228168706374,0.1271746051938036,0.12556568807466323,39.923938197839874,39,18,0,False
8.5,6,0.8,0.7997682136223971,0.6091958739944658,187.14626667192817,0.011,0.010218633931081965,0.13305142289820995,0.12389730932406627,40.22802652780196,39,18,0,False
8.5,6,0.8,0.8509349497741773,0.6641252058389729,176.15308095016397,0.011,0.010270975513789046,0.14234860680797382,0.13638568755916985,37.93283063353156,39,18,0,False
8.5,6,0.8,0.8527704619777015,0.5950809828323699,179.84008182877736,0.011,0.010208602403749491,0.11933018126049208,0.1194227482184409,41.07591909699639,39,18,0,False
8.5,6,0.8,0.8321533130827563,0.6654391260345238,180.05004877007426,0.011,0.010269929611475194,0.14625697616459304,0.1368423028002318,37.84752102053998,39,18,0,False
8.5,6,0.8,0.8707709799630478,0.5977767079768299,179.76989091920092,0.011,0.010212517203325224,0.11736454353846253,0.11980957138805327,41.00080596656629,39,18,0,False
8.5,6,0.8,0.8060376677119363,0.6475103035627071,183.31430373716898,0.011,0.010252216466247601,0.1450439450612014,0.1332226408179271,38.5397401067682,39,18,0,False
8.5,6,0.8,0.7113798218352607,0.5834224323216537,211.91044864790913,0.011,0.010199367558554037,0.14162853836480074,0.11866496397484569,41.223934965371654,39,18,0,False
8.5,6,0.8,0.810503438639822,0.6171009505549215,183.81255979044474,0.011,0.01022600526218805,0.1337718111254152,0.12576777752467747,39.887562602551746,39,18,0,False
8.5,6,0.8,0.7928803351567408,0.6077811808139494,188.77510814692516,0.011,0.010217201496256724,0.1338429559607523,0.12363575521635022,40.27632086097925,39,18,0,False
8.5,6,0.8,0.8187270636713546,0.6024865475966282,184.49198130847185,0.011,0.010213417992613473,0.12740962322065724,0.1218970392332721,40.60142344227448,39,18,0,False
8.5,6,0.8,0.8282409470095952,0.5,212.3414226003242,0.011,0.01012938626934442,0.09358275420880552,0.09498928428206714,46.58803582917187,39,18,0,False
8.5,6,0.8,0.8624546193721268,0.6676279260258308,174.38329464629416,0.011,0.010275565521636346,0.14146482217735243,0.1370387659453182,37.81098903433293,39,18,0,False
8.5,6,0.8,0.7800710001416649,0.6185807674951501,189.93401429700918,0.011,0.010226253673738266,0.14001340199226953,0.1265535482736861,39.747048727734885,39,18,0,False
8.5,6,0.8,0.8677114604678304,0.7434441190720886,183.47668755102023,0.011,0.010336636068928911,0.16646140313040506,0.15314963882023394,35.04418003843814,39,18,0,False
8.5,6,0.8,0.8625485103035267,0.6007071013567379,178.69360813671523,0.011,0.010214567408403272,0.11957482998057911,0.12071675099860826,40.825822521777994,39,18,0,False
8.5,6,0.8,0.7686896328740905,0.6095869649204918,193.74139272264168,0.011,0.010218486625059475,0.13910359470633996,0.12442384521202979,40.13132063566017,39,18,0,False
8.5,6,0.8,0.7982320499519955,0.5899767803912797,190.6160412713213,0.011,0.010201734807820733,0.12684608903848194,0.11902156048922227,41.154086214229224,39,18,0,False
8.5,6,0.8,0.8687151132408468,0.5997191690099283,179.18479050617805,0.011,0.010214226254825688,0.1182935299586967,0.12035007953037145,40.89628309159106,39,18,0,False
8.5,6,0.8,0.8037542671602912,0.5995805417764046,187.8754359652411,0.011,0.010210311670500755,0.12908001850795114,0.12138414207511036,40.69848890766496,39,18,0,False
8.5,6,0.8,0.8087071159233659,0.6208017782376056,183.64318108956547,0.011,0.010229235277856609,0.13535286748422223,0.1267403774620422,39.71385355092611,39,18,0,False
8.5,6,0.8,0.837830918217251,0.6043911402314833,180.6665087047709,0.011,0.010216165322872874,0.12477781243269176,0.12208498726280038,40.56600898498818,39,18,0,False
8.5,6,0.8,0.8446699854466699,0.6270908189929248,175.9483325131323,0.011,0.010237357823426357,0.13107647737299355,0.12786231061820982,39.51621656974137,39,19,0,False
8.5,6,0.8,0.7635264249832041,0.678452927768471,197.2781159963876,0.011,0.010274465098883648,0.16502525562361756,0.1401093028758667,37.24925212473271,39,19,0,False
8.5,6,0.8,0.9106939831123451,0.660993273019271,169.98777961649589,0.011,0.01027711623257103,0.13119312747927672,0.13506451741295797,38.182889234320605,39,19,0,True
8.5,6,0.8,0.8269640744931347,0.5655537836564601,190.046352899594,0.011,0.010180697848613782,0.11401955490386698,0.11228026405889693,42.53567662601767,39,19,0,False
8.5,6,0.8,0.7924316154110351,0.5925734906153524,191.3404992606447,0.011,0.010203987096231102,0.12875894259153098,0.11977371428208151,41.00776788551863,39,19,0,False
8.5,6,0.8,0.963325992920159,0.6458852264486064,171.62176604388847,0.011,0.010272892161241028,0.11861993005515718,0.13097595526432887,38.980804418159195,39,19,0,True
8.5,6,0.8,0.8078279560669306,0.6405461443311156,182.07627261251395,0.011,0.01024640073865316,0.1422845960076455,0.1317084482254009,38.83896136346949,39,19,0,False
8.5,6,0.8,0.9508907250093731,0.6292856199447101,174.92753740130584,0.011,0.0102542324678013,0.11533507464763275,0.12671949534175164,39.71755975933176,39,19,0,False
8.5,6,0.8,0.8407757319261084,0.5223478822967088,203.34805849991545,0.011,0.010144989089279492,0.09851975844079476,0.10055390785570151,45.17381936962136,39,19,0,False
8.5,6,0.8,0.8016823959466693,0.6650538013603627,186.49258958319473,0.011,0.010266658731200569,0.15205380303062732,0.13701376659070025,37.815631861146464,39,19,0,False
8.5,6,0.8,0.8642718581669192,0.604413239554635,177.7881315196219,0.011,0.010218157980588416,0.1204840461607463,0.12165438453656048,40.64726075801617,39,19,0,False
8.5,6,0.8,0.8408783240402433,0.5948022304711449,181.78656979706847,0.011,0.010207561816962179,0.12116074818647393,0.11955649884043514,41.049956448415585,39,19,0,False
8.5,6,0.8,0.7952744801401241,0.6447876357448658,185.35051422630886,0.011,0.01024922580345236,0.1461947546067391,0.1327401066530655,38.63486220938549,39,19,0,False
8.5,6,0.8,0.8627227444249391,0.6303472416047824,172.34036673623876,0.011,0.010242132043355456,0.12909530872688718,0.1284488646133399,39.41403784474889,39,19,0,False
8.5,6,0.8,0.8075815135934529,0.6665763555679308,185.38114330673224,0.011,0.010268380928108565,0.1514125573445278,0.13729549871559374,37.763406019430256,39,19,0,False
8.5,6,0.8,0.8031916864107427,0.5950202079068991,188.75263948974882,0.011,0.010206265010218386,0.12765194842925318,0.1202290612360494,40.919617159140316,39,19,0,False
8.5,6,0.8,0.8554020411909589,0.582815892028885,183.34152180807968,0.011,0.010197439985710759,0.11502212742859313,0.11618976729885262,41.71860579323471,39,19,0,False
8.5,6,0.8,0.7675173539920721,0.6580460038433928,193.55006685401239,0.011,0.010258679691628542,0.15665316036865803,0.1357819167693556,38.046506999296895,39,19,0,False
8.5,6,0.8,0.758167693268128,0.6189562486923511,194.85596956288632,0.011,0.010226382461241907,0.14453662300730163,0.12691879621426333,39.68222887414134,39,19,0,False
8.5,6,0.8,0.855466422140879,0.5194741371469327,205.38059046005756,0.011,0.010143050447729176,0.09560247866664354,0.09943067793530168,45.449425170887515,39,19,0,False
8.5,6,0.8,0.8425353950722022,0.6176386070468417,177.72228768498982,0.011,0.010228576253815316,0.1283257204966122,0.12543815305971165,39.946944576782904,39,19,0,False
8.5,6,0.8,0.8063013894566899,0.6747996494000298,186.72816899463027,0.011,0.010275027544660238,0.1545735241015428,0.1390630057605638,37.43880505154472,39,19,0,False
8.5,6,0.8,0.8248914273524025,0.614773585295377,181.38489500596373,0.011,0.01022472389956033,0.13042135599021798,0.12496208513425679,40.033170277845535,39,19,0,False
8.5,6,0.8,0.8356495602315603,0.5982774566167172,182.08961600407181,0.011,0.010210402232525654,0.12315097825045211,0.12054274678910856,40.85921494480335,39,19,0,False
8.5,6,0.8,0.8615763697006998,0.6086956154689921,176.60204206944047,0.011,0.010221896847013084,0.12228354729742827,0.12281625594826558,40.42875067593434,39,19,0,False
8.5,6,0.8,0.8121121562443244,0.6118479386672414,184.27887087889172,0.011,0.010221423883915441,0.13170872591016902,0.12439792957763171,40.136064384204516,39,19,0,False
8.5,6,0.8,0.7623437955328175,0.5506180879784963,206.05406928199548,0.011,0.010169330110035266,0.12008806824701036,0.10968794431039637,43.09574275635102,39,19,0,False
8.5,6,0.8,0.830030778517971,0.72297559040878,188.09368666107397,0.011,0.010315340019497708,0.16686565362972702,0.14916466039659845,35.70518799001857,39,19,0,False
8.5,6,0.8,0.822291432449243,0.6012787726303468,184.0224266963992,0.011,0.010212493198598389,0.12639302127024055,0.12153035736928824,40.67074817135144,39,19,0,False
8.5,6,0.8,0.8309319811897717,0.6594833127764208,179.5603485553344,0.011,0.010264688387261094,0.14444263639980431,0.1355653756872889,38.08752169430154,39,19,0,False
8.5,6,0.8,0.8487011094631893,0.6489558913639206,174.7574894074609,0.011,0.010257454475950811,0.1376445896370365,0.13310872610930052,38.562133954234675,39,19,0,False
8.5,6,0.8,0.8121195802280069,0.6108955423398409,184.42539739083273,0.011,0.010220599120437325,0.13138610267923673,0.12415301144195921,40.18097742796839,39,19,0,False
8.5,6,0.8,0.8850475915509296,0.6273119661135317,172.89264833822094,0.011,0.01024189549438289,0.1245010349560942,0.12731100365005113,39.612970325631885,39,19,0,False
8.5,6,0.8,0.8492595426307861,0.5988164132830901,179.63289534942015,0.011,0.010211818090069836,0.12109101506687706,0.12045172140347081,40.87671538170717,39,19,0,False
8.5,6,0.8,0.7579413440940492,0.6166509099619227,195.21525867132243,0.011,0.010224418737002805,0.14376355614581396,0.1263421118038968,39.78471487661138,39,19,0,False
8.5,6,0.8,0.9110802133341062,0.6780611221946816,169.74500855908025,0.011,0.010292521449233904,0.1366246011962045,0.1388468908141956,37.47831228304863,39,19,0,True
8.5,6,0.8,0.9172129001437695,0.6003216931855859,180.9876655173152,0.011,0.01022037608336414,0.11128916742992453,0.11961518571485934,41.03857987619264,39,19,0,False
8.5,6,0.8,0.8514384434466771,0.6095684808101244,177.4314256437825,0.011,0.010221861004238901,0.12420848023917054,0.12320738440308696,40.3557875163967,39,19,0,False
8.5,6,0.8,0.8432800198327849,0.6571630508661792,176.8029619651693,0.011,0.010264038825691702,0.1413785137989917,0.13494500755419023,38.205748937435196,39,19,0,False
8.5,6,0.8,0.802567598456064,0.6052842397095222,187.19072986105982,0.011,0.010215310348881098,0.1312143878255551,0.12285832133688868,40.42088490061135,39,19,0,False
8.5,6,0.8,0.8007439508680638,0.7548763524884882,199.8020127093637,0.011,0.01033264663155302,0.1849853956483388,0.15551519100459651,34.649441031576096,39,19,0,False
8.5,6,0.8,0.8010389274787589,0.6263475142131834,184.4262443934183,0.011,0.010233693260383911,0.13867774378496342,0.12826604964762703,39.44580097021031,39,19,0,False
8.5,6,0.8,0.8562359929455383,0.6430621932497536,172.62520818923255,0.011,0.010252983740605291,0.1343701175538119,0.13174203931693917,38.832277933477926,39,19,0,False
8.5,6,0.8,0.6654894170090764,0.6581138385335301,222.81722102310127,0.011,0.0102581267121423,0.1817429224713543,0.13638616903205592,37.93274038154784,39,19,0,False
8.5,6,0.8,0.8132556020602447,0.6179052167585918,183.156334140821,0.011,0.010226878660554117,0.13354364418562617,0.1259346938340298,39.85759165027798,39,19,0,False
8.5,6,0.8,0.8212309905630394,0.5641578963955216,191.3631359278956,0.011,0.010179330780205643,0.11449495398982111,0.1120341720523978,42.5885285144585,39,19,0,False
8.5,6,0.8,0.8032032540626303,0.620129022943236,184.84474718337964,0.011,0.01022837037339827,0.13614079709640042,0.12664313362232044,39.73112130459949,39,19,0,False
8.5,6,0.8,0.8190628729198608,0.5,211.7559566610995,0.011,0.010129461116638646,0.09488505453109043,0.09522675162720715,46.52512170993589,39,19,0,False
8.5,6,0.8,0.779699444659398,0.5667792686303521,198.81449413104133,0.011,0.010181867077095315,0.12238790140389091,0.11345866014186488,42.28525700141139,39,19,0,False
8.5,6,0.8,0.8658411320382642,0.646368437051929,171.2208255942048,0.011,0.010257111400282995,0.13381861430273329,0.1323591593489997,38.71003795493671,39,19,0,False
8.5,6,0.8,0.7974190968928717,0.5242694860676445,206.40637698895523,0.011,0.01014700064157554,0.10561450618870577,0.10207973583242431,44.807230669487,39,19,0,False
8.5,6,0.8,0.8205422253446994,0.6142249450271928,182.29779999950722,0.011,0.010224025586303535,0.1310019549400291,0.12488299389603519,40.047548551706235,39,19,0,False
8.5,6,0.8,0.7989214233910402,0.6307407697116705,184.28639930240422,0.011,0.010237398459437712,0.14059494599080308,0.12941625362229633,39.246541894390816,39,19,0,False
8.5,6,0.8,0.7568201302013748,0.638965204178922,193.7101403621887,0.011,0.010242830968255064,0.15201943061653683,0.13184198972718936,38.81241138035422,39,19,0,False
8.5,6,0.8,0.7900657804846336,0.5814436946933068,193.81785296292588,0.011,0.010194263843925248,0.12544431115715274,0.11698348182921633,41.558077295172254,39,19,0,False
8.5,6,0.8,0.8047857699993991,0.6184660274000984,184.76189605834858,0.011,0.010226983678706404,0.1352804816746902,0.12619547672447906,39.810898916549895,39,19,0,False
8.5,6,0.8,0.7972010891335821,0.6227830102922169,185.70824571216272,0.011,0.010230444190283315,0.13817523911530952,0.12740184180626093,39.59698028315889,39,19,0,False
8.5,6,0.8,0.823631865234597,0.6219416739731428,180.56713531262247,0.011,0.01023107939730797,0.1330403764955056,0.12682794457425978,39.69832302419034,39,19,0,False
8.5,6,0.8,0.8390519604024111,0.5997279566059729,181.2407613873814,0.011,0.010211968332375735,0.12305634749914938,0.12085945376332696,40.79849704007516,39,20,0,False
8.5,6,0.8,0.8395847395121707,0.5861104505755532,183.629256451104,0.011,0.01019955081482277,0.1185722789600617,0.11732989210972204,41.4885852779426,39,20,0,False
8.5,6,0.8,0.8419577329733797,0.576430550772235,185.14168778293129,0.011,0.010190844288897756,0.11510443997046152,0.1147918093850293,42.005850005611,39,20,0,False
8.5,6,0.8,0.8140211638657815,0.5311535408058685,201.35344606659024,0.011,0.010151790334348307,0.10519134436855011,0.10350984304584088,44.47061028112208,39,20,0,False
8.5,6,0.8,0.8807361305073631,0.5927884766892622,181.53269859054623,0.011,0.010208836526081656,0.11428320009695143,0.11831731206969238,41.29236960120844,39,20,0,False
8.5,6,0.8,0.8137414459897255,0.6583244389389082,183.0061487259974,0.011,0.010262026177153393,0.14731440075608337,0.1354708223743722,38.1054717440089,39,20,0,False
8.5,6,0.8,0.8023560955530985,0.5856263948137643,190.58162019319047,0.011,0.010197939445554216,0.12466844467013631,0.11784518028538679,41.385847032320115,39,20,0,False
8.5,6,0.8,0.9707744933492574,0.5934244419298135,185.61502807832878,0.011,0.010222400328499966,0.1020820401603691,0.11666506600465222,41.62225746123347,39,20,0,False
8.5,6,0.8,0.8513893797726324,0.6788674516896094,177.89108776377526,0.011,0.01028364589619071,0.14726825472173768,0.13958230728463233,37.34437186219081,39,20,0,False
8.5,6,0.8,0.85575641381454,0.5422590224690668,196.47819326734947,0.011,0.010161348340450195,0.10240700193073068,0.10550539098227431,44.01273759049213,39,20,0,False
8.5,6,0.8,0.8293090195173565,0.6133383156465698,180.78296462765977,0.011,0.010223731775759392,0.12917322439099801,0.12452542937801761,40.11274200691802,39,20,0,False
8.5,6,0.8,0.8106884347850487,0.5941771916348224,187.42816760066495,0.011,0.010205663824724922,0.1260532873964735,0.11989627508611796,40.98398621241362,39,20,0,False
8.5,6,0.8,0.8521713588528497,0.588112597328844,181.72008434302265,0.011,0.010202107641566226,0.11720482104470296,0.11762292179870071,41.43006877924641,39,20,0,False
8.5,6,0.8,0.824721381825163,0.6399476258427274,178.4564282777946,0.011,0.010247165604430486,0.13892244214533356,0.13140538448929046,38.899413811729815,39,20,0,False
8.5,6,0.8,0.8106708329008865,0.7087280775577682,190.33140806914824,0.011,0.010302073979843484,0.16580664806081177,0.14624292024849248,36.18652711723469,39,20,0,False
8.5,6,0.8,0.8086271614549987,0.6031991371437192,186.3152456928053,0.011,0.010213615891666248,0.12942646132746638,0.12223722728262139,40.53738957565319,39,20,0,False
8.5,6,0.8,0.8352858431564348,0.5945677112376344,182.80535991836754,0.011,0.010206987330912359,0.12200610314770417,0.11959268245869542,41.04294107915699,39,20,0,False
8.5,6,0.8,0.896707924420864,0.6570344812843955,169.7548776834824,0.011,0.010271159756796133,0.13216996701149397,0.13435073306740372,38.320022291279834,39,20,0,True
8.5,6,0.8,0.7788506077214234,0.6009213830725753,192.81541813748925,0.011,0.010211122082939823,0.1341250326939671,0.12209547086504133,40.564036274774864,39,20,0,False
8.5,6,0.8,0.8263647811289968,0.6776564690250264,182.79569848271237,0.011,0.010279533953677781,0.15159336285862002,0.13952131673394008,37.35542648968416,39,20,0,False
8.5,6,0.8,0.8534283795940013,0.5826332949316663,183.317398063824,0.011,0.01019714706350759,0.11527113036062703,0.11617911121268164,41.72077345336168,39,20,0,False
8.5,6,0.8,0.9613157399229696,0.6887252238932773,170.8053679469726,0.011,0.01031242917661168,0.13211007866136756,0.1406689054460819,37.149022885962594,39,20,0,True
8.5,6,0.8,0.8252253074451729,0.6177562684463018,180.8756282659018,0.011,0.010227427614523305,0.13135747298315956,0.12572571017119893,39.89512656822332,39,20,0,False
8.5,6,0.8,0.8923239730796282,0.5733127688116045,187.7869442105766,0.011,0.010191601485325361,0.1066166402286018,0.112989339816707,42.3844688750426,39,20,0,False
8.5,6,0.8,0.8809223726984248,0.6280112160662065,172.59717429559086,0.011,0.010242071998436977,0.12537766572990272,0.12755867983507366,39.5694171469364,39,20,0,False
8.5,6,0.8,0.7626564512894805,0.6173744210048424,194.02050329116074,0.011,0.010225047720198341,0.14305690857577852,0.1264659224422538,39.762645989091695,39,20,0,False
8.5,6,0.8,0.8707090158205947,0.6583855249288671,171.74484103946494,0.011,0.010268529473238303,0.1369511268242499,0.13493353132786298,38.207946216766324,39,20,0,False
8.5,6,0.8,0.8635463435459619,0.7032193972208431,178.6589052373608,0.011,0.010305542876376797,0.15332931248049006,0.1447498527811348,36.43839680938443,39,20,0,False
8.5,6,0.8,0.8204105198392613,0.6162216608376376,182.0210889882598,0.011,0.010225786645762147,0.1316944591191422,0.12539921241300048,39.95397697574345,39,20,0,False
8.5,6,0.8,0.826780187452859,0.6227364546800487,179.85853801207256,0.011,0.010232018364977204,0.13274698783413272,0.1269881221775227,39.66996087447356,39,20,0,False
8.5,6,0.8,0.8136058285791816,0.636757444557891,180.5285556200203,0.011,0.010243511152834669,0.13989139333337758,0.1307767162306403,39.01445510361006,39,20,0,False
8.5,6,0.8,0.812577856580685,0.6107398704044211,184.357633271254,0.011,0.010220465180299995,0.1312524747615385,0.12410704189567562,40.1894238451231,39,20,0,False
8.5,6,0.8,0.8848600297456386,0.6323507526517341,171.72961360613533,0.011,0.010246615605620473,0.12614001639248995,0.12864178607867902,39.38049186027447,39,20,0,False
8.5,6,0.8,0.7819403304439304,0.6061755997290169,191.33888346722821,0.011,0.010215689164697346,0.1353472721083849,0.12338010230502357,40.32369119021899,39,20,0,False
8.5,6,0.8,0.888519936986684,0.602034842735832,179.31947682081397,0.011,0.01021837156614884,0.11599715043923975,0.12060484969713646,40.84728778860745,39,20,0,False
8.5,6,0.8,0.8696891364037198,0.6137982820390342,175.6110547523908,0.011,0.010227462493560902,0.12262061957061095,0.12401193123632133,40.20691605658672,39,20,0,False
8.5,6,0.8,0.8423365632425226,0.6083948665537223,179.204950589224,0.011,0.010220087619368542,0.12533333462741408,0.1230490536999697,40.38527654422469,39,20,0,False
8.5,6,0.8,0.8257715218692385,0.6468733920561166,179.069764241052,0.011,0.010253309470535977,0.14108802562688488,0.13289422975868184,38.604404774531055,39,20,0,False
8.5,6,0.8,0.8127548742531926,0.5672576031929356,192.23141290012938,0.011,0.0101819449281036,0.11687608929491121,0.11298487323628062,42.385416392512774,39,20,0,False
8.5,6,0.8,0.8949812506863086,0.6164841700832622,175.84914083028883,0.011,0.01023290904458464,0.11953812807814955,0.12429368256866768,40.15516307955501,39,20,0,False
8.5,6,0.8,0.8455159365551327,0.7513249084300987,189.24616407889832,0.011,0.010337907574771541,0.1737816291517703,0.15474869145970085,34.77591537676521,39,20,0,False
8.5,6,0.8,0.9081551484289114,0.6443036517518406,170.26881723734178,0.011,0.010261167449823852,0.126281461231157,0.1313938181331118,38.90172645868522,39,20,0,True
8.5,6,0.8,0.883909680747472,0.6127609394294163,176.37661975487475,0.011,0.010228068171277029,0.12006073654365158,0.12350166715330768,40.301145771024636,39,20,0,False
8.5,6,0.8,0.8556204499649692,0.6987441307581186,179.60896766194784,0.011,0.010300668217061415,0.15328596665911978,0.14384330560685088,36.593669613404145,39,20,0,False
8.5,6,0.8,0.8199881852928355,0.5985624894941348,184.91060718812957,0.011,0.010209939097794005,0.12589271486939332,0.12086939415319362,40.79659561123154,39,20,0,False
8.5,6,0.8,0.8555803924259021,0.608948142793517,176.83021839539333,0.011,0.010221650526905107,0.12333085312308056,0.12297860649394501,40.398417751716885,39,20,0,False
8.5,6,0.8,0.8192132872569781,0.5962749729318529,185.4494605092934,0.011,0.010207865368436778,0.12527031434589314,0.1202944364146622,40.90700700752447,39,20,0,False
8.5,6,0.8,0.8411406546503031,0.6555917222436338,177.0338042077426,0.011,0.010262428211810695,0.1412349552125307,0.1346253176108353,38.26709741169624,39,20,0,False
8.5,6,0.8,0.7532517560577089,0.5631884324484636,205.30678770075056,0.011,0.01018007928881849,0.12601557930220764,0.11301065628229683,42.37994777100332,39,20,0,False
8.5,6,0.8,0.8341742881710191,0.6320884952842968,177.17104792957724,0.011,0.010240950081867897,0.13456934324228967,0.12930555545649963,39.265605765424205,39,20,0,False
8.5,6,0.8,0.8042056593979071,0.6287207779051125,183.46514366186346,0.011,0.010235950816279682,0.13889540254278618,0.1288319639246662,39.347474431820984,39,20,0,False
8.5,6,0.8,0.8738238073922793,0.6154723411040952,175.33877193950056,0.011,0.010229445030864065,0.12249988156528781,0.12438256818233402,40.138877004012414,39,20,0,False
8.5,6,0.8,0.8815040001450654,0.6032052283356802,178.73922167679825,0.011,0.010218730239047789,0.11742383281418653,0.12103749831028919,40.76447966673596,39,20,0,False
8.5,6,0.8,0.8065611068230372,0.6511768494051793,183.66598749419902,0.011,0.01025545256540885,0.14621517175245344,0.1339994369253375,38.38804819747572,39,20,0,False
8.5,6,0.8,0.7756209938552877,0.6282608478861731,189.63713701929285,0.011,0.010234433297733117,0.14428940448260485,0.12906482666655894,39.307157203012814,39,20,0,False
8.5,6,0.8,0.8041016492091377,0.5986240928382908,187.95705502073653,0.011,0.010209413744883182,0.12869977589708706,0.12113676856877882,40.74554928671501,39,20,0,False
8.5,6,0.8,0.7955511299672804,0.6044150819020758,188.747517838878,0.011,0.010214345095243426,0.13220118046878843,0.12274075065775193,40.44288068465439,39,20,0,False
8.5,6,0.8,0.8121500179219142,0.5973442474184295,186.6029769465691,0.011,0.010208525374217384,0.12685039905090936,0.1206831073275978,40.832272659637724,39,20,0,False
8.5,6,0.8,0.8559913171442346,0.5981881698968399,179.12677585047368,0.011,0.010211718185971752,0.11980991555069981,0.12017391175485254,40.93026380997026,39,21,0,False
8.5,6,0.8,0.8641612854998452,0.5560092454843437,192.07838299287695,0.011,0.010173700366533754,0.10538212524466203,0.10901631090435204,43.239437191804235,39,21,0,False
8.5,6,0.8,0.8066792745855349,0.5987698728528599,187.4244027781744,0.011,0.010209611460147271,0.12829002472085543,0.12113413957949526,40.7460502885528,39,21,0,False
8.5,6,0.8,0.7947500400636206,0.6829386780863884,190.40798319416137,0.011,0.010280425255704335,0.1598691368869433,0.14087003669440998,37.11319194701154,39,21,0,False
8.5,6,0.8,0.8948753089519061,0.5947644794495188,181.55545204749407,0.011,0.010212130442299823,0.1128045061161257,0.11857361232889457,41.241884939369065,39,21,0,False
8.5,6,0.8,0.8081116883719992,0.5557077190957231,195.68547605110743,0.011,0.010172089707700385,0.11390906167518872,0.11012239464037779,43.00348517134639,39,21,0,False
8.5,6,0.8,0.8074085012962581,0.6230295803881766,183.5873068788146,0.011,0.010231111057126157,0.13635154308683642,0.12733063168116032,39.60951363435364,39,21,0,False
8.5,6,0.8,0.8896632197545493,0.6551288897775268,169.64867402611554,0.011,0.010268379826117464,0.13270162714738748,0.134009538253774,38.386087183220155,39,21,0,True
8.5,6,0.8,0.7828774802168943,0.6372572262288454,187.23931624078747,0.011,0.01024223135985129,0.1460113846443484,0.13124460192649243,38.93159800474661,39,21,0,False
8.5,6,0.8,0.7953763637345825,0.5922531070995194,190.79115442726055,0.011,0.010203700330388595,0.12812086563590422,0.11964766206550748,41.0322695575314,39,21,0,False
8.5,6,0.8,0.7802229137759623,0.6071225697412727,191.5556047580253,0.011,0.010216411252750277,0.13600545944305978,0.12364653925910789,40.27432627440905,39,21,0,False
8.5,6,0.8,0.7976844734497558,0.6302092213086994,184.61465102557418,0.011,0.010236892637091289,0.140646903894846,0.12929518469167228,39.26739316352061,39,21,0,False
8.5,6,0.8,0.8329190612122266,0.6343954378198621,177.10011716802106,0.011,0.01024292086614551,0.13556537851020786,0.12991863935019254,39.16036503114527,39,21,0,False
8.5,6,0.8,0.8595033418588254,0.6496022796461961,172.77506190770083,0.011,0.010259223855980288,0.1359739842123271,0.1331360682811487,38.556755417277955,39,21,0,False
8.5,6,0.8,0.8021625349835236,0.6975765443065527,190.70059533581036,0.011,0.010292558324236296,0.16358520601160734,0.14393068644007534,36.57865979519361,39,21,0,False
8.5,6,0.8,0.8566093877526758,0.6039363803748303,177.64367343201496,0.011,0.010217058012704979,0.12155353017035485,0.12165978444149078,40.6462390698639,39,21,0,False
8.5,6,0.8,0.8365827020221659,0.6784401460598172,180.78862013133335,0.011,0.01028138413509593,0.14989884877210952,0.13961035570443306,37.339291273121795,39,21,0,False
8.5,6,0.8,0.8805331006438003,0.6246424100788193,173.3696128049723,0.011,0.0102388603377765,0.12436240079524463,0.12667848217855002,39.72484184158517,39,21,0,False
8.5,6,0.8,0.9223231722933874,0.5849774883388262,185.64967907816333,0.011,0.010206195764177275,0.1059606142183408,0.11543866995908758,41.87221315016563,39,21,0,False
8.5,6,0.8,0.7920686127408486,0.7458912853734259,200.32413746355584,0.011,0.010325567622408669,0.18364224936553,0.1538229350269672,34.93048714530895,39,21,0,False
8.5,6,0.8,0.8896496028826011,0.6300923707859616,172.4087220307523,0.011,0.010245146292256938,0.124659848256624,0.1279705557740009,39.49730133613212,39,21,0,False
8.5,6,0.8,0.8228753364085843,0.6222546037905543,180.67174661485686,0.011,0.010231350489309943,0.13327839285129398,0.1269177343922442,39.68241686230647,39,21,0,False
8.5,6,0.8,0.8087989840259718,0.6489709447159283,182.9026847644247,0.011,0.010253714106253519,0.1450158946150754,0.13350782912836934,38.483844048239526,39,21,0,False
8.5,6,0.8,0.884964768100236,0.6490798521717515,169.6707217065191,0.011,0.010262147414967547,0.13151207767030035,0.1327351387420749,38.63584513341746,39,21,0,True
8.5,6,0.8,0.882427393305265,0.630408835526524,172.09657600085328,0.011,0.010244517065133645,0.12590485714751046,0.12816648070314074,39.46313230381752,39,21,0,False
8.5,6,0.8,0.8982820463291923,0.6116789012882063,177.18906727829406,0.011,0.010228778599189746,0.11753722925036124,0.12296919565958307,40.40017420190856,39,21,0,False
8.5,6,0.8,0.8104865780308227,0.6636117897304686,184.37716306208048,0.011,0.010266227305541185,0.14979370603096628,0.13663313681703526,37.88652944771089,39,21,0,False
8.5,6,0.8,0.8489955220834988,0.6063368613575553,178.38212598194943,0.011,0.01021869298933672,0.12356254500872847,0.12240953381793127,40.505036922868534,39,21,0,False
8.5,6,0.8,0.8076258482032602,0.5907193052223744,188.63043251613738,0.011,0.010202523570935236,0.1254391976545785,0.1190603518018674,41.14650896758508,39,21,0,False
8.5,6,0.8,0.8273796617718827,0.6034174783649725,182.71315959650212,0.011,0.010214606938258625,0.12622875501817693,0.1220029959422394,40.58144714364621,39,21,0,False
8.5,6,0.8,0.8165430533473158,0.5909751642215284,186.88259408176813,0.011,0.010202999175269512,0.12398238668793136,0.11897892069683269,41.162419951121905,39,21,0,False
8.5,6,0.8,0.8151304844604643,0.6047061915184212,184.81338269615452,0.011,0.010215230167454948,0.1287781112058488,0.1225229992071761,40.483712262003415,39,21,0,False
8.5,6,0.8,0.7594821527913653,0.5982608404107935,197.55055439630766,0.011,0.010208995255517026,0.13695597051150185,0.12169873999947675,40.63887073358905,39,21,0,False
8.5,6,0.8,0.8326689580836328,0.6149830723065083,179.91346469465634,0.011,0.010225454202718129,0.12913661735803525,0.1248988310827066,40.044668234782016,39,21,0,False
8.5,6,0.8,0.8686873165748384,0.6117455121289949,176.0907559210846,0.011,0.010225480204034413,0.12212210529846049,0.12349097373518386,40.30312748151117,39,21,0,False
8.5,6,0.8,0.7344612349701503,0.5952448013152016,204.02425489323784,0.011,0.01020734096472016,0.1409778829610338,0.12128453150511205,40.717419548071454,39,21,0,False
8.5,6,0.8,0.8211381128059271,0.6131253449941727,182.3440685175094,0.011,0.010223019735344315,0.1305316962593659,0.1245935804717335,40.10029212500082,39,21,0,False
8.5,6,0.8,0.8014152434470945,0.6981556779384204,190.95234648349125,0.011,0.01029294893151,0.1639515410520068,0.1440561349108583,36.557142513585426,39,21,0,False
8.5,6,0.8,0.8510499238321472,0.5879620589314071,181.7172279751128,0.011,0.010201874100954238,0.11733484115360727,0.117604916378275,41.433657344940066,39,21,0,False
8.5,6,0.8,0.8759691627755168,0.6545279700669265,170.33179843234643,0.011,0.010265751963030702,0.13478848468326138,0.1340337609499871,38.38138592846407,39,21,0,False
8.5,6,0.8,0.8184671864452846,0.5223165366591986,203.36121060356635,0.011,0.010144990993609784,0.10177170627357646,0.10108001990610188,45.046417542039066,39,21,0,False
8.5,6,0.8,0.8183733022852717,0.582253113366254,188.1682875674294,0.011,0.010195300616054214,0.12081195022209082,0.11670954762791542,41.61327412174175,39,21,0,False
8.5,6,0.8,0.8894168852526223,0.5845065182061108,184.25633523615153,0.011,0.01020181712421798,0.1104461000081198,0.11598062032547315,41.76121133593433,39,21,0,False
8.5,6,0.8,0.9259761424350145,0.6700907539572312,170.18667401265967,0.011,0.010288209482433992,0.13168003969803338,0.13691205807714435,37.83453825837671,39,21,0,True
8.5,6,0.8,0.8302380283424329,0.5887305972537938,184.78039241181168,0.011,0.010201499933758556,0.12094423663473645,0.11816932159957526,41.32160316951431,39,21,0,False
8.5,6,0.8,0.8522566306244305,0.6238159163286504,175.08311436688933,0.011,0.010235047212404853,0.12871186382723773,0.12689869612163313,39.685787900542685,39,21,0,False
8.5,6,0.8,0.8175917234764701,0.6108219362915833,183.3785813288118,0.011,0.010220803267366414,0.1303867502617817,0.1240531613996292,40.19933048328292,39,21,0,False
8.5,6,0.8,0.8223466765060192,0.7421582224094324,192.71067934099986,0.011,0.010327773692479603,0.17541965989678143,0.15304977969646535,35.06113484839321,39,21,0,False
8.5,6,0.8,0.8158044011696138,0.6629654018303738,183.15025803667592,0.011,0.010266150589477068,0.14852898576537132,0.1364504097860047,37.92070413035813,39,21,0,False
8.5,6,0.8,0.8424821063210299,0.6493592663910684,176.00997063968364,0.011,0.010257059525995614,0.13889054844007642,0.13326348072191618,38.53172094106057,39,21,0,False
8.5,6,0.8,0.8140182803999997,0.6780406209506011,185.4695448514597,0.011,0.01027846238403139,0.15416531241695072,0.13969646228152602,37.32370692922713,39,21,0,False
8.5,6,0.8,0.8729192087681148,0.6088104720192005,176.97424274707066,0.011,0.010223131062176276,0.12052024392313666,0.12265505326884148,40.458935696788686,39,21,0,False
8.5,6,0.8,0.9106833855924732,0.5893216018808475,183.8062711276131,0.011,0.010208841002407959,0.10887651102040123,0.11682649839410623,41.589682470916,39,21,0,False
8.5,6,0.8,0.9033134704465684,0.5868856153689144,184.18315395096622,0.011,0.0102056224879529,0.10917757674471987,0.11633001492182526,41.69010758562709,39,21,0,False
8.5,6,0.8,0.8427169599466657,0.6027501782082192,180.0800770030344,0.011,0.010214979500007638,0.12343151426248652,0.12158076284272398,40.661197900666885,39,21,0,False
8.5,6,0.8,0.8041307617597758,0.5938154474318014,188.7692105843243,0.011,0.01020518658842904,0.12708425282073887,0.11990832693518523,40.98164987114647,39,21,0,False
8.5,6,0.8,0.8198404748654046,0.6023603645439979,184.3020024291779,0.011,0.010213350658436076,0.1271745735165804,0.12184729499696441,40.610808086282084,39,21,0,False
8.5,6,0.8,0.8630118614283203,0.6017828053822447,178.43019865544483,0.011,0.010215622934296403,0.1198437060723811,0.12098862967632949,40.77380822521881,39,21,0,False
8.5,6,0.8,0.8254005516211983,0.6034565736245888,183.08064797276995,0.011,0.010214601774993498,0.12657789140113956,0.12204200262090693,40.57410040913258,39,22,0,False
8.5,6,0.8,0.8283153283231521,0.6084798857933289,181.7225285243865,0.011,0.010219252543972844,0.1277379338390333,0.1232903300832619,40.34036424473496,39,22,0,False
8.5,6,0.8,0.7940562724785248,0.6178218468594264,187.05538160487626,0.011,0.010226002140187707,0.1370631137784595,0.1261761666352853,39.81435082859607,39,22,0,False
8.5,6,0.8,0.8188779589014931,0.7014710389195126,187.5370538167609,0.011,0.01029763549026492,0.16148817985395897,0.14466008300101862,36.45369929909059,39,22,0,False
8.5,6,0.8,0.8753485347400218,0.594752757838084,180.76949370821646,0.011,0.010210124140940642,0.11571188760257706,0.11893389242262066,41.17122591384444,39,22,0,False
8.5,6,0.8,0.8140594561449189,0.6669146667476864,184.0252849650944,0.011,0.010269327081709391,0.1502470612248784,0.13731387366763684,37.760007146420634,39,22,0,False
8.5,6,0.8,0.8051415393782121,0.6189526642499361,184.62224406170606,0.011,0.010227441126028608,0.13537993554280708,0.1263147450999375,39.78959778647342,39,22,0,False
8.5,6,0.8,0.8388413825205292,0.6281242914890756,176.8519464228858,0.011,0.010237761459251545,0.13242787214398097,0.12821512453930783,39.454662377324745,39,22,0,False
8.5,6,0.8,0.8851299041819732,0.6189132370936834,174.90059092630608,0.011,0.010234031144017794,0.12181688589728291,0.12509689466584836,40.008697821562166,39,22,0,False
8.5,6,0.8,0.8443974534617258,0.6771944337149121,179.06007844044692,0.011,0.010281352960616287,0.1479938836282168,0.13927823762437058,37.39958074117951,39,22,0,False
8.5,6,0.8,0.8509799200062803,0.5983659043233597,179.42030581404126,0.011,0.010211522933899079,0.12066874627060203,0.12030566745311747,40.904841817838545,39,22,0,False
8.5,6,0.8,0.8609672423050403,0.6409103253853757,171.49215325053254,0.011,0.010251565217741718,0.13285112529205362,0.13121665377844124,38.937200451587294,39,22,0,False
8.5,6,0.8,0.7854903041473638,0.6271036384093506,187.6122187221139,0.011,0.010233741350109123,0.14192663139864933,0.12865309204994466,39.37852670894199,39,22,0,False
8.5,6,0.8,0.8203875950274221,0.5452460218615608,196.22021931543821,0.011,0.010163172842680021,0.10862386984553271,0.1070932662960722,43.65820081534504,39,22,0,False
8.5,6,0.8,0.8074210409075419,0.5319299892115665,202.28304595886746,0.011,0.010152563880272808,0.1064571040889945,0.1038607623300543,44.389071631244306,39,22,0,False
8.5,6,0.8,0.843911837979552,0.6047294778001793,179.52804686120353,0.011,0.01021681028378902,0.12387967856000279,0.12207673379960561,40.56756224675158,39,22,0,False
8.5,6,0.8,0.8748792661130236,0.648036834713012,169.77289424067553,0.011,0.01025980173472,0.13284259288201186,0.13262276787110672,38.65809791601784,39,22,0,False
8.5,6,0.8,0.8983420020668171,0.6774346928766725,169.486610500277,0.011,0.01028970240574044,0.13852895986913993,0.13883853992578074,37.47984134185249,39,22,0,True
8.5,6,0.8,1.0137256052837167,0.6262531297769496,178.65422875115686,0.011,0.010264898393323202,0.1061605777056722,0.12468074287964506,40.084385836971734,39,22,0,False
8.5,6,0.8,0.7998705515201718,0.7209881204976554,194.5143425411544,0.011,0.010309687446800248,0.17260921045625963,0.14886603851029065,35.75361472740908,39,22,0,False
8.5,6,0.8,0.7758890509627226,0.6560175910892418,191.26341464455328,0.011,0.010257454686593927,0.1541372926790607,0.13528967257327568,38.139930971725796,39,22,0,False
8.5,6,0.8,0.7883763422205524,0.5765683333821899,195.08133153963698,0.011,0.010190026187252404,0.124115916462907,0.11577822443949029,41.802564160647506,39,22,0,False
8.5,6,0.8,0.8299592531018952,0.6558994324885542,179.3209484664565,0.011,0.01026154700776154,0.14339461694088548,0.13479863910120854,38.233801076794414,39,22,0,False
8.5,6,0.8,0.7716774577046861,0.5823852587402039,197.5158174889476,0.011,0.010195321158767883,0.12912003932502927,0.1175182087731417,41.450951438980255,39,22,0,False
8.5,6,0.8,0.7643004470170845,0.649934649410288,193.27363786203802,0.011,0.010251959721867836,0.1543986170980358,0.13409468974852715,38.36956807085282,39,22,0,False
8.5,6,0.8,0.8920980452046725,0.6451572745873944,169.90091186296863,0.011,0.010259537846026916,0.1290893951122806,0.13178315070869082,38.82410283956095,39,22,0,True
8.5,6,0.8,0.7960144487547908,0.5669109397191772,195.49572995979156,0.011,0.010181682160405534,0.11958028641549212,0.11320200685549385,42.33942706304848,39,22,0,False
8.5,6,0.8,0.8617154757920898,0.5500906388109013,193.9842515495299,0.011,0.010168321555700684,0.10393203057699982,0.10747570150673864,43.574066207946395,39,22,0,False
8.5,6,0.8,0.8131665415700619,0.5985565676748168,186.20407228607138,0.011,0.01020965296993644,0.12707518762563302,0.12097703998377062,40.77602151162865,39,22,0,False
8.5,6,0.8,0.864045669321655,0.5837314701925486,183.4194860926873,0.011,0.010198884882539675,0.11398041518881996,0.11626571781148776,41.70316557139679,39,22,0,False
8.5,6,0.8,0.8358566501201803,0.5968426427824934,182.3087891587622,0.011,0.010209146757966253,0.12264815547532582,0.12016762823535768,40.93147736710753,39,22,0,False
8.5,6,0.8,0.8122278427322379,0.5940987789534771,187.14286313419038,0.011,0.010205616460725448,0.12576025705962568,0.1198523025127723,40.99251395951718,39,22,0,False
8.5,6,0.8,0.9033351984928053,0.5799507217246948,186.2493925461325,0.011,0.010198958326939993,0.10707671059199293,0.11450623602136893,42.06524954612644,39,22,0,False
8.5,6,0.8,0.836609983260126,0.6132477371929412,179.46293300187324,0.011,0.0102241507827475,0.12788816017519225,0.12439092425052667,40.13734696395047,39,22,0,False
8.5,6,0.8,0.746469762095656,0.6048064356477298,199.62623020630102,0.011,0.010214758403263594,0.14190151557700123,0.12351262899371039,40.29911461460643,39,22,0,False
8.5,6,0.8,0.794275642800483,0.648792353703356,186.0793029160443,0.011,0.01025253920617488,0.14780016351031136,0.1336019060972921,38.46545753361238,39,22,0,False
8.5,6,0.8,0.8397541959545873,0.6107558259939284,179.2890484005329,0.011,0.010222097269115582,0.12653692481083537,0.12369857382578578,40.26470619766073,39,22,0,False
8.5,6,0.8,0.8167137338371313,0.6896641636658369,186.41538623896386,0.011,0.010288091922795268,0.15773373946508112,0.14216145167015312,36.88552582125017,39,22,0,False
8.5,6,0.8,0.8728535303092423,0.610894764467193,176.44481591671527,0.011,0.01022507473231139,0.12119339222986271,0.12320069692836741,40.35703177152984,39,22,0,False
8.5,6,0.8,0.7999821704425629,0.6487770579995062,184.80510597712268,0.011,0.010252911814369683,0.14666495475889607,0.1335472269765143,38.476140937386084,39,22,0,False
8.5,6,0.8,0.8035766087462366,0.5282783919287614,204.0632369792277,0.011,0.01014983333159987,0.10590978318623429,0.10298938285322774,44.59236299637951,39,22,0,False
8.5,6,0.8,0.838225860440163,0.5739115547552129,186.29723560083278,0.011,0.01018841274650984,0.11489349712640212,0.11421395882579512,42.12630107506655,39,22,0,False
8.5,6,0.8,0.8123254877175273,0.5833066825879298,189.09014192717743,0.011,0.010196032173505575,0.12218198749708523,0.11708577424569887,41.53752107072259,39,22,0,False
8.5,6,0.8,0.8476457592243829,0.6585379020178904,176.11352975140383,0.011,0.010265721235663135,0.14105525726861712,0.1352015104281591,38.15673483232419,39,22,0,False
8.5,6,0.8,0.8158405465335679,0.609974253663661,183.85310084704255,0.011,0.010220012333494129,0.13041099585563654,0.12385973790924532,40.23495335270897,39,22,0,False
8.5,6,0.8,0.7919856916897828,0.6272078548928453,186.2053331729559,0.011,0.010234061496794145,0.1407011364175245,0.12859996350058703,39.38776377870852,39,22,0,False
8.5,6,0.8,0.803660881650105,0.6143759675969512,185.58282378920364,0.011,0.010223331191826389,0.13409641241780995,0.12516455658724288,39.99643152408253,39,22,0,False
8.5,6,0.8,0.8880577718885877,0.5353520894511006,200.88699411395288,0.011,0.010157352916720703,0.09588250959929137,0.1028730443719009,44.61971348409971,39,22,0,False
8.5,6,0.8,0.9250423848688948,0.7085667829144273,169.81990191214754,0.011,0.010321421863342046,0.14422872316851562,0.1454311377324953,36.322874270887716,39,22,0,True
8.5,6,0.8,0.8883587740059014,0.615474283167147,175.8600034154103,0.011,0.010231152916458089,0.12023156110456307,0.12413924031192919,40.183507178034844,39,22,0,False
8.5,6,0.8,0.8986361451120091,0.6927538887347289,170.9191234956584,0.011,0.01030294393834347,0.14351479116828847,0.1421979704340743,36.87914741184452,39,22,0,False
8.5,6,0.8,0.8659604194137133,0.6377809481459765,170.76205184083815,0.011,0.010249317095069497,0.1309820262645881,0.1303451295607468,39.0876428118492,39,22,0,False
8.5,6,0.8,0.7265745289195862,0.6152669199415466,203.15925268003892,0.011,0.010223836652390619,0.14994681250789266,0.12636335643881608,39.78092551580269,39,22,0,False
8.5,6,0.8,0.8908054322284183,0.5680338786654024,189.38778784884505,0.011,0.010186511486089374,0.10523554133494735,0.1116390116719837,42.673802416109176,39,22,0,False
8.5,6,0.8,0.851896328301541,0.6020260501658903,178.61961817440653,0.011,0.010214934947804493,0.12169877809584573,0.1212415701624881,40.72559222262784,39,22,0,False
8.5,6,0.8,0.8041577487866802,0.5963637096404708,188.32485714421404,0.011,0.010207411534806263,0.12793271715093638,0.12055896759329399,40.856098671519604,39,22,0,False
8.5,6,0.8,0.8146133582896697,0.6310222897586137,181.06754818166397,0.011,0.01023855745785402,0.13774483918993766,0.12928930991246207,39.2684057862626,39,22,0,False
8.5,6,0.8,0.8187235875132441,0.6153214374917703,182.48165516818077,0.011,0.010224909654890037,0.13169151668893914,0.12519122869510307,39.99159923574661,39,22,0,False
8.5,6,0.8,0.9083937679335566,0.6963521341702861,169.68964223373288,0.011,0.01030787722643285,0.14303269747900504,0.14289849553017553,36.7571284974302,39,23,0,False
8.5,6,0.8,1.0190744311511357,0.8225720067778338,172.79063213392004,0.011,0.010423758838585408,0.16543374286182064,0.16794248955250346,32.7299688432665,39,23,0,True
8.5,6,0.8,0.9356873493815158,0.6909935031336515,170.16431922171554,0.011,0.010308780350161433,0.13681058385229586,0.14145065913351104,37.01032305461987,39,23,0,True
8.5,6,0.8,0.9895791882878124,0.6859032414972613,171.5860163340771,0.011,0.01031664458313447,0.12707352053428886,0.13970279703213226,37.32256116424544,39,23,0,True
8.5,6,0.8,0.890714198956903,0.6902620373812077,172.00209388130457,0.011,0.010299411775544158,0.14405785673385754,0.14172190395265705,36.96255301128857,39,23,0,False
8.5,6,0.8,0.8956022439997704,0.7383365916576755,177.403914454002,0.011,0.010338472401615888,0.1593493644462643,0.15202928126231713,35.23579322296178,39,23,0,False
8.5,6,0.8,0.9500218873880494,0.7357693459993765,170.35548687460232,0.011,0.010348756653498374,0.148915881491342,0.15119199994906254,35.38073284410915,39,23,0,True
8.5,6,0.8,0.8701892314884341,0.7312484856594252,181.1001846334013,0.011,0.010328277648291981,0.1617292243404565,0.15072901889025836,35.454206843880016,39,23,0,False
8.5,6,0.8,0.9624583679320362,0.7137846555722683,170.65459957331242,0.011,0.010334192388710608,0.1398367091859018,0.14624303054106916,36.186508633246476,39,23,0,True
8.5,6,0.8,0.9707503814281365,0.7156780299532893,170.85746775065968,0.011,0.010337850515894021,0.1391357672190176,0.1465806629398968,36.1300542930429,39,23,0,True
8.5,6,0.8,0.9386978057985765,0.6307182449567837,174.07330784644006,0.011,0.010253350558356125,0.11749667116038948,0.1273227419078284,39.61090299496255,39,23,0,False
8.5,6,0.8,0.9645768884434773,0.7164133503371666,170.70121528739588,0.011,0.010336915621796549,0.14033624052232127,0.14680366615916687,36.09290823541726,39,23,0,True
8.5,6,0.8,0.8984485697152531,0.7381522821930542,176.8589970003135,0.011,0.010338913755200579,0.15876017082596858,0.15197897073291516,35.24447001748179,39,23,0,False
8.5,6,0.8,0.8773281466827699,0.6722929565033343,172.19995334925548,0.011,0.01028179837102447,0.14041377645638914,0.13791767304569558,37.648818733399665,39,23,0,False
8.5,6,0.8,0.8516113318655987,0.6548854549229889,174.9060538175995,0.011,0.01026299323764608,0.1391175794988563,0.13436759707651996,38.316765620655666,39,23,0,False
8.5,6,0.8,0.8868028438279338,0.6850573299822631,172.05821128564128,0.011,0.010294327942225425,0.14300833181706085,0.1406171777944729,37.158254468896736,39,23,0,False
8.5,6,0.8,0.9313057965128968,0.7040145406731135,169.97639826498963,0.011,0.010318978890593555,0.1417102440030909,0.14437415160494688,36.5025663584219,39,23,0,True
8.5,6,0.8,0.9072464527783256,0.703830834275599,170.81030668305846,0.011,0.010313875980900906,0.1456924594346347,0.1445460294715449,36.47316854599702,39,23,0,False
8.5,6,0.8,0.9848214495004557,0.6771659001311936,171.576015507788,0.011,0.010307452193534761,0.12508812094711727,0.13779076704546916,37.67210825881662,39,23,0,True
8.5,6,0.8,0.9297778048980607,0.653923403269336,170.56132952631103,0.011,0.010273938211782735,0.12599313527311382,0.1332630435946013,38.531806747681095,39,23,0,True
8.5,6,0.8,1.05,0.6778432121982791,173.57887799854066,0.011,0.010325698405022374,0.1164930316837345,0.13703679441896305,37.8113551210862,39,23,0,True
8.5,6,0.8,0.8783181515009788,0.7925666045817549,189.40068765733903,0.011,0.010370350333995856,0.18164851230479148,0.16257230408945858,33.52921825523209,39,23,0,False
8.5,6,0.8,0.9264421068461904,0.6750432655512738,170.1225534438626,0.011,0.010292728372418021,0.13318577308488283,0.1380147943980442,37.63102380787908,39,23,0,True
8.5,6,0.8,0.9484029845551816,0.7134759809451837,170.3238063423005,0.011,0.010330629389724915,0.1419786564702699,0.1463053818357967,36.176063585440524,39,23,0,True
8.5,6,0.8,0.8809254872383179,0.6983055779202478,174.76861203318734,0.011,0.010304442172269668,0.14847403085954233,0.14355843710553748,36.64272878754978,39,23,0,False
8.5,6,0.8,0.8906545040553292,0.7171429520969024,175.4164196456018,0.011,0.01032135917784483,0.15307023887909216,0.14757081229297886,35.96591258822505,39,23,0,False
8.5,6,0.8,1.0321655329664747,0.5819464603317825,193.11474272495087,0.011,0.010224321175772013,0.0915622709158036,0.11210881067404027,42.57247827633508,39,23,0,False
8.5,6,0.8,0.981458685576655,0.856349685943699,181.6562252301026,0.011,0.010428292341605142,0.18326538778750223,0.17413157944589655,31.809746045907342,39,23,0,False
8.5,6,0.8,0.945901029250169,0.6298487602587068,174.5844760900796,0.011,0.010253869707502935,0.11620545555447002,0.12695976548995502,39.67497755422107,39,23,0,False
8.5,6,0.8,0.9090772872966777,0.6715724667861883,169.78793174773674,0.011,0.010286417003704224,0.13485238116436715,0.13743089179050968,37.738383030117,39,23,0,True
8.5,6,0.8,0.8723245387269697,0.757650162990323,184.8457841837047,0.011,0.010347288047002055,0.17052521098932433,0.15589346524021372,34.58751975793748,39,23,0,False
8.5,6,0.8,0.9321846801166951,0.7482969030035453,172.55979681681163,0.011,0.010353833142978275,0.15608799425423275,0.1537910570527996,34.93584568816894,39,23,0,False
8.5,6,0.8,0.9725778774004528,0.799637871465227,173.79595429530343,0.011,0.010397824587965735,0.1659796851321327,0.1636818530720757,33.36052005231468,39,23,0,False
8.5,6,0.8,0.9165433231910021,0.6825813497093669,169.81293494673557,0.011,0.010297532770151746,0.1371941803001855,0.1397862684234464,37.30747336604413,39,23,0,True
8.5,6,0.8,0.7573290872680205,0.7397245325766666,208.01253045319828,0.011,0.010317066057379639,0.1897265283200489,0.1526998257553199,35.12074303216301,39,23,0,False
8.5,6,0.8,0.9996214989297858,0.7210971368500133,171.58554374071048,0.011,0.010349809259955338,0.13643316078219075,0.14749949363554846,35.977710046052266,39,23,0,True
8.5,6,0.8,0.8845196585068708,0.6511325162749798,169.61883805794915,0.011,0.010263950525563129,0.13225178254166506,0.13319098458831402,38.5459593834878,39,23,0,True
8.5,6,0.8,0.990379193566877,0.6836125709436484,171.6371288232217,0.011,0.010314742635256374,0.12626084872889393,0.13917717508182903,37.41798353397116,39,23,0,True
8.5,6,0.8,0.8999443451316756,0.7476191429147632,178.06429040526717,0.011,0.010346133802742448,0.16170248667083473,0.1538241897014243,34.930276289519796,39,23,0,False
8.5,6,0.8,0.8675334312275189,0.6902316400082106,176.23469808405667,0.011,0.010295581589187388,0.14816705033537958,0.14191031907391885,36.92947692816707,39,23,0,False
8.5,6,0.8,1.0055156043541214,0.8446528509834431,175.69268439631145,0.011,0.010430298948558722,0.1749634980937546,0.17215264364342267,32.12080016701353,39,23,0,False
8.5,6,0.8,0.9414051906909002,0.8182152802428326,181.89406488039518,0.011,0.010399755596945517,0.17796164768000244,0.1673517265197056,32.81590919194502,39,23,0,False
8.5,6,0.8,0.9150480494321067,0.6136458500149549,177.35509866116118,0.011,0.01023300036850507,0.11567132754919612,0.1231890851984406,40.359192490305404,39,23,0,False
8.5,6,0.8,0.9002563057408689,0.6835578939578401,169.52300876326197,0.011,0.010295404073518994,0.1402109672828388,0.14016170268734032,37.239833148209236,39,23,0,False
8.5,6,0.8,0.8472150025087681,0.680227786220605,178.88568369784198,0.011,0.010284244783724512,0.14850777619278094,0.13990969115902602,37.285197029085346,39,23,0,False
8.5,6,0.8,0.9773926208768553,0.720077069125172,171.00932122830963,0.011,0.010343128997347727,0.1394932367873384,0.14749419156041893,35.97858756362228,39,23,0,True
8.5,6,0.8,0.9518674272142185,0.6360832287934275,173.338774461503,0.011,0.010261067744359285,0.11725796658993783,0.12853309845855854,39.39939819079277,39,23,0,False
8.5,6,0.8,0.9526170366670736,0.5044311868319409,219.8676453698741,0.011,0.010141192209545704,0.07935125348446442,0.09222602958004984,47.206311925251846,39,23,0,False
8.5,6,0.8,0.9679284181772547,0.7305617577027261,170.75918682203883,0.011,0.010349082935365607,0.14431345270981957,0.14990314109496244,35.58625244318474,39,23,0,True
8.5,6,0.8,0.9196411468959467,0.6463444097329842,170.48925586440333,0.011,0.010265018851177449,0.12515559171437726,0.13170044112143792,38.84055499186468,39,23,0,True
8.5,6,0.8,0.9522749607245062,0.6854966482132597,170.61003981238508,0.011,0.010307471596420915,0.13247672011393943,0.14005081612409315,37.25977351919493,39,23,0,True
8.5,6,0.8,0.8846132165093046,0.7072018059771078,175.23454311687874,0.011,0.01031237246853854,0.15080599303691655,0.1454584896706898,36.318258758612984,39,23,0,False
8.5,6,0.8,0.9033274764526802,0.7448858165598522,177.02790038646884,0.011,0.010344865346778821,0.16014524600633098,0.15327316871255758,35.02323946830865,39,23,0,False
8.5,6,0.8,0.8982202988392247,0.7901382544105471,185.157055669695,0.011,0.01037351220219767,0.17671923517887145,0.16207254722555256,33.60575696706534,39,23,0,False
8.5,6,0.8,0.915340718756326,0.6507798251441904,170.2928569177973,0.011,0.010268482869296927,0.1272135603234589,0.13274435638959217,38.63402143790772,39,23,0,True
8.5,6,0.8,0.8534978655015747,0.6697357014637338,176.34149844669108,0.011,0.010276151432964361,0.14378121997456753,0.13758505592995382,37.70995013192694,39,23,0,False
8.5,6,0.8,0.93123167361938,0.7110607491763636,169.94762251134605,0.011,0.010324820421367549,0.14400851770636172,0.14592516465653432,36.239774032917055,39,23,0,True
8.5,6,0.8,0.8417584205094639,0.6591309518765854,177.3434898265817,0.011,0.010265582573012416,0.14232188565998816,0.13538651513454167,38.12149768816843,39,23,0,False
8.5,6,0.8,0.9491786987190025,0.744800308363472,170.36861863650955,0.011,0.010355372169193194,0.15200092438579307,0.1529937348568109,35.07066109665228,39,24,0,True
8.5,6,0.8,0.9565585113416994,0.8382794218839746,182.5114211945827,0.011,0.010413621826194014,0.18189313634235785,0.17114531373568964,32.27522815204115,39,24,0,False
8.5,6,0.8,0.9224550160084568,0.7309735070431879,171.66862081825533,0.011,0.01033874635768895,0.15203952981155822,0.1503464161427871,35.51526404656592,39,24,0,False
8.5,6,0.8,0.9129977765205317,0.6788748679502987,169.78073997431954,0.011,0.010293635650520187,0.1365727007115741,0.13900470826518355,37.449450150816766,39,24,0,True
8.5,6,0.8,0.9023424910972893,0.7399015873228797,176.431689522645,0.011,0.010341024265151348,0.15863602724242737,0.15230105468774796,35.18902999330149,39,24,0,False
8.5,6,0.8,0.9711875021830273,0.7476911575441817,170.8817345194833,0.011,0.010363051590677201,0.14927537973364777,0.15342355750308698,34.99779529242637,39,24,0,True
8.5,6,0.8,0.9436817570221523,0.7892683237527782,176.91826876041426,0.011,0.010384042016752774,0.16771897213671527,0.16177512449912768,33.65155128047306,39,24,0,False
8.5,6,0.8,0.9369421290245479,0.7374150240894943,170.13956356803448,0.011,0.010346925374877332,0.15166389175445213,0.15160699276430337,35.3088182151129,39,24,0,False
8.5,6,0.8,0.978763403439885,0.7448862153327583,171.0521521577855,0.011,0.010362942416965209,0.1471482787481366,0.15280774907471542,35.10232860104348,39,24,0,True
8.5,6,0.8,0.9564082520793243,0.7126218953467135,170.51386895044038,0.011,0.010331787830222582,0.1404233495126937,0.14604279278597754,36.220069991765875,39,24,0,True
8.5,6,0.8,0.9488868229240495,0.7116839158293004,170.34362202642325,0.011,0.010329288173538554,0.14132422614863177,0.1459040699690853,36.24331096194492,39,24,0,True
8.5,6,0.8,0.9280746012911544,0.68456146905567,170.0505441514581,0.011,0.010301561558875431,0.1359676186022861,0.14010372963449078,37.25025433882448,39,24,0,True
8.5,6,0.8,0.962400220158755,0.7267084013048347,170.63208206460263,0.011,0.010344708690781515,0.14396567678696728,0.14909794479203456,35.71599038287214,39,24,0,True
8.5,6,0.8,0.9516563228066856,0.7852524357871706,174.96253278114546,0.011,0.010383568897423326,0.16493077433026654,0.16096589412719436,33.777079543534335,39,24,0,False
8.5,6,0.8,0.9367158313211786,0.8067065123973007,180.85916199008363,0.011,0.010392333238173896,0.17493107801860208,0.16516348970600467,33.138214625763034,39,24,0,False
8.5,6,0.8,0.9102140445714094,0.7541480674326283,177.23346586587238,0.011,0.010352952883189622,0.16201626101114902,0.15505916091058272,34.72452427238455,39,24,0,False
8.5,6,0.8,0.9161913801162077,0.7265394076548579,172.1539687698384,0.011,0.010333883228619403,0.15166614851268964,0.1494283855157882,35.66258009389826,39,24,0,False
8.5,6,0.8,0.910382412057462,0.7015220630243284,169.99023354308264,0.011,0.010312600302594017,0.1443940108033939,0.14401391361181867,36.56438027913433,39,24,0,False
8.5,6,0.8,0.8511654811208014,0.7017962061076674,180.8873653941886,0.011,0.01030243733263518,0.15518806011695047,0.14452937412901548,36.476014215229654,39,24,0,False
8.5,6,0.8,0.9757580934273806,0.6680435699389635,171.47729751868752,0.011,0.010296794808793829,0.12359899944072747,0.1358391000875651,38.03569767717647,39,24,0,True
8.5,6,0.8,1.013019798106841,0.7257338075469543,171.93231491477098,0.011,0.010357253521516497,0.13588354450018494,0.14839777083817568,35.82994221690592,39,24,0,True
8.5,6,0.8,1.003300219240753,0.7235848145451385,171.67422984141018,0.011,0.010352822782633244,0.13665671387422143,0.14801748534848666,35.89228186014138,39,24,0,True
8.5,6,0.8,0.9519307366859692,0.6896846744854629,170.55906578518886,0.011,0.010311124292128895,0.1338480950510818,0.14098835445002492,37.09216139673876,39,24,0,True
8.5,6,0.8,0.9928024833012489,0.7208421326539477,171.40124729624307,0.011,0.01034773494828814,0.1373787340352044,0.14751347138226034,35.97539696653022,39,24,0,True
8.5,6,0.8,0.9559939491810363,0.7348599105304188,170.4883363480908,0.011,0.010349505401058725,0.14763136331454932,0.15094615469856543,35.4196922065768,39,24,0,True
8.5,6,0.8,0.9189683176537713,0.7146720590980286,170.1811591827121,0.011,0.010325108886357324,0.14725816683086887,0.14682016530880318,36.09016439560979,39,24,0,False
8.5,6,0.8,1.0145249842396127,0.8900082535870603,182.52956311590737,0.011,0.01044951931825966,0.18829842840164449,0.17958009728996904,30.986690755239007,39,24,0,False
8.5,6,0.8,0.9741342762032018,0.665184123492392,171.48368476289383,0.011,0.010293708825276514,0.1229593592668783,0.13521429019602393,38.154297635541724,39,24,0,True
8.5,6,0.8,0.9693589161333905,0.7122146171950237,170.827697058545,0.011,0.010334540898306765,0.13826232489346904,0.14582801651794156,36.25607120458245,39,24,0,True
8.5,6,0.8,0.9148336969998137,0.75104375131694,175.9413248145413,0.011,0.010351792599214234,0.16011714264198904,0.15442644151587995,34.829493014164456,39,24,0,False
8.5,6,0.8,0.933473163458276,0.7554182102476698,173.424970907874,0.011,0.010359291013336186,0.15822607044164316,0.15519134709133267,34.70271135718676,39,24,0,False
8.5,6,0.8,0.9863388651448194,0.754078607285337,171.2713494037939,0.011,0.010371727653073521,0.14886619943529136,0.1545991350337395,34.80075072524998,39,24,0,True
8.5,6,0.8,0.9282886979518603,0.6499909108879298,170.61356742685035,0.011,0.010269994310333723,0.12498604356581913,0.13240444622664274,38.70110788628414,39,24,0,True
8.5,6,0.8,0.9530713801032367,0.7435185094726455,170.4457014800499,0.011,0.010355333877816376,0.1509281641126386,0.1527148653630114,35.11817519780547,39,24,0,True
8.5,6,0.8,0.9069925310619892,0.7954963317125415,184.38686571493034,0.011,0.01037867205370961,0.17684245409853436,0.1630828439201471,33.45155260752869,39,24,0,False
8.5,6,0.8,0.9049806449122669,0.7109668012731118,172.0988406068432,0.011,0.010319300451448903,0.14844731548816964,0.146121498228967,36.20689312959041,39,24,0,False
8.5,6,0.8,0.9470225151855715,0.731131479811963,170.2765937057964,0.011,0.01034442675278629,0.14790999864680246,0.15020066409355848,35.53860500899226,39,24,0,True
8.5,6,0.8,1.0182013416417866,0.6887117365047991,172.3778075274469,0.011,0.01032668748483,0.12391010370797284,0.13997509813939263,37.27340769183446,39,24,0,True
8.5,6,0.8,0.900330912560274,0.6972809175256147,171.1846793760396,0.011,0.010307082419770052,0.14471892391163552,0.14317430313123983,36.70919021603945,39,24,0,False
8.5,6,0.8,0.975531943573057,0.707623364176331,171.0121743964463,0.011,0.010332255347384007,0.13586737859180184,0.1447403809228973,36.440010526956016,39,24,0,True
8.5,6,0.8,0.960021627383,0.8996852914305477,193.59761450693588,0.011,0.010436652014470735,0.20235350489262127,0.18112309357839934,30.762703180782335,39,24,0,False
8.5,6,0.8,0.9537562397714343,0.6621310325778262,170.9997618763414,0.011,0.010286400700855387,0.12496819929350211,0.13479183487460566,38.23510661099635,39,24,0,True
8.5,6,0.8,0.9507382822730999,0.7390288796745315,170.37796838714394,0.011,0.010351389509301057,0.14985753733094667,0.15183741410185955,35.26891722190849,39,24,0,True
8.5,6,0.8,0.9325471952395192,0.708105638550385,169.984544245222,0.011,0.010322644661797548,0.14283224651705004,0.14526372661308748,36.35116171456424,39,24,0,True
8.5,6,0.8,0.9652288256097761,0.7328308799475287,170.70296670717065,0.011,0.010350247778553739,0.14547054744411186,0.15042393501675586,35.502868364431336,39,24,0,True
8.5,6,0.8,0.970052482854457,0.7298863986247932,170.81485389908562,0.011,0.010349134719216302,0.14375628607583132,0.14973349082037576,35.61347245835411,39,24,0,True
8.5,6,0.8,0.9710598959249801,0.7546383412000465,170.91548415757237,0.011,0.010368116888413267,0.15153475594466384,0.15481359091795244,34.76515432489022,39,24,0,True
8.5,6,0.8,0.9473752947111236,0.8476110874985098,185.82273920068621,0.011,0.01041524263137832,0.18688492995199088,0.17272770575671575,32.02949652175598,39,24,0,False
8.5,6,0.8,0.8454693004297221,0.6880757653734125,180.23253014089462,0.011,0.010290476452851152,0.15153616313610258,0.1416182152698296,36.98079264355674,39,24,0,False
8.5,6,0.8,0.9110108538130839,0.755121638574227,177.24661500232685,0.011,0.0103538596161518,0.16219658216379937,0.15524519814904847,34.693836547046466,39,24,0,False
8.5,6,0.8,0.9049372882401141,0.7086833976679833,171.81538491066578,0.011,0.010317396705369826,0.14769863890856003,0.14562481235104008,36.290229621608084,39,24,0,False
8.5,6,0.8,0.9250396225231926,0.7355349883621869,171.8276378560536,0.011,0.010342731539418481,0.15310451358342458,0.15131186704502378,35.36004596910829,39,24,0,False
8.5,6,0.8,0.9985219771976367,0.7086258295832413,171.61544836593555,0.011,0.010339023879714221,0.13274463084373658,0.14471730202210314,36.44394335138096,39,24,0,True
8.5,6,0.8,0.9147220030085264,0.7567647701459927,176.83920158651148,0.011,0.010355768645492397,0.1620724035812225,0.15555402193741455,34.643069665095624,39,24,0,False
8.5,6,0.8,0.898029404036215,0.7460037160004943,178.1598709634023,0.011,0.010344570799601898,0.16150942990621178,0.15351682805496064,34.982042123239694,39,24,0,False
8.5,6,0.8,0.8907064846462767,0.741219538862813,178.75184426150014,0.011,0.01033958899219129,0.1612490141193935,0.15261637015691376,35.13500209829199,39,24,0,False
8.5,6,0.8,0.9739396376247974,0.7439372723444652,170.93403992602356,0.011,0.010360976570922959,0.14762194590537434,0.15265245635831443,35.12883439448,39,24,0,True
8.5,6,0.8,0.8709348084610976,0.7195774117638871,179.3932783333017,0.011,0.010319596265263868,0.15755684167185646,0.14822286041285826,35.8585755164656,39,24,0,False
8.5,6,0.8,0.8570293734161305,0.6924511572490525,178.52172884844217,0.011,0.010295783863278694,0.15086012096729046,0.14247553558297898,36.83077329550418,39,25,0,False
8.5,6,0.8,0.8476891492543064,0.661210528773202,176.43474609710486,0.011,0.010268112055284651,0.14194715741730043,0.13578012029041958,38.04684673292046,39,25,0,False
8.5,6,0.8,0.90315489879897,0.6941266896846024,170.3063389861578,0.011,0.010304942476269261,0.1431942886325418,0.1424592751037594,36.83360203413644,39,25,0,False
8.5,6,0.8,0.8494505556536623,0.7178729462466933,183.37499629303144,0.011,0.010314654837963223,0.16112157926234344,0.1479816544519707,35.898171995241675,39,25,0,False
8.5,6,0.8,0.9053471017790445,0.7064371034853775,171.46553857463837,0.011,0.010315678142096194,0.14688084234908919,0.14512973862765938,36.373848336183144,39,25,0,False
8.5,6,0.8,0.8673711252079247,0.6953881404731027,176.91533075100597,0.011,0.010299778052207142,0.14994827357864424,0.1430324744722168,36.73381857423739,39,25,0,False
8.5,6,0.8,0.929699694627808,0.6706637617660045,170.26308042583517,0.011,0.010289434000301323,0.13128036153543962,0.13699769917118473,37.81861675364876,39,25,0,True
8.5,6,0.8,0.9056011944167172,0.708286805949265,171.65034221275272,0.011,0.010317197676414118,0.1474519914084883,0.14553312955974618,36.305672384636075,39,25,0,False
8.5,6,0.8,0.8832922906729733,0.6734163467159422,171.26176660754925,0.011,0.010283707030848247,0.13975782234303372,0.13810649866067579,37.61424411196439,39,25,0,False
8.5,6,0.8,0.8650622464113833,0.6981830973005114,177.71666582547027,0.011,0.010301734981640548,0.1513237934372798,0.14365241555689268,36.62652275264481,39,25,0,False
8.5,6,0.8,0.952490421502778,0.740607510418483,170.42296632625204,0.011,0.010353017507605625,0.15007756332698097,0.1521392319755862,35.21685238918126,39,25,0,True
8.5,6,0.8,0.8761258722527435,0.6994084747445748,175.79327325134827,0.011,0.01030454225095783,0.1497116129330309,0.14383473925407228,36.59514207053342,39,25,0,False
8.5,6,0.8,0.8552164583528302,0.6514738793106432,173.81019201508187,0.011,0.010260420836012377,0.13734048267657054,0.13358764720989041,38.468242644631445,39,25,0,False
8.5,6,0.8,0.9007560088930249,0.6699175278603076,169.63016317435805,0.011,0.010283442308303865,0.13567955471554863,0.137154839838543,37.78945398884311,39,25,0,True
8.5,6,0.8,0.9410929026495348,0.7237350372514677,170.14285097272227,0.011,0.010337253938938125,0.14649144290853153,0.1486237765986246,35.79304368436738,39,25,0,True
8.5,6,0.8,0.9123501777491331,0.7406876446909697,174.78684901554115,0.011,0.010343771453706694,0.1570780922952188,0.15240110125993964,35.17186107369641,39,25,0,False
8.5,6,0.8,0.889717375509046,0.7032503264171814,173.80849089308632,0.011,0.01031009406768119,0.14856255399668986,0.14456171145231417,36.47048977779526,39,25,0,False
8.5,6,0.8,0.9002548326341958,0.6916233224351965,170.50679128774385,0.011,0.010302354803180282,0.1428610241807721,0.14193225230026382,36.92563222360556,39,25,0,False
8.5,6,0.8,0.8838391239776752,0.6924786923306177,173.50587799521242,0.011,0.010300098140937339,0.14600053425583556,0.14226644486850412,36.86719632175661,39,25,0,False
8.5,6,0.8,0.8877134781159379,0.726730736176963,177.20678952029343,0.011,0.01032821009658568,0.15686060823255613,0.14965911433739076,35.62542528529638,39,25,0,False
8.5,6,0.8,0.8836020401398914,0.6735825674411108,171.22592724059038,0.011,0.01028389716558103,0.13975983369777026,0.13814024884630488,37.6080741703125,39,25,0,False
8.5,6,0.8,1.0236562006261019,0.6747840344121182,172.77406646308987,0.011,0.0103152803418671,0.11902994160386834,0.13671727391517197,37.870824075418476,39,25,0,True
8.5,6,0.8,0.9135616429650275,0.698246973624677,169.6211849092727,0.011,0.010310432938886168,0.1427838160716418,0.14326921428800252,36.69273609647699,39,25,0,True
8.5,6,0.8,0.8798991249084158,0.6677961273277568,171.202413944668,0.011,0.010278260318287838,0.13848231336879177,0.136901885827896,37.836430688207244,39,25,0,False
8.5,6,0.8,0.9266018430651634,0.7378235760338905,171.91051848817187,0.011,0.01034480247459539,0.15359098062488094,0.15175452591904065,35.28325534459018,39,25,0,False
8.5,6,0.8,0.8976968325307526,0.6792107067953661,169.4507785408171,0.011,0.010291116269678581,0.13921993265294574,0.13923513066066776,37.40742696621515,39,25,0,True
8.5,6,0.8,0.7413980911523872,0.7397462676518503,212.32926183082006,0.011,0.010315271298283878,0.19382748431251204,0.1527122807928366,35.11861644327368,39,25,0,False
8.5,6,0.8,0.8716108208524842,0.5868270327185028,182.84148382676,0.011,0.01020239821972803,0.1137986678235323,0.11692856287024084,41.569125959474675,39,25,0,False
8.5,6,0.8,0.973702933536909,0.7501634696077155,170.95250285604965,0.011,0.010365535515059945,0.1496590561687913,0.1539007828856689,34.917411396565086,39,25,0,True
8.5,6,0.8,0.8856052652407586,0.6990441790338112,174.01033392043541,0.011,0.01030584864826308,0.14788671631239791,0.1436823305367164,36.62136850672662,39,25,0,False
8.5,6,0.8,0.9182178375725557,0.7456918536480523,174.53761399480322,0.011,0.010348761487079975,0.15770038285606786,0.1533530474546252,35.00971808644935,39,25,0,False
8.5,6,0.8,0.8882518343036608,0.7401323704015632,179.0351778460475,0.011,0.010338299976252394,0.16133960906618716,0.15241586266693533,35.16932995906434,39,25,0,False
8.5,6,0.8,0.8753887806682771,0.651946878990734,170.1372291501126,0.011,0.010263392437030202,0.1340377014552635,0.1334732258933398,38.49061345767404,39,25,0,False
8.5,6,0.8,0.9108474113602217,0.714489966706441,171.53210420695405,0.011,0.010323276600022812,0.14859731081385172,0.1468447188689631,36.08608222597002,39,25,0,False
8.5,6,0.8,0.9784805707671798,0.7256218889670139,171.02973955108777,0.011,0.010347941961895339,0.1410718378444068,0.1487110380010822,35.77882688802422,39,25,0,True
8.5,6,0.8,0.8660905981457305,0.6754861530491961,174.65808925055134,0.011,0.010282868180209428,0.14345501542739283,0.13872123667522368,37.50133913244279,39,25,0,False
8.5,6,0.8,0.8990935825648161,0.7273820910130628,175.23749711683223,0.011,0.01033096655249274,0.15499556963151553,0.14972798964371012,35.61435613328563,39,25,0,False
8.5,6,0.8,0.805801464893998,0.7065904527901722,191.12321870079572,0.011,0.010299826599395798,0.16607126254543103,0.14581600335395287,36.25808797941633,39,25,0,False
8.5,6,0.8,0.8912603886815188,0.6386730784872724,170.52294483690534,0.011,0.010253404599678878,0.12714363413399524,0.1302092308906228,39.11077212678799,39,25,0,False
8.5,6,0.8,0.9244484358709923,0.6931763241240917,169.88473797426482,0.011,0.010308254960217493,0.139330853039049,0.1420507198473107,36.90488620988171,39,25,0,True
8.5,6,0.8,0.9478484074527367,0.7751248361567477,174.03954974945182,0.011,0.010376125914447924,0.1622381623956688,0.15899628630062485,34.085580939218794,39,25,0,False
8.5,6,0.8,0.9023598380286958,0.6439646570110426,170.14787907236808,0.011,0.010259946641517446,0.12707901579419678,0.131391687805599,38.90215245337038,39,25,0,True
8.5,6,0.8,0.9375768893343611,0.7899207217059216,178.05132853213274,0.011,0.01038282945453496,0.16906771386255942,0.16192526116530243,33.62841185316905,39,25,0,False
8.5,6,0.8,0.9021903122016719,0.7074771997837379,172.1417685214093,0.011,0.01031589888834998,0.1477757059471462,0.14538271189689847,36.33105013274135,39,25,0,False
8.5,6,0.8,0.9237969305632151,0.7228649578160141,170.41131520075743,0.011,0.010332707986162962,0.14912839268557668,0.148569348608924,35.80191959989117,39,25,0,False
8.5,6,0.8,0.8923539085931985,0.6627627152812663,169.567724078839,0.011,0.010275677573845265,0.13473929148051758,0.13566256659659148,38.06909683399215,39,25,0,True
8.5,6,0.8,0.9080343291341627,0.7769070009733076,181.20589147169514,0.011,0.010367629074863202,0.17020726701729763,0.1594985125795532,34.006203559856985,39,25,0,False
8.5,6,0.8,0.9194075829661563,0.6273377075554991,174.12847796453948,0.011,0.01024685142200449,0.11926048481169545,0.12675147563481498,39.71188423562005,39,25,0,False
8.5,6,0.8,0.8708891077678331,0.700229249979934,176.87316868144507,0.011,0.010304308520855789,0.15094750963336256,0.14405321931026693,36.55764218368537,39,25,0,False
8.5,6,0.8,0.9020230315900784,0.6847412896897354,169.4825374563178,0.011,0.010296688413434514,0.14030393131559765,0.14040662470794987,37.19590058192059,39,25,0,True
8.5,6,0.8,0.8961113479452066,0.7038757121354768,172.74789471553134,0.011,0.010311747599955722,0.14764376140257532,0.14464839096995513,36.45569375603486,39,25,0,False
8.5,6,0.8,0.9167656647058272,0.7010405298597824,169.67629575452216,0.011,0.010313453367533724,0.14315759573802878,0.14385259272128248,36.59207346232981,39,25,0,True
8.5,6,0.8,0.9312739334007583,0.6465159511052954,170.76626369216663,0.011,0.010267235627516517,0.12345415503790749,0.13158569167396097,38.863414385848195,39,25,0,True
8.5,6,0.8,0.9124949422899226,0.6987047129355105,169.59802813532335,0.011,0.010310625360351083,0.14311262464254623,0.14337856819078731,36.673804979046295,39,25,0,True
8.5,6,0.8,0.8935260593292318,0.6480320592992795,169.86862950767923,0.011,0.010262418916132839,0.1297833000933539,0.13240297522837938,38.70139785546179,39,25,0,True
8.5,6,0.8,0.8930039090944559,0.7127553175060777,174.4309529930169,0.011,0.010318363453970705,0.15116672363097644,0.14660218478472872,36.12646446403195,39,25,0,False
8.5,6,0.8,0.9250497270527929,0.7128761646304066,169.80572918443895,0.011,0.010324935471890477,0.14563674906081014,0.14637770413387358,36.163959286696944,39,25,0,True
8.5,6,0.8,0.9035253332572618,0.6596192520467803,169.85626156830784,0.011,0.010274653204419948,0.131899174598555,0.13484265099947182,38.22535963512732,39,25,0,True
8.5,6,0.8,0.8749988696271224,0.6461788679992784,169.536414614178,0.011,0.010258097669136304,0.13221714194374853,0.13221288480994664,38.73892317375883,39,26,0,False
8.5,6,0.8,0.8927456522956319,0.6431675235484552,169.96468151733717,0.011,0.010257828482132397,0.12834514141077544,0.13133261745649616,38.91397003479592,39,26,0,True
8.5,6,0.8,0.8858300524967746,0.6519342459113603,169.62513662716785,0.011,0.010264828885359439,0.1322982908453055,0.13335342867247704,38.514076421030076,39,26,0,True
8.5,6,0.8,0.8333639948321611,0.6941018018118152,183.47986754974087,0.011,0.010293744968156302,0.15596952776802914,0.14300010362558208,36.7394465382283,39,26,0,False
8.5,6,0.8,0.9024348489257401,0.6804678927418348,169.54003692056983,0.011,0.01029311004696881,0.13883409982628941,0.13946193574606675,37.366198632684785,39,26,0,True
8.5,6,0.8,0.8965362858284768,0.6424973345476317,170.05866284925813,0.011,0.01025772880981821,0.12752864915027765,0.13113785359538127,38.9530094224808,39,26,0,True
8.5,6,0.8,0.8633682628873178,0.6136494895540605,175.43924059155208,0.011,0.010226737972360471,0.1235836513765,0.12407450608864627,40.19540512014136,39,26,0,False
8.5,6,0.8,0.8669324701804455,0.6254357027150486,172.7409342365729,0.011,0.01023805219989109,0.12680671035937327,0.12709865904389286,39.650423248649005,39,26,0,False
8.5,6,0.8,0.8460357941657624,0.6447391428814438,174.76821515722122,0.011,0.010253370577156294,0.13670653638650548,0.13222170009935325,38.73718059763844,39,26,0,False
8.5,6,0.8,0.9115936427380606,0.6606579609323243,170.0112755744299,0.011,0.0102769414407373,0.13094399682472052,0.13498049556788042,38.19895662806605,39,26,0,True
8.5,6,0.8,0.941716094928221,0.7056428277076463,170.20102991041222,0.011,0.010322598836678283,0.14054159167456878,0.14463682592814278,36.457666866242974,39,26,0,True
8.5,6,0.8,0.9010563876245984,0.6760245771821697,169.55729610681666,0.011,0.010288917810718947,0.13761637604825228,0.13850271955334545,37.54148296132117,39,26,0,True
8.5,6,0.8,0.846167667520562,0.6380923197808583,174.17638171612649,0.011,0.010247428415955979,0.13446612827757062,0.13070138460513914,39.02720062879106,39,26,0,False
8.5,6,0.8,0.874592468913038,0.630110990281304,171.91026934648076,0.011,0.010243271494225714,0.12706990125247394,0.1282085380305157,39.45580891502436,39,26,0,False
8.5,6,0.8,0.9001607065637139,0.6148204601853864,176.46218401749402,0.011,0.010232007988499894,0.11823552961532768,0.1237652525598411,40.2523886277904,39,26,0,False
8.5,6,0.8,0.8824348336596911,0.6201378065136995,174.50880553855083,0.011,0.010234858550232727,0.12262671931536726,0.1254632560795541,39.94241308710914,39,26,0,False
8.5,6,0.8,0.8812033134550723,0.6850526734469394,173.06581690111528,0.011,0.010293422101864543,0.1439826614260647,0.14066545357681648,37.14963871434564,39,26,0,False
8.5,6,0.8,0.8944844334419767,0.6843418105290607,170.61931616312674,0.011,0.010295076998916285,0.14144716328316426,0.14038798371484967,37.19923892881363,39,26,0,False
8.5,6,0.8,0.9554194642536723,0.6193805726428264,177.60558833189071,0.011,0.010245301878214668,0.11173309178762261,0.1239733821686016,40.21401217828337,39,26,0,False
8.5,6,0.8,0.8838683254489823,0.6539634008125659,169.54814267185486,0.011,0.010266408520021905,0.13328126361595863,0.13382065164842977,38.4228054289907,39,26,0,True
8.5,6,0.8,0.8482166011240803,0.649469421394413,174.91421147742426,0.011,0.010257873644004043,0.1379014411831765,0.13322458833626755,38.53935758801013,39,26,0,False
8.5,6,0.8,0.8331264326990558,0.6639550862419019,179.66830307117016,0.011,0.010268775804769356,0.14556426630083624,0.13651212806384633,37.90915107296512,39,26,0,False
8.5,6,0.8,0.8897611932755748,0.6705696221832627,169.78004131494774,0.011,0.010282219603295334,0.13772235071679756,0.13741362058078885,37.74157233503297,39,26,0,False
8.5,6,0.8,0.8413490406635233,0.6420481441622656,175.36690248805823,0.011,0.010250498115390761,0.1366346392450989,0.1316851950165004,38.84358990809732,39,26,0,False
8.5,6,0.8,0.8859288645694027,0.7045932105508743,174.65935160632384,0.011,0.010310469477389153,0.14969172416225696,0.14488375014698465,36.41560719453451,39,26,0,False
8.5,6,0.8,0.8870610899692433,0.6614800306440348,169.4773459115461,0.011,0.010273655156818105,0.13520243379954455,0.13543890708938333,38.1115361806799,39,26,0,True
8.5,6,0.8,0.9176051788573105,0.6073672982729763,179.08918036485025,0.011,0.010227208323955298,0.11338135466416341,0.12147947373254399,40.680395753822445,39,26,0,False
8.5,6,0.8,0.9023054568291133,0.7167540678584357,173.29769462670254,0.011,0.010323360247893393,0.1508491046045427,0.14740238346755546,35.99373089009899,39,26,0,False
8.5,6,0.8,0.9737189850745928,0.7233556688069535,170.91072659001085,0.011,0.010344861767436235,0.1411011714072729,0.1482547763848175,35.853345776650535,39,26,0,True
8.5,6,0.8,0.8813411388962396,0.6504921239337317,169.5676556065601,0.011,0.010262910991152724,0.132568793174066,0.13308699883768552,38.56640954779605,39,26,0,True
8.5,6,0.8,0.9108785032681208,0.6172502252969128,176.2701449104416,0.011,0.010235841455876719,0.11739546936815577,0.12421940094960442,40.168788292743685,39,26,0,False
8.5,6,0.8,0.9033123267143189,0.6358908282644469,171.54655333821114,0.011,0.010252511193100045,0.12436978995346383,0.12928951822352538,39.268369878828075,39,26,0,False
8.5,6,0.8,0.8877861096913761,0.6763808324954583,170.82026094520836,0.011,0.010286988314698074,0.1399688299742797,0.13871241601815582,37.50295713248307,39,26,0,False
8.5,6,0.8,0.8870990317545895,0.6117109987050036,176.75223478177244,0.011,0.010227398489358075,0.11924163440850306,0.12317342063359955,40.36210790407656,39,26,0,False
8.5,6,0.8,0.974061761220129,0.6145719467561475,179.75018625259602,0.011,0.010244157352849509,0.10782318328118388,0.12231473676902697,40.522841526427975,39,26,0,False
8.5,6,0.8,0.8637506987730611,0.660679991488126,173.30083273354032,0.011,0.010269598266151841,0.13891820077061026,0.13550834963999864,38.09834456918999,39,26,0,False
8.5,6,0.8,0.8722771213969771,0.615851012491781,175.20061073716866,0.011,0.01022969279585117,0.12286363250902764,0.12450473650518387,40.116524449321076,39,26,0,False
8.5,6,0.8,0.8294855232263065,0.7041921752220736,185.63902600627998,0.011,0.010301154044727473,0.1602935832812677,0.14517775502463331,36.36571349904909,39,26,0,False
8.5,6,0.8,0.8786924940718087,0.6185487535661255,174.76472601842283,0.011,0.010232936076536128,0.1227090138706122,0.12510668517148305,40.00692223358769,39,26,0,False
8.5,6,0.8,0.8864930139879534,0.6608514187481621,169.47750732265405,0.011,0.010273015083045765,0.13509139454288033,0.13530626559251294,38.13677074772683,39,26,0,True
8.5,6,0.8,0.8456145972452513,0.5381858193595636,197.47033647706058,0.011,0.010157712585982597,0.10263027421695178,0.10464726326901384,44.20791697748511,39,26,0,False
8.5,6,0.8,0.871273317598693,0.7028811383258418,177.1442453485505,0.011,0.010306525771107041,0.15177853926040483,0.14462262652528135,36.46008985357331,39,26,0,False
8.5,6,0.8,0.9066156210386546,0.6030217082011772,179.79309571510444,0.011,0.010221531652000314,0.11363228055981037,0.12053164626471206,40.8613479354985,39,26,0,False
8.5,6,0.8,0.8779461213043561,0.6431817986119167,169.6562738263649,0.011,0.010255751296855742,0.1307529785757902,0.13151677449377225,38.87716253155267,39,26,0,True
8.5,6,0.8,0.8607259713288722,0.640399032133245,171.48357972973386,0.011,0.010251090184284299,0.13272309105370841,0.13110379154307497,38.959258348949135,39,26,0,False
8.5,6,0.8,0.8640893832395468,0.6468299450238182,171.59740978139448,0.011,0.010257320663527783,0.13426827592317378,0.1324800534538479,38.686212491262225,39,26,0,False
8.5,6,0.8,0.9327756481420152,0.7367320965234638,170.72157457751075,0.011,0.01034543867017136,0.1521554389931404,0.1514987027881221,35.327616089922564,39,26,0,False
8.5,6,0.8,0.8950253869818613,0.548298416367644,196.3936766660864,0.011,0.010169073629799958,0.09876079824086777,0.1062111739429798,43.85410462486859,39,26,0,False
8.5,6,0.8,0.946674234169772,0.6992309204165003,170.35125927105057,0.011,0.010318236087469873,0.137697973537061,0.1431710431412384,36.709755764194774,39,26,0,True
8.5,6,0.8,0.8936955514805821,0.6445760021998252,169.94852687322242,0.011,0.010259238351103964,0.12864650809171102,0.13163447036570272,38.853692275275485,39,26,0,True
8.5,6,0.8,0.8952066280740257,0.6715620973564435,169.49043187693445,0.011,0.010283939338650424,0.13713647407578372,0.13757855328894042,37.71114815828298,39,26,0,True
8.5,6,0.8,0.8944368616766256,0.6589383593895829,169.67414222625388,0.011,0.0102725419190491,0.13315548512446831,0.13479615980607013,38.234276766596984,39,26,0,True
8.5,6,0.8,0.8369130279913826,0.6321031482033215,176.6618515375156,0.011,0.01024119767303176,0.13409055166508335,0.12927205839521505,39.27137983702721,39,26,0,False
8.5,6,0.8,0.9113430241447142,0.6541333210462665,170.12732775019492,0.011,0.010270873811398445,0.12890337739921945,0.1335378299625995,38.477977839677244,39,26,0,True
8.5,6,0.8,0.892620653305945,0.616925291236614,175.6552782312075,0.011,0.010233049035298878,0.12003544355417936,0.12444926631637453,40.12666901461288,39,26,0,False
8.5,6,0.8,0.8997261085255677,0.6618102249471198,169.73616645799413,0.011,0.01027600484910961,0.13322093237081897,0.13537075328171103,38.12449605678458,39,26,0,True
8.5,6,0.8,0.8584421026275721,0.6367274226016645,172.19107896779386,0.011,0.010247496733389103,0.1319029716596431,0.13017613545659115,39.116410921761265,39,26,0,False
8.5,6,0.8,0.8928385689069653,0.6565115808764482,169.683096347327,0.011,0.010270070713376642,0.13263180979070788,0.13427976683130322,38.33373577578409,39,26,0,True
8.5,6,0.8,0.9014660161003555,0.6263531986878522,173.69247930839398,0.011,0.010243195479664877,0.1216478224372318,0.12679197286501293,39.7047006452003,39,27,0,False
8.5,6,0.8,0.9118779707808848,0.6615155039476299,170.00246174668806,0.011,0.010277774902937662,0.1311730402250551,0.13516747370829163,38.16322812393536,39,27,0,True
8.5,6,0.8,0.8845753086929459,0.6507776096458334,169.62847789947082,0.011,0.010263648550016895,0.13212672572550377,0.13311198673990082,38.561492432614564,39,27,0,True
8.5,6,0.8,0.9723191827266563,0.6239250411764224,177.21853500602427,0.011,0.010253185578978245,0.11080864490420006,0.12487301001077661,40.04936463977287,39,27,0,False
8.5,6,0.8,0.898735124937717,0.6594734724410936,169.75389623543032,0.011,0.010273706877772473,0.13262803144437108,0.1348660414153246,38.22087560675214,39,27,0,True
8.5,6,0.8,0.9174246762225339,0.651251594814532,170.3308993078648,0.011,0.010269281659999024,0.1270402613857851,0.13282292634356266,38.61848679123953,39,27,0,True
8.5,6,0.8,0.856384403313607,0.6181238976469219,175.22924463886582,0.011,0.010230179667391124,0.12616993040577235,0.12535317506464985,39.962295697777094,39,27,0,False
8.5,6,0.8,0.8608074796445041,0.656582449903525,173.36764476743218,0.011,0.010265666111185207,0.13806408419742808,0.13464122078588472,38.26403873762866,39,27,0,False
8.5,6,0.8,0.8725267626870284,0.6374700687472781,170.19785809928533,0.011,0.010249816032450993,0.12979043602830045,0.13016961913284253,39.11752145423393,39,27,0,False
8.5,6,0.8,0.8918888628762551,0.6432366062959571,169.9424004791194,0.011,0.010257743384667267,0.12850550875449002,0.13135936307502932,38.90861801135853,39,27,0,True
8.5,6,0.8,0.8969566364297636,0.6034770912242077,179.27618434660138,0.011,0.010220765915701984,0.11518694439258514,0.12082976342789772,40.804177857338686,39,27,0,False
8.5,6,0.8,0.9130450405427045,0.6608109248381078,170.0416548565992,0.011,0.01027734209852527,0.13076244808683116,0.13499722438102496,38.19575601110255,39,27,0,True
8.5,6,0.8,0.9156705719110995,0.6594267453943842,170.12814347947526,0.011,0.010276557209000486,0.12990594170135672,0.13465814101579854,38.260785242370055,39,27,0,True
8.5,6,0.8,0.8973673238388,0.6381589842743165,170.83919677183056,0.011,0.010253802966083275,0.12601400291731257,0.12998045035609848,39.14980073594136,39,27,0,False
8.5,6,0.8,0.8854656531254923,0.6513299330793926,169.6356671590879,0.011,0.01026428403631687,0.13215938374020703,0.13322289353318423,38.53969046946645,39,27,0,True
8.5,6,0.8,0.8736664191216733,0.637446292155508,170.23926342325163,0.011,0.010249946024126757,0.1295944999799635,0.13014640639302355,39.121478197550594,39,27,0,False
8.5,6,0.8,0.9065490582811732,0.6767513012514783,169.66464525017028,0.011,0.010290545313123376,0.1369434047526459,0.13860554170918452,37.5225777430177,39,27,0,True
8.5,6,0.8,0.8889012145947559,0.6662792502336539,169.44442816653822,0.011,0.010278288770125646,0.13646095127880553,0.13647509738361616,37.91608161065622,39,27,0,True
8.5,6,0.8,0.9781901678117265,0.6321902306384736,175.41550068110806,0.011,0.01026265328085482,0.112474655179609,0.12699987678846072,39.66788187364664,39,27,0,False
8.5,6,0.8,0.885069568863552,0.6197142167212822,174.70160576976176,0.011,0.010234762320085763,0.12208087921367172,0.1253092172033231,39.97024343421381,39,27,0,False
8.5,6,0.8,0.8945221122473939,0.6710891034550075,169.4858606577084,0.011,0.01028343677930219,0.1370948489118593,0.13747995482808945,37.7293273638151,39,27,0,True
8.5,6,0.8,0.921760282606268,0.677876978729646,169.97854634843299,0.011,0.01029434066582459,0.1348377816629011,0.13869491919707774,37.50616723546009,39,27,0,True
8.5,6,0.8,0.8775730009468564,0.6817307102862451,173.31019946059357,0.011,0.01028995361647793,0.14351418485389245,0.13997523810760795,37.27338247489622,39,27,0,False
8.5,6,0.8,0.8791305546981344,0.6496070026508954,169.54150857882985,0.011,0.010261794037555257,0.13264728422496527,0.13291836869598153,38.599640897202896,39,27,0,True
8.5,6,0.8,0.9083623620011406,0.6840826376156071,169.62877174335617,0.011,0.010297365437992919,0.13902470789912852,0.14019698431982197,37.233495144288995,39,27,0,True
8.5,6,0.8,0.8822132707759585,0.6595978565103204,169.81827272118653,0.011,0.01027127129317921,0.13539663332684002,0.1350760536129682,38.180684733774164,39,27,0,False
8.5,6,0.8,0.9779670669104267,0.6264459281512651,176.83015564540506,0.011,0.010256810149084831,0.11080716492169236,0.1254492017047651,39.94494993594587,39,27,0,False
8.5,6,0.8,0.9030776314420659,0.751405386259774,178.08308661875157,0.011,0.010349442426685094,0.16241082972941348,0.1545537847212974,34.80829188174049,39,27,0,False
8.5,6,0.8,0.9311443656909641,0.6215947263336421,176.00064708829646,0.011,0.010243207361505198,0.11578795996376766,0.1250139748187219,40.0237453343176,39,27,0,False
8.5,6,0.8,0.8819452159844763,0.6447619543733513,169.70015044032127,0.011,0.010257735867984664,0.13060886349854559,0.1318182358614544,38.81713008430359,39,27,0,True
8.5,6,0.8,0.9004213818139171,0.6887071651874024,170.11968439076068,0.011,0.01029986295439541,0.14187419778737612,0.14129114493007217,37.03850064761825,39,27,0,False
8.5,6,0.8,0.9710111912389933,0.713414155247237,170.87277349089337,0.011,0.010336039568293345,0.1383804318530425,0.14607547136970614,36.214601542562896,39,27,0,True
8.5,6,0.8,0.9015002910224021,0.6672273511244594,169.68598476618564,0.011,0.010281171985512035,0.1346844635138133,0.1365504384884132,37.90198494427848,39,27,0,True
8.5,6,0.8,0.8977238933460623,0.5794801686172532,186.1293615201218,0.011,0.010197899383388796,0.10772404008971023,0.11449719810538468,42.06713349310683,39,27,0,False
8.5,6,0.8,0.9701452203021352,0.6109566039532897,180.5368238903061,0.011,0.010239743320393591,0.1072738140977824,0.1214165027885112,40.692344452836544,39,27,0,False
8.5,6,0.8,0.8719552190335831,0.6686269445644186,172.74246347591446,0.011,0.010277814251698948,0.14012802383079834,0.1371639066277432,37.787773357794975,39,27,0,False
8.5,6,0.8,0.8716463881638943,0.5970114708702751,180.00926662284581,0.011,0.010211880604872135,0.11698847212221124,0.11959405273069074,41.04267547696039,39,27,0,False
8.5,6,0.8,0.9922584520791572,0.6816596252496174,171.72160416578427,0.011,0.010313466246866654,0.12539743497831332,0.13871189466184514,37.503052772888836,39,27,0,True
8.5,6,0.8,0.8707466263880073,0.6256346750559494,172.8157052058095,0.011,0.01023865094684157,0.12625050709975225,0.12709237480064223,39.651533241707654,39,27,0,False
8.5,6,0.8,0.8675317573861753,0.6452106610632604,170.77590969397139,0.011,0.010256249475122336,0.13315294384683174,0.13208615824457498,38.76399958672822,39,27,0,False
8.5,6,0.8,0.8536983715765739,0.8022684412295904,196.12415581424779,0.011,0.010370489544760053,0.1904554921410582,0.16441317760073657,33.250248289005945,39,27,0,False
8.5,6,0.8,0.8846098480855477,0.655729697712423,169.5294409551813,0.011,0.010268112684582891,0.1337339363247621,0.1342005214043219,38.34906621399527,39,27,0,True
8.5,6,0.8,0.8882162036610918,0.5211931053184352,206.7456821946814,0.011,0.010146079964137624,0.09173576502597534,0.09904824285807964,45.54440469559502,39,27,0,False
8.5,6,0.8,0.8723810992480924,0.6274436215902416,172.44989646254106,0.011,0.010240522953998134,0.12656866483781257,0.1275417909653584,39.572382525775,39,27,0,False
8.5,6,0.8,0.8921898300168589,0.6884008735822813,171.51879513709892,0.011,0.01029815891305062,0.1431818529263553,0.14129837392504657,37.037222307886665,39,27,0,False
8.5,6,0.8,0.8728937621949789,0.6591776334418004,171.44124617356462,0.011,0.010269546593952648,0.13683813608892578,0.13508368759203243,38.17922613085209,39,27,0,False
8.5,6,0.8,0.8640009302910987,0.6315246788175602,171.95372341446415,0.011,0.010243326025964705,0.1292679589139075,0.12873876785170477,39.363644325430315,39,27,0,False
8.5,6,0.8,0.8724553106274054,0.7336725149953498,180.9939489880621,0.011,0.010330454653108216,0.16213315760166777,0.15123369849880894,35.3735921566663,39,27,0,False
8.5,6,0.8,0.8872193848921829,0.6905167635234352,172.65788561971894,0.011,0.010299052357455407,0.1447502105344317,0.1418072384892685,36.94756183529808,39,27,0,False
8.5,6,0.8,0.8815899495995053,0.6772819215025544,172.03412936930124,0.011,0.010286757741813729,0.14133293318132395,0.1389688183487786,37.45600806400045,39,27,0,False
8.5,6,0.8,0.8915852114871914,0.6369208809824451,170.92549398903316,0.011,0.010251831264796962,0.1265310664890826,0.12974125775023093,39.19072852230145,39,27,0,False
8.5,6,0.8,0.8707902997562205,0.639943839494355,169.66034393138736,0.011,0.010251898234682054,0.1308819620338824,0.13084248421539177,39.003337691578466,39,27,0,False
8.5,6,0.8,0.880661762619864,0.6547263947643575,169.52655575346546,0.011,0.010266708378302389,0.13406055346829934,0.13402152611147258,38.383760311569254,39,27,0,False
8.5,6,0.8,0.8970176662463637,0.6524693469664246,169.8458551760495,0.011,0.010266995574507913,0.1306501969911621,0.1333415994083148,38.51639553437113,39,27,0,True
8.5,6,0.8,0.8835951243737,0.6556423643962905,169.51094277203487,0.011,0.01026788622471786,0.13387402347061408,0.13419258737142567,38.35060208789341,39,27,0,True
8.5,6,0.8,0.8882886093215145,0.6361534358690304,170.98074786471656,0.011,0.010250595596621458,0.1268123869839326,0.12959152836645174,39.216412670493966,39,27,0,False
8.5,6,0.8,0.8941076490465254,0.6305860674751042,172.44380351717226,0.011,0.010246191317266768,0.12411938228541902,0.12803143295500072,39.486675106417934,39,27,0,False
8.5,6,0.8,0.8781862265774476,0.652778349017181,169.7359829906577,0.011,0.010264559054101136,0.13383939435230033,0.13362319792555313,38.461299821347524,39,27,0,False
8.5,6,0.8,0.8803129485729786,0.6971191996286866,174.73273728766765,0.011,0.010303388565357927,0.14818320452965322,0.14330459635330037,36.68660768547191,39,28,0,False
8.5,6,0.8,0.9199397368029464,0.6568509826756126,170.27140916606157,0.011,0.01027490305920691,0.12842303518505874,0.13403577374008743,38.380995352971695,39,28,0,True
8.5,6,0.8,0.8918410473836754,0.6910346049880118,171.89669559629274,0.011,0.010300249931170171,0.14411932576200978,0.14188174886499338,36.93448680342029,39,28,0,False
8.5,6,0.8,0.8906701035177025,0.6749672656098558,170.13883018368023,0.011,0.010286205682945535,0.13901400390107455,0.13837611691085938,37.56479906929734,39,28,0,False
8.5,6,0.8,0.8968549006733011,0.6555690807753379,169.78894247162395,0.011,0.010269881833458058,0.13167166536099914,0.13402452109926039,38.38317904215344,39,28,0,True
8.5,6,0.8,0.905685934711145,0.7029451372021277,170.96876672766479,0.011,0.010312857812002836,0.14566735660458938,0.14436510681673295,36.50411529839859,39,28,0,False
8.5,6,0.8,0.9683916901245526,0.7111630385135609,170.81559800627005,0.011,0.010333498328440322,0.13807699426951592,0.14560079327340555,36.29427345465517,39,28,0,True
8.5,6,0.8,0.9141926945294225,0.6827776784104447,169.7626250635422,0.011,0.01029728456092056,0.13764068575732233,0.13985252553181485,37.2955098813649,39,28,0,True
8.5,6,0.8,0.9210699073506452,0.667639794982033,170.11058483529072,0.011,0.010285043939826075,0.13167203087993426,0.13642217359781125,37.925993123670274,39,28,0,True
8.5,6,0.8,0.8794090258060545,0.6504125309349819,169.531375598051,0.011,0.01026257275815093,0.13286331055750694,0.13309140637808553,38.56554209863888,39,28,0,True
8.5,6,0.8,0.8744815007104294,0.6403199378270223,169.65157261508946,0.011,0.010252643230907231,0.13039577931756438,0.13089102719326579,38.9951379757942,39,28,0,True
8.5,6,0.8,0.9049706717155157,0.6617860945612596,169.85080158925544,0.011,0.010276879336596682,0.13236289052596026,0.13530538033632522,38.136939329760494,39,28,0,True
8.5,6,0.8,0.9136510935973586,0.6790348486586806,169.79179058529365,0.011,0.010293886382266663,0.13651843448614398,0.1390336027122649,37.44417292385279,39,28,0,True
8.5,6,0.8,0.8943358252017031,0.6658878306278961,169.56175651723183,0.011,0.010278825924042136,0.13542715223683435,0.1363301908095171,37.943237722567616,39,28,0,True
8.5,6,0.8,0.8847920685702949,0.6853558910119223,172.4531903451247,0.011,0.010294231144837357,0.14345800441414128,0.1407011259780647,37.14327605120927,39,28,0,False
8.5,6,0.8,0.878377573022316,0.6512133915530094,169.51965618175853,0.011,0.01026317812596395,0.13329550516515154,0.13327780853112733,38.52890875174514,39,28,0,False
8.5,6,0.8,0.9026645757120098,0.6747733443223564,169.605672761818,0.011,0.010288089897293995,0.13694250862322413,0.13821139254993764,37.59507798800882,39,28,0,True
8.5,6,0.8,0.8861096051711455,0.6572479700859504,169.53511669806514,0.011,0.010269740797872975,0.1339782891446808,0.13451650380911084,38.28804500952678,39,28,0,True
8.5,6,0.8,0.9451956669456705,0.6602329600377914,170.81756983344295,0.011,0.010282862207724211,0.12564566404514338,0.13447551026014104,38.29594538009035,39,28,0,True
8.5,6,0.8,0.8907086591815437,0.6478785313931832,169.81281218029434,0.011,0.010261859961784761,0.130188589258294,0.13240278747351064,38.70143486692778,39,28,0,True
8.5,6,0.8,0.9175768247687534,0.678196966761963,169.88291800191536,0.011,0.010293837622468388,0.1356131231682925,0.1388095404689162,37.4851526063295,39,28,0,True
8.5,6,0.8,0.9397018602214964,0.6672322270417614,170.5541986434992,0.011,0.010288250970911864,0.1286585266228486,0.13611214943761163,37.984207674375476,39,28,0,True
8.5,6,0.8,0.8972345699406197,0.6632765169024066,169.65777179565384,0.011,0.010276902518789556,0.13410340698443393,0.13572327548414642,38.057601314273434,39,28,0,True
8.5,6,0.8,0.9093240869492852,0.6538638899247088,170.0878971895321,0.011,0.010270288609959242,0.12913505455768948,0.13350241977745878,38.48490204506125,39,28,0,True
8.5,6,0.8,0.890982309659183,0.6729485338332876,169.84938860531756,0.011,0.010284545245720983,0.13829544350531475,0.13792577115700783,37.64733402210028,39,28,0,False
8.5,6,0.8,0.8957818686872503,0.6709208939226217,169.5183104041792,0.011,0.010283543523590066,0.1368276684898773,0.1374279600678745,37.738924346711336,39,28,0,True
8.5,6,0.8,0.8994414338181075,0.7361412368562267,176.3732483399562,0.011,0.010337694088824114,0.1578915538853985,0.15157788949419768,35.3138673189815,39,28,0,False
8.5,6,0.8,0.89363622573735,0.6403830825270671,170.21894550207978,0.011,0.010255306646439376,0.1273142581904332,0.13062633643567376,39.039910399476184,39,28,0,False
8.5,6,0.8,0.8590139310995238,0.6884287643416319,177.62559559357794,0.011,0.010292743562481358,0.14911852688984628,0.14158852524308574,36.986020220889294,39,28,0,False
8.5,6,0.8,0.8848783217156868,0.6820988811114743,172.0358922536413,0.011,0.01029144469171049,0.14236152914464237,0.13998924241714542,37.270859685605515,39,28,0,False
8.5,6,0.8,0.8948976397922396,0.700521903177268,172.53669819063018,0.011,0.010308734384698353,0.14674045883072498,0.1439291529115411,36.578923060689604,39,28,0,False
8.5,6,0.8,0.9228642477375191,0.6824373298167995,169.9564218566724,0.011,0.010298657630737113,0.13612209879278095,0.13968820719737626,37.32520017976056,39,28,0,True
8.5,6,0.8,0.8979289571042143,0.6623939011887966,169.68968614560688,0.011,0.010276249120563002,0.1337024152996251,0.13551947786187232,38.09623185240846,39,28,0,True
8.5,6,0.8,0.8938602518626508,0.6588003575691593,169.66521959158905,0.011,0.010272331939241349,0.13320492249351448,0.1347719913777989,38.23891475333226,39,28,0,True
8.5,6,0.8,0.9427105174792569,0.6411194713106125,171.80883328397826,0.011,0.010264216008489797,0.12010380078618922,0.1300409566611711,39.13946755882504,39,28,0,False
8.5,6,0.8,0.9247587376657087,0.6773746459163384,170.05690382030792,0.011,0.010294519671669163,0.13419599763230464,0.13855009863548112,37.53276820827956,39,28,0,True
8.5,6,0.8,0.8942658264898637,0.6825135399118006,170.4284000115981,0.011,0.01029338815925457,0.14088560882723278,0.13999209287378536,37.27034625506277,39,28,0,False
8.5,6,0.8,1.05,0.643368038216989,176.18020090118299,0.011,0.010291908044574279,0.10660141923152322,0.12865104946356706,39.378881720417475,39,28,0,False
8.5,6,0.8,0.8959474791634087,0.6500012132174525,169.87968967407502,0.011,0.010264618513587618,0.13002612267571903,0.13280851415136818,38.62133495483308,39,28,0,True
8.5,6,0.8,0.8786446559894043,0.681116553158192,173.04210045560856,0.011,0.01028963183391132,0.1431194893896226,0.13983051610450697,37.29948268575507,39,28,0,False
8.5,6,0.8,0.9798989100294906,0.7264321576575689,171.05721581060854,0.011,0.010348886047138874,0.14111011456007816,0.14888020215399242,35.75131348916223,39,28,0,True
8.5,6,0.8,0.8969237574176148,0.6344451364051754,171.65567027147904,0.011,0.010250216672108063,0.12490460522626087,0.12900732081440566,39.317102292245295,39,28,0,False
8.5,6,0.8,0.8927336514641833,0.6391162450602635,170.47339688197658,0.011,0.010254030219815741,0.12705105072596196,0.13030387641549035,39.09465964343049,39,28,0,False
8.5,6,0.8,0.9207196312542556,0.6376119975818487,171.77330508117566,0.011,0.010256888942017182,0.12226000960419199,0.1294686107458483,39.237534713111835,39,28,0,False
8.5,6,0.8,0.9283946474593178,0.7097513942178423,169.8877280042536,0.011,0.010323107524621131,0.14405541368386454,0.14566259525047304,36.28387119979924,39,28,0,True
8.5,6,0.8,0.8968699280543334,0.6715172921070539,169.5292790045796,0.011,0.010284222137765864,0.136842630768102,0.1375497410948667,37.71645777484109,39,28,0,True
8.5,6,0.8,0.92483938767308,0.7019561363654898,169.84710907322807,0.011,0.010315906069258021,0.14210789953670727,0.14397997492084655,36.57020125616348,39,28,0,True
8.5,6,0.8,0.886360116220916,0.7341800790006887,178.44935675471476,0.011,0.010333515903611291,0.15965813346233448,0.15126476409027667,35.3682068342145,39,28,0,False
8.5,6,0.8,0.869988210327278,0.6797661831764723,174.4630809392084,0.011,0.010287105421599867,0.1441981276798616,0.1396154456899346,37.33836950949087,39,28,0,False
8.5,6,0.8,0.8950533794353078,0.6878560521802936,170.9484261746574,0.011,0.010298183063476794,0.14250965679309102,0.141153428909192,37.06287846800648,39,28,0,False
8.5,6,0.8,0.8871040045711536,0.6534351816908802,169.62422536442324,0.011,0.01026640992753079,0.13257474852268822,0.13366772935900761,38.45260832496365,39,28,0,True
8.5,6,0.8,0.890889570587096,0.6379223280655132,170.6775904636882,0.011,0.010252653902001571,0.12696234486629407,0.13001664150142903,39.14361910001878,39,28,0,False
8.5,6,0.8,0.905782704241722,0.6791762332738682,169.62092374132476,0.011,0.010292549884587046,0.13785773902498602,0.13914581851418126,37.42369876449283,39,28,0,True
8.5,6,0.8,0.8882076611431892,0.6647035859972085,169.4517365348226,0.011,0.010276747198725107,0.13606297262167613,0.136135916037941,37.97973561012978,39,28,0,True
8.5,6,0.8,0.8862834752773158,0.6908932518968018,172.87134343704946,0.011,0.010299202415918618,0.1450399295733215,0.14189800292979682,36.931636357494384,39,28,0,False
8.5,6,0.8,0.8927427182022921,0.6559167051520678,169.69012399732432,0.011,0.010269494047421049,0.13245581625138958,0.13415048768045695,38.358754797039374,39,28,0,True
8.5,6,0.8,0.9208235146122785,0.7121230894712496,169.72133299562307,0.011,0.010323458973134966,0.14610296844097273,0.14624685546160937,36.185867630051696,39,28,0,True
8.5,6,0.8,0.8857440899704403,0.669392516010324,170.3497867837264,0.011,0.010280562849038357,0.13801349507893637,0.13719423309917886,37.782153603737456,39,28,0,False
8.5,6,0.8,0.8738789125006469,0.6241347927454546,173.269295211788,0.011,0.010237617648479956,0.12526175052836508,0.12664967602498822,39.72995886461295,39,29,0,False
8.5,6,0.8,0.8809884884517839,0.6485395753527734,169.6018782941085,0.011,0.010261092417204656,0.1319912811621051,0.1326627555967743,38.65017482925713,39,29,0,True
8.5,6,0.8,0.89068540035518,0.6604453474086462,169.57018881823993,0.011,0.010273308802171486,0.1342621591727454,0.1351704842294843,38.16265366626841,39,29,0,True
8.5,6,0.8,0.8465583052323745,0.6813543308705046,179.15716629914553,0.011,0.010285075471520504,0.14901800301597626,0.140158818738871,37.240351361915714,39,29,0,False
8.5,6,0.8,0.8968374407995547,0.6701649353463603,169.54851711338722,0.011,0.010283030601541582,0.13640648981173206,0.13725020004745614,37.77178890354377,39,29,0,True
8.5,6,0.8,0.8954884089849392,0.6990053696048439,172.24623677033244,0.011,0.010307627096469653,0.1461305037702285,0.14359182374839569,36.63696904314452,39,29,0,False
8.5,6,0.8,0.886406197977707,0.7210060580401081,176.696332710211,0.011,0.0103235893540173,0.15515365656965213,0.1484315312822747,35.824423267343306,39,29,0,False
8.5,6,0.8,0.9361002548549203,0.6645310789094704,170.50770377287873,0.011,0.010284993385023483,0.12836119970353094,0.13555291063410424,38.089886642401815,39,29,0,True
8.5,6,0.8,0.9293740037429944,0.6832313234722994,170.08897200116294,0.011,0.010300596265079127,0.1353366631051231,0.1397974456844151,37.305454391424945,39,29,0,True
8.5,6,0.8,0.8771725077473499,0.6609023554931713,170.87101324621412,0.011,0.010271685956304207,0.13667740066882084,0.1354169967702107,38.11570115170775,39,29,0,False
8.5,6,0.8,0.8816626280308144,0.6645822331954425,170.50010542314504,0.011,0.010275603938253424,0.1371268924779061,0.13617926176805586,37.97158340913901,39,29,0,False
8.5,6,0.8,0.8733945301576648,0.6659055166259779,172.15122597725116,0.011,0.010275598753114682,0.1389765613616945,0.136553381794747,37.901434551117326,39,29,0,False
8.5,6,0.8,0.8621668385225699,0.6582317459503031,173.3078600485152,0.011,0.010267274251251228,0.1383772382686695,0.13498807719065034,38.1975059868012,39,29,0,False
8.5,6,0.8,0.8864073071628742,0.6652635776405383,169.7411672980867,0.011,0.010276947100271008,0.13654909584592492,0.1362790961437195,37.9528267383852,39,29,0,False
8.5,6,0.8,0.8851412302743399,0.6324994029970917,171.70442017393873,0.011,0.010246786239652894,0.12614300725485136,0.12867675351874727,39.37441491752937,39,29,0,False
8.5,6,0.8,0.894307033319374,0.6626987663455686,169.60551324896642,0.011,0.01027589809595417,0.13439758972174437,0.13562823185697942,38.07560280776333,39,29,0,True
8.5,6,0.8,0.8727126274033641,0.6486739946661157,170.23764337450464,0.011,0.010260092009179659,0.1334142381246944,0.13278661949773177,38.62566299987175,39,29,0,False
8.5,6,0.8,0.8858564524906009,0.6601038514493093,169.4826677180956,0.011,0.010272300571065264,0.13495096493470712,0.1351467729953857,38.16717885460634,39,29,0,True
8.5,6,0.8,0.8935838772993454,0.6730436792816017,169.44588063945196,0.011,0.01028505569861203,0.13788897309582063,0.13792038360709688,37.64832175869889,39,29,0,True
8.5,6,0.8,0.8852053761956993,0.6691353682986793,170.41104563733825,0.011,0.010280208099111779,0.13802229319996898,0.13714456264853128,37.7913592471967,39,29,0,False
8.5,6,0.8,0.8565510497843272,0.6400103211792264,172.22841125162276,0.011,0.010250274623666185,0.13330653583064378,0.13105932892108008,38.96674828878979,39,29,0,False
8.5,6,0.8,0.9126285611737004,0.6674233775798323,169.9200018864424,0.011,0.01028325851926247,0.1329468080400602,0.1364716960797461,37.916718374228644,39,29,0,True
8.5,6,0.8,0.8955072306222042,0.6806932470538879,169.99636308407378,0.011,0.010292090599767593,0.1400729362495752,0.13957910655897388,37.34495175927221,39,29,0,False
8.5,6,0.8,0.8631392393945267,0.6522992925501284,172.42108869881199,0.011,0.010262137250110746,0.13623757592845745,0.13368281274157562,38.449665711525924,39,29,0,False
8.5,6,0.8,0.8810025900358156,0.6512557716084949,169.54792850149025,0.011,0.010263581618548163,0.1328725953238807,0.13325747196120727,38.53290048985165,39,29,0,True
8.5,6,0.8,0.9007069087607465,0.6697847206987293,169.6329586833221,0.011,0.010283335176314863,0.13564360558264948,0.13712524298932072,37.79494162775621,39,29,0,True
8.5,6,0.8,0.8372409178564373,0.7106181814841801,184.88740580692377,0.011,0.01030723242625637,0.16100200273600704,0.14650271561835043,36.14306462646877,39,29,0,False
8.5,6,0.8,0.9122055769886238,0.6094197850245902,178.3316614519991,0.011,0.010228496145234153,0.11478542609615551,0.12212189385479531,40.559065488746654,39,29,0,False
8.5,6,0.8,0.8645876261347185,0.7055130304063202,178.75408255620036,0.011,0.010307499249351171,0.15392281272557423,0.1452385435174979,36.35542250215064,39,29,0,False
8.5,6,0.8,0.8856055068775596,0.6842791037976755,172.1770336043988,0.011,0.01029347100386391,0.14295738561151666,0.1404576042258672,37.18677534438047,39,29,0,False
8.5,6,0.8,0.8961306027716838,0.6360532883717455,171.26415635274716,0.011,0.010251606700632658,0.12554007415496088,0.12944468974029996,39.24164917263106,39,29,0,False
8.5,6,0.8,0.854929975951302,0.6230744943855692,174.73214354679249,0.011,0.010234635105080448,0.12802134244337818,0.12666462066380152,39.727303909440785,39,29,0,False
8.5,6,0.8,0.8816909793665506,0.659524688677715,169.90260246856812,0.011,0.010271131432018793,0.1354602768267687,0.1350655179438593,38.18269802386269,39,29,0,False
8.5,6,0.8,0.8861883716123746,0.6972960794046078,173.6864532629603,0.011,0.010304527905421721,0.1471963034227732,0.14329654375525658,36.68800218506751,39,29,0,False
8.5,6,0.8,0.9459124992560962,0.6978489374846336,170.34479182936124,0.011,0.0103168975258972,0.1373771973321012,0.14287186721976522,36.761766524555554,39,29,0,True
8.5,6,0.8,0.9153746958343643,0.6428457821785621,170.47207751408604,0.011,0.010260986633472254,0.12470778071954527,0.13094636517069613,38.985796662562585,39,29,0,True
8.5,6,0.8,0.8913595335776708,0.7036958167982694,173.56744853359137,0.011,0.010310712572170847,0.1484225613656029,0.14464726868697453,36.45588521483625,39,29,0,False
8.5,6,0.8,1.0155612425436318,0.6528179550595196,173.00845477313814,0.011,0.01029189587802013,0.11363397905208983,0.13180175241995246,38.82040551213427,39,29,0,True
8.5,6,0.8,0.8752664832941934,0.6700966192482747,172.31212896093672,0.011,0.010279572474513556,0.14004190988758922,0.13745467527548594,37.73399246463678,39,29,0,False
8.5,6,0.8,0.8925711163900137,0.6558238160066452,169.6877363118501,0.011,0.010269377267821232,0.13245404915105977,0.1341321753613062,38.362302615529174,39,29,0,True
8.5,6,0.8,0.9035042241557616,0.6583386838296303,169.8771914309552,0.011,0.010273463898710382,0.13149168937546288,0.13456019840721908,38.27962936659777,39,29,0,True
8.5,6,0.8,0.8875514713357913,0.6552944566465985,169.59324983039375,0.011,0.010268118978847569,0.13310713949700914,0.13407306839778485,38.3737605600091,39,29,0,True
8.5,6,0.8,0.9047883659780471,0.7190485667854795,173.15883625236123,0.011,0.010325672059359721,0.15117633463793406,0.14788193732618152,35.914579149714314,39,29,0,False
8.5,6,0.8,0.917823167559172,0.6956817801721626,169.7242832066479,0.011,0.010309076052998507,0.14123516886858611,0.1426682193186515,36.79729418080857,39,29,0,True
8.5,6,0.8,0.9282532541819241,0.7140535061370671,169.87195236458578,0.011,0.010326585615000992,0.14548278840549272,0.1466086865398683,36.1253801817272,39,29,0,True
8.5,6,0.8,0.8974647505480173,0.6641506620745647,169.6524750286417,0.011,0.01027776780489065,0.13434722849674602,0.13591256835180227,38.02182327911571,39,29,0,True
8.5,6,0.8,0.880793431673701,0.6616975627945402,170.31815411202686,0.011,0.01027294533834702,0.13632417992819754,0.1355526204067363,38.08994171130756,39,29,0,False
8.5,6,0.8,0.911530172592939,0.5582066949393608,193.78296441994067,0.011,0.010179624360441309,0.09947880117871204,0.10852748290840626,43.34491230040889,39,29,0,False
8.5,6,0.8,0.9263823417285476,0.6336712545032699,172.90069017075422,0.011,0.010254121975199456,0.1201915940247708,0.12832284559048895,39.43592490222315,39,29,0,False
8.5,6,0.8,0.89937497114397,0.6913782433858625,170.62609600835503,0.011,0.010301950216032375,0.1429323306341758,0.14188765333914433,36.93345127168526,39,29,0,False
8.5,6,0.8,0.8917487429458784,0.6703044925298831,169.4428308489781,0.011,0.010282308685194818,0.1373013719017361,0.13733447667233178,37.756197213597325,39,29,0,True
8.5,6,0.8,0.8986404516229811,0.6544963294995657,169.84030423237436,0.011,0.010269110399506487,0.13104090712776878,0.13376959298935717,38.4327486442704,39,29,0,True
8.5,6,0.8,0.8955348150428929,0.6430573141942492,170.0217330811773,0.011,0.010258082282760133,0.12786748915361842,0.13127529919725545,38.92544720794181,39,29,0,True
8.5,6,0.8,0.880474462087137,0.6693057861139411,171.27536587728358,0.011,0.010279641480644296,0.13888397354338095,0.13722962120364202,37.77559899365498,39,29,0,False
8.5,6,0.8,0.8873109736154791,0.6835451173024454,171.78487067977954,0.011,0.010293152572509309,0.14241700642523858,0.14028068113904726,37.21847249857459,39,29,0,False
8.5,6,0.8,0.8926602137998388,0.6672861988904006,169.50155105145507,0.011,0.010279750808122249,0.13616371055304363,0.13665887493887277,37.88172303096606,39,29,0,True
8.5,6,0.8,0.9233065281598918,0.6524896496966326,170.44031616125844,0.011,0.010271453335201583,0.1265270422464963,0.13302466972441307,38.578682710549984,39,29,0,True
8.5,6,0.8,0.8859690530183927,0.6572552731893392,169.53225479755264,0.011,0.01026972729169355,0.13400395526709594,0.13451963789928426,38.28744119789882,39,29,0,True
8.5,6,0.8,0.8736868941744319,0.6468887782848877,169.85430064193739,0.011,0.010258585899835075,0.1326673094000649,0.13238406123636567,38.7051268288137,39,30,0,False
8.5,6,0.8,0.8740515537044624,0.6868978485312643,174.59708897725494,0.011,0.010293768728350725,0.14586965063264393,0.1411322896534169,37.066624613834556,39,30,0,False
8.5,6,0.8,0.8914897381091017,0.663582486955887,169.53782364085342,0.011,0.01027628546788692,0.1351489853198839,0.1358525388810964,38.03315866287358,39,30,0,True
8.5,6,0.8,0.8734078805426388,0.6454511579208518,169.73789544683254,0.011,0.01025721370371573,0.13224537549607307,0.1320714065355912,38.766921734235346,39,30,0,False
8.5,6,0.8,0.8975833150613955,0.6867186573502656,170.3680704857927,0.011,0.010297645592412672,0.14170277394698938,0.14088098601737264,37.11124427257992,39,30,0,False
8.5,6,0.8,0.8980093621330587,0.6491302689600069,169.9418685402735,0.011,0.010264127805742703,0.1294161946076319,0.13259213222099023,38.664162860457004,39,30,0,True
8.5,6,0.8,0.8632935099059537,0.6692810774054356,174.42507359125014,0.011,0.010277115505739606,0.14187024356756262,0.13739265564598174,37.745444789629765,39,30,0,False
8.5,6,0.8,0.8580516753390641,0.6585704563071726,174.12525639870825,0.011,0.01026707653207423,0.13921036600994563,0.13510291779704453,38.17555259644555,39,30,0,False
8.5,6,0.8,0.8799184355605015,0.6769248695224613,172.295051680466,0.011,0.01028622554505372,0.1415022350109657,0.13890529691571876,37.46762317459267,39,30,0,False
8.5,6,0.8,0.8887374758207524,0.6616080680442299,169.5152142603349,0.011,0.010274092640683737,0.1349620497538976,0.13544668503289156,38.11005797986173,39,30,0,True
8.5,6,0.8,0.8921149931523488,0.6777849723745629,170.22894528803823,0.011,0.010288918377164748,0.13969498138067976,0.13897762443690453,37.45439867647201,39,30,0,False
8.5,6,0.8,0.9016116345494917,0.6735210021780152,169.59864842773115,0.011,0.010286786959749186,0.136709776468715,0.13794490783125246,37.64382618012503,39,30,0,True
8.5,6,0.8,0.8652289580949933,0.6523227350437256,172.03642297115468,0.011,0.010262422403125365,0.13588578025811066,0.1336654957236559,38.45304414070592,39,30,0,False
8.5,6,0.8,0.8873962238986205,0.6749591391561265,170.7197495285899,0.011,0.01028572895253798,0.13956451070727638,0.13840422402402985,37.55961897053726,39,30,0,False
8.5,6,0.8,0.8961929767150997,0.6749329748915102,169.4713451630494,0.011,0.010287122442153221,0.13807138517327994,0.13831269002309224,37.57649627551691,39,30,0,True
8.5,6,0.8,0.895476671354788,0.6672708894921493,169.55830448065146,0.011,0.010280187408216965,0.13569130029363732,0.13662579286015034,37.88790121009404,39,30,0,True
8.5,6,0.8,0.9074154290737928,0.6629227870797396,169.87616019119545,0.011,0.01027824366962817,0.1323389012700597,0.135532365544674,38.093785529041014,39,30,0,True
8.5,6,0.8,0.8973934426802695,0.6828953701613029,169.93691100610081,0.011,0.010294329828475874,0.14047693037867579,0.14004359667879182,37.261072857479476,39,30,0,False
8.5,6,0.8,0.8670945054042799,0.675102141017862,174.42363643461525,0.011,0.010282695868112793,0.14314692437755855,0.13862840983570002,37.518376939645115,39,30,0,False
8.5,6,0.8,0.8921410576058282,0.6710406738669275,169.44404154754943,0.011,0.01028305777567883,0.13747496261888548,0.1374919459743575,37.72711510514682,39,30,0,True
8.5,6,0.8,0.8913192377586505,0.6688034546890262,169.4574406253423,0.011,0.010280932303776105,0.136881102754395,0.13700645625256455,37.81698983854599,39,30,0,True
8.5,6,0.8,0.8977783297333252,0.6721986360973892,169.54120716139136,0.011,0.010285003650403565,0.13691260871835134,0.13769027277557666,37.690580857546706,39,30,0,True
8.5,6,0.8,0.8984302368295545,0.690980944084207,170.73954286697622,0.011,0.01030141914601499,0.142964000399913,0.14180970577469282,36.94712865983801,39,30,0,False
8.5,6,0.8,0.8473025929593468,0.6532143108939209,175.53411991438333,0.011,0.010260989124547674,0.1393250427739923,0.13404959271863542,38.378314140201915,39,30,0,False
8.5,6,0.8,0.8958985269158237,0.6490294439850813,169.89888042546264,0.011,0.010263711277706018,0.1297219156447836,0.13259525629527866,38.6635487809169,39,30,0,True
8.5,6,0.8,0.8895424807154101,0.67021957777104,169.77892180012,0.011,0.01028189666273418,0.13764339294124142,0.13733779849899866,37.75558304321635,39,30,0,False
8.5,6,0.8,0.9001022313414325,0.6199201973750574,175.1989484805739,0.011,0.010236913591483729,0.11983586740542462,0.12511128001425917,40.00608900150997,39,30,0,False
8.5,6,0.8,0.9047410857091644,0.7733050564624158,181.2351857233396,0.011,0.010364594692108417,0.16959947583900897,0.15881011993952782,34.115142889760506,39,30,0,False
8.5,6,0.8,0.9750147633742591,0.6861324127825927,171.18917138332606,0.011,0.010313311341385082,0.12925865218987515,0.13992976270457377,37.28157805006013,39,30,0,True
8.5,6,0.8,0.8922748501239641,0.6549603088662359,169.70418167892996,0.011,0.010268608880768613,0.1322200843316951,0.13394317267180367,38.39897641758561,39,30,0,True
8.5,6,0.8,0.8937355301613069,0.6558140692940824,169.7115100645134,0.011,0.010269542505441919,0.1322610870005439,0.13411694178311273,38.36525469661793,39,30,0,True
8.5,6,0.8,0.8694871311217535,0.666231060775031,172.90444353538248,0.011,0.010275302691039932,0.13976370032508834,0.1366647441999093,37.8806272381457,39,30,0,False
8.5,6,0.8,0.8880860913541073,0.6676373188630605,169.72585266882848,0.011,0.010279325871013763,0.1370444102929499,0.13678471233824363,37.85824956716708,39,30,0,False
8.5,6,0.8,0.8885093699693355,0.6654556614643319,169.45024672697033,0.011,0.01027750592196948,0.13625656260592942,0.1362971371064178,37.949440148335704,39,30,0,True
8.5,6,0.8,0.8707368404346519,0.7181992337604945,179.2488917818642,0.011,0.01031851439549237,0.15711958085867986,0.1479278881226999,35.90701580987125,39,30,0,False
8.5,6,0.8,0.8714567353324693,0.6477000035489312,170.35083134823947,0.011,0.010259044212861581,0.1333062634442471,0.1325879440234098,38.66498615305053,39,30,0,False
8.5,6,0.8,0.8861908148615459,0.6692787548120537,170.25956867750781,0.011,0.010280558068933741,0.13789924418421798,0.1371636714117408,37.787816954940126,39,30,0,False
8.5,6,0.8,0.8208579518916468,0.6886233624114693,185.3917494159299,0.011,0.010287801953683043,0.1565274414389281,0.1419094766967066,36.92962461305994,39,30,0,False
8.5,6,0.8,0.8894976296270887,0.6597292505904061,169.56004976812116,0.011,0.0102724968788889,0.1342248014795899,0.13502515947147878,38.19041312781486,39,30,0,True
8.5,6,0.8,0.8990082032666316,0.6572933325409492,169.799297534361,0.011,0.010271768753747667,0.1318803509709074,0.13438128997875715,38.31412193336427,39,30,0,True
8.5,6,0.8,0.8431330006432213,0.640226714381989,174.80376358133802,0.011,0.010249030219222733,0.13571042439932265,0.13126909770082207,38.92668956796976,39,30,0,False
8.5,6,0.8,0.8850061891716681,0.6682900323216957,170.34597595496393,0.011,0.010279424569609773,0.13777835603784,0.13696042939035513,37.82554314189336,39,30,0,False
8.5,6,0.8,0.9236405060807372,0.7044600731518262,169.80551409805474,0.011,0.010317715973506026,0.1431238390716514,0.14454191057553645,36.47387222438355,39,30,0,True
8.5,6,0.8,0.8782649295070579,0.712763995521765,177.12105449851126,0.011,0.010315658088116065,0.1538509719555998,0.146707461680524,36.10891943166861,39,30,0,False
8.5,6,0.8,0.8824470368378059,0.6656768470685628,170.4898075283953,0.011,0.010276695715961728,0.13735381391655493,0.13641194915151902,37.92790882648985,39,30,0,False
8.5,6,0.8,0.8889666526363097,0.6637408989958123,169.48543316462877,0.011,0.010276040863384905,0.13561992842147777,0.13591431161961062,38.02149424584763,39,30,0,True
8.5,6,0.8,0.9007427462229954,0.678508306900941,169.52485468370267,0.011,0.010291076364997584,0.1384776264689557,0.1390494551082423,37.44127860132009,39,30,0,True
8.5,6,0.8,0.9116399879147853,0.610206983404513,178.09248044272366,0.011,0.010229099650848984,0.11511269826722699,0.12234405109605077,40.517343421513225,39,30,0,False
8.5,6,0.8,0.9351652560654087,0.6940163696444431,170.12069176681493,0.011,0.010311225868954882,0.1378653299595629,0.14213000471463025,36.891020981900034,39,30,0,True
8.5,6,0.8,0.8996683859849097,0.6878236333187536,170.13936485031786,0.011,0.010298937983939018,0.14171307683920342,0.1411052017343922,37.0714265662258,39,30,0,False
8.5,6,0.8,0.8940711121332408,0.6787391479493845,170.00614717168213,0.011,0.010290112742433697,0.1396755869855985,0.13916622920097838,37.41997830227289,39,30,0,False
8.5,6,0.8,0.8846325747776764,0.6662109255527068,170.1660398392287,0.011,0.010277516216860223,0.13715885454961388,0.13650640429754027,37.910222070280255,39,30,0,False
8.5,6,0.8,0.8723776117823381,0.6752303417203955,173.46060951116644,0.011,0.010283594305214583,0.14225571955372585,0.13860736488488976,37.522242780585344,39,30,0,False
8.5,6,0.8,0.8943685949669292,0.6707104181026071,169.48905252801887,0.011,0.010283087692687386,0.1369962187706585,0.13739736497880786,37.74457482213727,39,30,0,True
8.5,6,0.8,0.8854309883515655,0.6451924888368122,169.76097619943323,0.011,0.010258610697685272,0.1301791030203483,0.1318718787616475,38.806476325066555,39,30,0,True
8.5,6,0.8,0.8921425938557632,0.6767870436809074,170.10393312123142,0.011,0.010288064631577824,0.13936162287118709,0.13875864749595995,37.49447903282583,39,30,0,False
8.5,6,0.8,0.88421164882295,0.6611825180679026,169.65150106157685,0.011,0.010272999355710551,0.13557970797640326,0.1354026621758692,38.11842676492625,39,30,0,False
8.5,6,0.8,0.8893563440849152,0.6581422551707503,169.58117562980027,0.011,0.010271004120427514,0.13373359133854398,0.1346784733896353,38.25687672223372,39,30,0,True
8.5,7,0.8,1.05,0.7616584391309187,181.39619519532883,0.009749999999999998,0.010086387920501694,0.14549531705330968,0.1586566096196648,34.13957586123545,39,1,0,False
8.5,7,0.7198287845738189,0.8555533708068948,0.8786312477294781,287.3363971612249,0.009749999999999998,0.010587528744627093,0.23462968150588956,0.1614354027437928,33.70890087986221,39,1,0,False
8.5,7,0.7969326894915127,1.05,1.0647714069105285,219.9733170709115,0.009749999999999998,0.010110991486979764,0.24607655941961365,0.20784989953399638,27.30883783352595,39,1,0,False
8.5,7,0.6958434587968266,0.8013450139839,0.6607436236673492,302.9387759952303,0.009749999999999998,0.010627448244978,0.16465164725709475,0.11486074419015208,41.996567171159846,39,1,0,False
8.5,7,0.6877277425965658,1.015527125397954,0.8577040002819902,277.699037813848,0.009749999999999998,0.010876574721643717,0.1939197333370031,0.14984196130915295,35.60244042739057,39,1,0,False
8.5,7,0.7808835085922119,1.05,0.8872420059769556,198.9445085291896,0.009749999999999998,0.010249573863792093,0.18778654294952699,0.17771218801912744,31.265552885208606,39,1,0,False
8.5,7,0.8,0.8211703925784434,0.5,212.1193915543073,0.009749999999999998,0.009818485334881092,0.09724407851233345,0.09766732418860108,45.89221616222004,39,1,0,False
8.5,7,0.7972953399755904,1.05,0.9497341753518771,199.22425646970677,0.009749999999999998,0.01014765576165098,0.20687080919521939,0.19133832916165772,29.359252682723977,39,1,0,False
8.5,7,0.7890988281503089,0.9157449223859513,0.8814695437023616,214.7661668003359,0.009749999999999998,0.010151405144029695,0.21250423797363205,0.17877163014552624,31.106677084007444,39,1,0,False
8.5,7,0.6709212765994204,1.05,0.7306017707662683,275.5483397178117,0.009749999999999998,0.010940359696475232,0.14630306961115866,0.12114576075108495,40.75023777299196,39,1,0,False
8.5,7,0.7847803193311068,0.9134314210231006,1.142031616437854,275.1638609516955,0.009749999999999998,0.010103072823591542,0.31410642779093484,0.21413864647408118,26.59775618956056,39,1,0,False
8.5,7,0.7779401080583058,1.05,0.8981427090909042,202.90167406852473,0.009749999999999998,0.010269203929386666,0.19172274171765183,0.17878552420193367,31.105344419327572,39,1,0,False
8.5,7,0.8,0.820402831876937,0.7472541419687424,202.73087160755566,0.009749999999999998,0.010018969440770117,0.18272970625936166,0.15701173200719346,34.40463639273499,39,1,0,False
8.5,7,0.7813199657562561,0.9838694285622169,0.8570125746835598,203.10396302853027,0.009749999999999998,0.010216961074553775,0.19011203340863211,0.17311680274293428,31.969334300380297,39,1,0,False
8.5,7,0.5548983707931427,0.9334949225252729,0.9658067317848243,569.533986591848,0.009749999999999998,0.01207828939209928,0.2693896693230795,0.12581394101713503,39.8916156090997,39,1,0,False
8.5,7,0.8,0.7644322179546349,0.8774100369174999,241.95674567493666,0.009749999999999998,0.010046538660810901,0.2498917419271597,0.1799361364872582,30.934585079231407,39,1,0,False
8.5,7,0.707227961371027,0.8981779787470896,0.6304025512181864,265.41589460587767,0.009749999999999998,0.010524432535028615,0.1343483466629652,0.10998462767977686,43.037041783499426,39,1,0,False
8.5,7,0.7643499839698745,0.7999511336122813,0.9785026694111483,285.4479145399238,0.009749999999999998,0.010271581452471664,0.2867413897241104,0.18677985141739606,29.972357308429114,39,1,0,False
8.5,7,0.7445345262031955,1.05,0.7842948908314464,206.91555259662044,0.009749999999999998,0.010448909779983254,0.157507387332615,0.15070735688283826,35.460828069300995,39,1,0,False
8.5,7,0.7865231963939849,0.7335737552847326,0.9618151793177738,282.9893720498377,0.009749999999999998,0.01011879628688855,0.29953277435166187,0.18908784526029032,29.658915282718112,39,1,0,False
8.5,7,0.7880716963864405,0.5481440975848925,1.0126658782070863,387.13188706379947,0.009749999999999998,0.010060010411257439,0.4185081009230652,0.19290003746632853,29.157531397250676,39,1,0,False
8.5,7,0.7820707866848496,0.4607549007233907,0.9838738573834026,454.2755171291398,0.009749999999999998,0.01008983018152325,0.4705509965451708,0.185586226968808,30.134376454526286,39,1,0,False
8.5,7,0.7050818126927734,0.7295239572390269,1.0330493208171692,396.26974334073844,0.009749999999999998,0.01064622956597951,0.34720215150241623,0.1778129000753024,31.255305019407086,39,1,0,False
8.5,7,0.7354812948697285,0.681153678914812,0.8798565420306507,332.8858403689428,0.009749999999999998,0.010435708298705017,0.2893506361334957,0.16429625662819217,33.27173795140718,39,1,0,False
8.5,7,0.8,1.05,0.958850392382867,199.02635515844494,0.009749999999999998,0.010129906419739753,0.20962267743522894,0.19339390289982342,29.093543404461425,39,1,0,False
8.5,7,0.7236293959748662,0.9424956451088713,0.8804872065591726,262.23678705417024,0.009749999999999998,0.010589674481374347,0.2136303764580558,0.16292442803299534,33.48021729761939,39,1,0,False
8.5,7,0.8,0.7498703704762202,0.8753466444721482,245.7616347927077,0.009749999999999998,0.01004330522314109,0.2536157409456713,0.17951524972485108,30.99620864153168,39,1,0,False
8.5,7,0.7866873526608431,0.700241750139593,0.7445557124423415,245.22116576455514,0.009749999999999998,0.010082149948777283,0.21451385542458637,0.1536030623132511,34.96826960098251,39,1,0,False
8.5,7,0.7217830573094551,0.9898205507040959,0.8695576474709901,251.86155546647345,0.009749999999999998,0.010617756987007744,0.19968893366254717,0.16060593528329456,33.8377535532098,39,1,0,False
8.5,7,0.7640937035696082,0.9753863023684473,0.9888084318651433,243.74411579123682,0.009749999999999998,0.010323892516262805,0.2411084679115999,0.18920166471126673,29.645119585716508,39,1,0,False
8.5,7,0.8,0.8844488532101717,0.8002330527948162,198.258240935383,0.009749999999999998,0.01005602848731444,0.18831090987032476,0.16721296853692189,32.836190646267006,39,1,0,False
8.5,7,0.8,0.8467071557596719,1.2864898677136778,321.09462105448563,0.009749999999999998,0.009870703345108997,0.39529626754203157,0.23245392476309076,24.593991906166583,39,1,0,False
8.5,7,0.7076817536742951,0.8015836029025283,0.7168380604645118,282.47993562726435,0.009749999999999998,0.010588252159372397,0.18509649860934613,0.12992128305331813,39.16468560293774,39,1,0,False
8.5,7,0.8,1.0237839387634748,0.5,222.29049954570496,0.009749999999999998,0.009781884231089206,0.0732333181872071,0.0914746341238596,47.37624624222671,39,1,0,False
8.5,7,0.673761737728971,1.05,0.7577000485857469,269.823363569587,0.009749999999999998,0.010942643087379857,0.15495613852288714,0.1277260892330191,39.546511057705935,39,1,0,False
8.5,7,0.7072784992950306,0.9865440487731265,1.09465011735908,320.57225383384935,0.009749999999999998,0.010679019169519782,0.2853418611546542,0.1882539123153006,29.776169590283097,39,1,0,False
8.5,7,0.8,0.5635868043960646,0.9900070558138648,356.27606074465774,0.009749999999999998,0.009998966348637263,0.39351849562453567,0.19329334949631327,29.106370165075813,39,1,0,False
8.5,7,0.8,0.6980346627007545,0.9232031542044651,274.1995334854977,0.009749999999999998,0.010033987141585203,0.2933592152302775,0.18625703709788574,30.041118675791076,39,1,0,False
8.5,7,0.7875968172301241,1.0032488384308964,0.7398689055186831,182.83889273556744,0.009749999999999998,0.010130238228796076,0.146866903585898,0.15196013292363694,35.24843567928875,39,1,0,False
8.5,7,0.7336073899916754,0.8548275334739291,1.03075316821375,312.5963929901123,0.009749999999999998,0.010479726966654645,0.29545487303836193,0.18649888585650418,30.012616881062097,39,1,0,False
8.5,7,0.8,0.9188710920234207,0.8798202564207444,206.42329077189052,0.009749999999999998,0.010086369137063188,0.20990823182475873,0.18091686301452053,30.792367479226037,39,1,0,False
8.5,7,0.8,1.05,0.7854445780381116,181.68105100304842,0.009749999999999998,0.010100117304074896,0.15295637214625712,0.1635196882075555,33.385117124219285,39,1,0,False
8.5,7,0.8,0.9696004478736344,0.887458622099471,198.88287626739876,0.009749999999999998,0.010103385273683312,0.20161274316056185,0.18216869566162391,30.613573998005837,39,1,0,False
8.5,7,0.8,1.05,0.8507106512662034,182.5409175761265,0.009749999999999998,0.0101254465617753,0.17385463005860158,0.17585008467083776,31.54664412651551,39,1,0,False
8.5,7,0.7126545887478056,0.8890777604784035,1.0526614561022487,331.04196879434824,0.009749999999999998,0.010630931885060412,0.29673611345309814,0.18404352059051451,30.353838989509814,39,1,0,False
8.5,7,0.7745917005372597,0.9938352516501247,0.8759057234143127,209.6942807654727,0.009749999999999998,0.010266541981987882,0.19541309710828425,0.17466191002649054,31.72949732258705,39,1,0,False
8.5,7,0.7361318070090103,1.05,0.6303756117829993,214.30183852332453,0.009749999999999998,0.010354770662710695,0.11030408770929036,0.11413745790136363,42.14539648501927,39,1,0,False
8.5,7,0.8,0.8330480130341213,0.8080034867126199,210.27203259329679,0.009749999999999998,0.010046728489720972,0.20294269606049656,0.16870302871052656,32.62029326427692,39,1,0,False
8.5,7,0.8,0.8837146400088216,0.8297558346536299,203.50798154510466,0.009749999999999998,0.01006574910899965,0.19935575621272922,0.17269774314207792,32.034235036914225,39,1,0,False
8.5,7,0.7069004023193997,0.899120600495518,0.9578879509620026,307.90426855960584,0.009749999999999998,0.01069927314330242,0.25627440686008435,0.1704932235613215,32.37213835937454,39,1,0,False
8.5,7,0.7297043811186782,0.9210062907701833,0.7407998510625751,234.1797123194232,0.009749999999999998,0.01047756711574663,0.16664704471664327,0.1392871334197394,37.40177157204371,39,1,0,False
8.5,7,0.7491001445295804,0.9108099221792026,0.9102826014245704,252.6658223426749,0.009749999999999998,0.010407848779397483,0.22931541091846808,0.17410800911311344,31.816644888573357,39,1,0,False
8.5,7,0.7915673541057243,1.05,0.6818161095686164,182.9471362388255,0.009749999999999998,0.010071176607843426,0.12176856733471511,0.13926468916450613,37.40250460209035,39,1,0,False
8.5,7,0.5557849030191895,0.9251368488202693,0.8570147611277273,555.885740986928,0.009749999999999998,0.01204168973419618,0.22748230422881718,0.11045151365008954,42.94455694669785,39,1,0,False
8.5,7,0.6100460264844831,0.8881264997176731,0.8394700509547252,425.324190424503,0.009749999999999998,0.01147497238797036,0.2235090637737702,0.12479693912612469,40.07276246148432,39,1,0,False
8.5,7,0.8,1.011857626425968,1.0214984493421468,216.4481115818673,0.009749999999999998,0.010100256407039742,0.23956440414007255,0.20259173348940257,27.932029318592793,39,1,0,False
8.5,7,0.7341164735371327,0.9140363519004302,0.9524856311027781,275.22601124089675,0.009749999999999998,0.010510435840416107,0.24664245289904738,0.17659271206787838,31.438458167566377,39,1,0,False
8.5,7,0.8,0.943556103476856,0.7229272400245531,177.35880555380365,0.009749999999999998,0.010028646914847707,0.15000936929866834,0.1515813738899473,35.313262702223746,39,1,0,False
8.5,7,0.8,1.05,0.5,224.29575599707337,0.009749999999999998,0.009779576001663046,0.07071199171406557,0.0904542640709275,47.6099403055868,39,2,0,False
8.5,7,0.8,1.05,0.7369724996333737,181.12099710736672,0.009749999999999998,0.010069495848037192,0.13784988923595606,0.15354313465506825,34.97760276094576,39,2,0,False
8.5,7,0.8,1.05,0.7990100300621724,181.85765196767278,0.009749999999999998,0.010106905270236131,0.15724761767289874,0.16625866581475227,32.97665163390237,39,2,0,False
8.5,7,0.7328669480602507,1.05,0.5,262.56686772274514,0.009749999999999998,0.010165608522629268,0.07387764002939494,0.07695522797167115,51.00998201940846,39,2,0,False
8.5,7,0.7327746070706348,1.003912948659163,0.6664914874832919,212.59566431170504,0.009749999999999998,0.010410469283661513,0.1277898081794177,0.12301794284832843,40.394452014967975,39,2,0,False
8.5,7,0.8,1.05,0.7052773752841645,180.8164463394225,0.009749999999999998,0.010043841492054789,0.12818733739685106,0.1464874506743219,36.145614138352016,39,2,0,False
8.5,7,0.8,1.05,0.5,224.29575599707337,0.009749999999999998,0.009779576001663046,0.07071199171406557,0.0904542640709275,47.6099403055868,39,2,0,False
8.5,7,0.8,1.05,0.5303156870743871,211.42952726830515,0.009749999999999998,0.009826070437246285,0.07856231837607296,0.09998582297709327,45.312589667341946,39,2,0,False
8.5,7,0.8,0.9673186333549091,0.8722891360622036,196.48988259083083,0.009749999999999998,0.010100538314326475,0.1967518012026415,0.17968340698827306,30.971545237144174,39,2,0,False
8.5,7,0.8,1.05,0.5595435163548947,201.215004209849,0.009749999999999998,0.009869944293144039,0.08635814166712934,0.1084923994656207,43.3525115850915,39,2,0,False
8.5,7,0.8,0.9732183860913598,0.5,218.89427395184356,0.009749999999999998,0.009787858241104258,0.07841555200166204,0.09335672890897184,46.954441036771186,39,2,0,False
8.5,7,0.8,1.05,0.8296069913750774,182.254611540168,0.009749999999999998,0.010119211636966587,0.1670321035047058,0.1722384755631815,32.107124214275494,39,2,0,False
8.5,7,0.8,0.7786944337832152,0.5496722795958434,206.58647707607452,0.009749999999999998,0.009874021757502814,0.12004266542808434,0.11180035337177761,42.63892468314735,39,2,0,False
8.5,7,0.8,1.05,0.7643606538672084,181.42863854189346,0.009749999999999998,0.010088080269773803,0.14633798582885607,0.1592122132936801,34.05138701110854,39,2,0,False
8.5,7,0.6292323501359985,0.8871734404271283,0.897866547340463,401.38880444265976,0.009749999999999998,0.011319463581217356,0.24510237194032433,0.13964119695785177,37.342931175014996,39,2,0,False
8.5,7,0.8,0.7712142193515592,0.8179940740814554,227.27800953646815,0.009749999999999998,0.010037377931817101,0.22303532680377056,0.17041739190145766,32.37695691847105,39,2,0,False
8.5,7,0.8,0.927427925458224,0.7978348969440918,190.0374885062414,0.009749999999999998,0.010066411962426943,0.1786077201136878,0.16666162701475093,32.917140694762274,39,2,0,False
8.5,7,0.8,1.05,0.8240486115205932,182.18139536039251,0.009749999999999998,0.010117270535044836,0.16524467818597888,0.17125527057901516,32.25994246409494,39,2,0,False
8.5,7,0.7834023418956969,1.05,0.5557138104162758,210.54382980016368,0.009749999999999998,0.009957368993617245,0.08623052449609872,0.10415116709866225,44.322688311712575,39,2,0,False
8.5,7,0.8,1.017504442479955,0.5076300490466379,218.4285647112727,0.009749999999999998,0.009793568568743236,0.07585152604352852,0.09437569171396297,46.731722682250854,39,2,0,False
8.5,7,0.7941875127484096,0.5622575587024441,0.8670246130980516,326.06668016722,0.009749999999999998,0.010049565274123923,0.32833393517099324,0.17499136432687817,31.677689559326282,39,2,0,False
8.5,7,0.8,1.05,0.6925807161507773,180.7162486804891,0.009749999999999998,0.010032316343107169,0.12436726301548025,0.14354178385611552,36.645602741476644,39,2,0,False
8.5,7,0.8,0.9689156224517324,0.5,218.63410832251503,0.009749999999999998,0.009788466437115315,0.07887740796469779,0.09351197386752891,46.92028687747521,39,2,0,False
8.5,7,0.8,1.05,0.7574030289785267,181.34928888933362,0.009749999999999998,0.010083686930225662,0.14416923062940196,0.15778057992790998,34.27999402569731,39,2,0,False
8.5,7,0.8,1.05,0.5,224.29575599707337,0.009749999999999998,0.009779576001663046,0.07071199171406557,0.0904542640709275,47.6099403055868,39,2,0,False
8.5,7,0.7768606556885979,1.0045255107269082,0.8530029889677777,202.0152783741798,0.009749999999999998,0.010251150121181232,0.18520666656649384,0.17145635672703516,32.23327529446715,39,2,0,False
8.5,7,0.8,0.8762469182109927,0.7287600402387893,188.1382138966427,0.009749999999999998,0.010018266242148067,0.16424814399529433,0.15316501426325696,35.04157161939183,39,2,0,False
8.5,7,0.8,1.05,0.5,224.29575599707337,0.009749999999999998,0.009779576001663046,0.07071199171406557,0.0904542640709275,47.6099403055868,39,2,0,False
8.5,7,0.7761530206927926,1.05,0.5,236.81648401341266,0.009749999999999998,0.009910305324782598,0.07183019105340195,0.08571249158824033,48.74523187547498,39,2,0,False
8.5,7,0.8,1.05,0.8333040028424765,182.30769852656516,0.009749999999999998,0.010120464395620149,0.16822140182108564,0.17287088798119865,32.00688082395235,39,2,0,False
8.5,7,0.8,0.969601878694037,0.8395896427255837,190.1432682291825,0.009749999999999998,0.010093985656688826,0.18490278345694972,0.1742508462490733,31.791279254033334,39,2,0,False
8.5,7,0.8,0.8816372115910576,0.9880670716354847,235.9386427794119,0.009749999999999998,0.010070921596692085,0.26056204980549824,0.19737144114340105,28.57857042994816,39,2,0,False
8.5,7,0.8,0.966282865993816,0.515733170108764,211.8609030709528,0.009749999999999998,0.009809506550276648,0.08346833152060244,0.0982314966928108,45.74923049753112,39,2,0,False
8.5,7,0.8,1.05,0.5,224.29575599707337,0.009749999999999998,0.009779576001663046,0.07071199171406557,0.0904542640709275,47.6099403055868,39,2,0,False
8.5,7,0.8,1.05,0.8165170116938845,182.07976461912722,0.009749999999999998,0.01011440750123063,0.16283107131051577,0.16975439969324704,32.47043139046436,39,2,0,False
8.5,7,0.8,1.0260891654391935,0.7207371360475172,180.03999355953275,0.009749999999999998,0.010049435965879459,0.13630621300800752,0.15032802766228293,35.51820632704755,39,2,0,False
8.5,7,0.8,1.05,0.6521221638832462,180.50128393314915,0.009749999999999998,0.009990745540244936,0.11240458282616331,0.13405513112518402,38.37723971147177,39,2,0,False
8.5,7,0.8,1.05,0.5493911631494257,204.55085483287291,0.009749999999999998,0.009854859004026665,0.08362708035593673,0.10552883920600525,44.00744005144861,39,2,0,False
8.5,7,0.7986994206283694,1.05,0.7943066546073955,182.1580587457608,0.009749999999999998,0.010112352296164048,0.15587526426848644,0.1650145743177577,33.16044200827485,39,2,0,False
8.5,7,0.8,1.05,0.7837404402363848,181.6616701339454,0.009749999999999998,0.010099228330035594,0.15241821131032907,0.16317472660206075,33.43761770676073,39,2,0,False
8.5,7,0.8,0.9373515300493841,0.5,216.85634011878702,0.009749999999999998,0.00979339960858137,0.08237542412492363,0.09462553177100846,46.67760241274864,39,2,0,False
8.5,7,0.8,1.05,0.6720032701365826,180.5785994380822,0.009749999999999998,0.010012047343381661,0.11824386027252823,0.13873756611088445,37.49834431604397,39,2,0,False
8.5,7,0.8,1.046909037712769,0.8294270586112186,182.12947122331005,0.009749999999999998,0.010117979482961404,0.16749453363509262,0.17222444072884324,32.10935927923778,39,2,0,False
8.5,7,0.8,1.05,0.775578206020915,181.56359801373912,0.009749999999999998,0.01009474455831284,0.14984955737579625,0.16151214029554573,33.6921956139618,39,2,0,False
8.5,7,0.8,0.9252589289877371,0.6157013214395153,180.0761970173708,0.009749999999999998,0.009930620901969531,0.11819716184895225,0.12678209043236666,39.70645328458773,39,2,0,False
8.5,7,0.8,0.906736979919691,0.6647283530951733,176.24267109004515,0.009749999999999998,0.009975767755422357,0.13685130970342227,0.13887002482205685,37.474077373331035,39,2,0,False
8.5,7,0.8,1.05,0.5399825347069929,207.85856797062124,0.009749999999999998,0.009840830910185136,0.08111453508738693,0.10278913369522999,44.63947122111786,39,2,0,False
8.5,7,0.8,0.9482461312117895,0.5,217.45601560345693,0.009749999999999998,0.009791663114146669,0.08114378410931525,0.09424387882030875,46.76035094772714,39,2,0,False
8.5,7,0.8,0.9742555600830218,0.5327427282026116,205.84392148560383,0.009749999999999998,0.009831412636330588,0.0872930318717859,0.10281714940872376,44.632871720275936,39,2,0,False
8.5,7,0.8,1.026135128532118,0.5,222.46171917146663,0.009749999999999998,0.009781647270462043,0.07300304700580518,0.09138472430583794,47.39670173676301,39,2,0,False
8.5,7,0.8,1.05,0.8425772045617683,182.43261920053877,0.009749999999999998,0.010123283748083713,0.17121686384903348,0.17445852348302135,31.75919789385788,39,2,0,False
8.5,7,0.8,0.9171606407732028,0.6771675836119131,176.47543605021696,0.009749999999999998,0.009987948250314101,0.13924405637243933,0.141568919185231,36.98947348650341,39,2,0,False
8.5,7,0.7891818616956756,1.05,0.519832389183109,221.00331584476473,0.009749999999999998,0.009869214931574432,0.07635475517345297,0.09507295740017907,46.56631111712583,39,2,0,False
8.5,7,0.8,0.9268226501864908,0.8286212926935494,195.250354934152,0.009749999999999998,0.010077432151854027,0.18964039136881317,0.17248747401199932,32.06754628031527,39,2,0,False
8.5,7,0.6870446966173556,0.9596829533920123,0.5563100951635979,300.2410960464284,0.009749999999999998,0.010568396166325829,0.10276266211529324,0.08608336144433822,48.65667368399564,39,2,0,False
8.5,7,0.8,1.05,1.0549874761035578,216.04346694204952,0.009749999999999998,0.010097391238841024,0.24231579985571053,0.2072698200855961,27.375561028492328,39,2,0,False
8.5,7,0.7991848523452646,0.9726393820023028,0.8751131077515955,196.65802598130864,0.009749999999999998,0.01010765786587823,0.19673914113946372,0.17996174436832812,30.93090084352186,39,2,0,False
8.5,7,0.8,1.05,0.8260560525295534,182.211860599295,0.009749999999999998,0.010118019253027803,0.16588784892328348,0.17162851911372548,32.204681819283614,39,2,0,False
8.5,7,0.8,1.05,0.701321879042079,180.78480380624254,0.009749999999999998,0.010040336424362797,0.1269936532378938,0.1455705690787006,36.29936385752141,39,3,0,False
8.5,7,0.8,1.0397096405455604,0.5261042235412081,212.34237546044338,0.009749999999999998,0.009819764366076025,0.07848401602020309,0.09907379976556424,45.538039192170324,39,3,0,False
8.5,7,0.8,1.05,0.5362110498185164,209.22372059953736,0.009749999999999998,0.009835078239025966,0.0801162497945896,0.10169486417330492,44.89886746128387,39,3,0,False
8.5,7,0.785766094099093,0.9563159360158439,0.5,225.03039764709908,0.009749999999999998,0.009867781582226412,0.08101529911510855,0.09103546229629388,47.47702106894664,39,3,0,False
8.5,7,0.7970623818176186,0.8443292760847155,0.568363443763789,191.88221888975121,0.009749999999999998,0.009898625093663795,0.11556899476655705,0.1149179209709233,41.97983969267557,39,3,0,False
8.5,7,0.8,0.991534504222412,0.5803444289977076,191.713777494007,0.009749999999999998,0.009894202820592184,0.09877182362781624,0.11577298524958353,41.80363621967034,39,3,0,False
8.5,7,0.8,0.9664536194468952,0.5484281992684027,200.07054767636436,0.009749999999999998,0.009852367569748105,0.09262837965920487,0.10747279750320628,43.57470327501891,39,3,0,False
8.5,7,0.8,1.05,0.81832688555755,182.1083120539622,0.009749999999999998,0.010115151147322777,0.16340843579082448,0.17011379366754975,32.419663161681804,39,3,0,False
8.5,7,0.8,0.9746853672563334,0.8674232007808363,194.4061435785883,0.009749999999999998,0.010102171150537517,0.19355035751045685,0.1788726330396724,31.09099051060426,39,3,0,False
8.5,7,0.8,1.05,0.5131216071627372,218.38558558774272,0.009749999999999998,0.009799665082602391,0.07408072536973004,0.09502392359695264,46.578842860382935,39,3,0,False
8.5,7,0.8,0.9886317212344423,0.5,219.86922015724514,0.009749999999999998,0.009785841240066486,0.07678802166659049,0.09279301448041281,47.07927242326159,39,3,0,False
8.5,7,0.8,1.05,0.6236418420327015,183.84144452226775,0.009749999999999998,0.009957148927209598,0.10418679847622891,0.12659368401969867,39.73991064697188,39,3,0,False
8.5,7,0.8,0.9701287471955808,0.5179677160707856,211.18620680237254,0.009749999999999998,0.009812066662026305,0.08365636775467279,0.09875306221636937,45.61811725646888,39,3,0,False
8.5,7,0.8,0.87518058272293,0.5949575209364597,183.40796625245807,0.009749999999999998,0.009907574183496947,0.11912190347109239,0.12203591833002427,40.575246100024145,39,3,0,False
8.5,7,0.6810533184067509,0.8914351337311691,0.5,353.6901261164385,0.009749999999999998,0.010531296229733035,0.09498838683372746,0.07123657962750958,52.657865508365596,39,3,0,False
8.5,7,0.8,0.8706162714815919,0.7514173046702448,192.90855585999762,0.009749999999999998,0.010030267926506327,0.17347334699339576,0.15769675457895255,34.293519202667454,39,3,0,False
8.5,7,0.8,0.905429020966121,0.8548627434695195,204.1567862853484,0.009749999999999998,0.010078094897751,0.2037587152281743,0.17685498623293913,31.394163730011726,39,3,0,False
8.5,7,0.8,1.05,0.5,224.29575599707337,0.009749999999999998,0.009779576001663046,0.07071199171406557,0.0904542640709275,47.6099403055868,39,3,0,False
8.5,7,0.8,1.0240014557929742,0.6718013240834482,179.61005048065738,0.009749999999999998,0.010005033553730834,0.12161908451899954,0.1390621579163548,37.43895980378899,39,3,0,False
8.5,7,0.8,1.05,0.5407383407908324,207.57116079984064,0.009749999999999998,0.00984188564401845,0.08131788017781809,0.10301149870377457,44.58716929901463,39,3,0,False
8.5,7,0.8,1.05,0.5842245407968008,193.84220587684482,0.009749999999999998,0.009905280142120417,0.0931070893867069,0.11549199552685893,41.86125239394162,39,3,0,False
8.5,7,0.8,1.05,0.5225212180417979,214.4993393232788,0.009749999999999998,0.009814205416718597,0.07651869513644002,0.09773081932355358,45.876076849516764,39,3,0,False
8.5,7,0.8,1.0359352465695832,0.5,223.19541624641573,0.009749999999999998,0.009780732426877858,0.07205191391510644,0.09100620914407527,47.48310609161197,39,3,0,False
8.5,7,0.8,1.05,0.6474664709034018,180.4903601989174,0.009749999999999998,0.00998549946109797,0.1110491563162748,0.13296053797783688,38.59132283975502,39,3,0,False
8.5,7,0.8,1.05,0.7334958477914113,181.08252197774323,0.009749999999999998,0.010066883749857446,0.13678217239643695,0.1528192621300525,35.10036585566797,39,3,0,False
8.5,7,0.8,0.9274682102205335,0.518512978668522,208.79029550527105,0.009749999999999998,0.009817572233707461,0.08875270071242562,0.10005385303712087,45.29590494095939,39,3,0,False
8.5,7,0.8,0.9461748552100839,0.5746802881294337,191.2166122920926,0.009749999999999998,0.009885286614053267,0.10279565376186121,0.11520519437140944,41.92030265291205,39,3,0,False
8.5,7,0.8,1.0065842547094597,0.5409654664609895,204.75211873422512,0.009749999999999998,0.009841707430000877,0.08596045809619467,0.10429017751798905,44.289892996995945,39,3,0,False
8.5,7,0.8,0.9374957008931775,0.5,216.86409641621782,0.009749999999999998,0.009793375958987077,0.08235896599667329,0.0946205174571134,46.6786867867812,39,3,0,False
8.5,7,0.8,0.9240186967095542,0.6441433198723525,176.6838516100484,0.009749999999999998,0.009959153819601498,0.12740044637464543,0.13399560842251587,38.38879151824179,39,3,0,False
8.5,7,0.8,0.9768659840362298,0.5277932226504438,207.79276333730238,0.009749999999999998,0.009824619152014009,0.08562134311757343,0.10134403621702746,44.98288346176659,39,3,0,False
8.5,7,0.8,0.915650574875869,0.5,215.75793674790887,0.009749999999999998,0.009797242131787943,0.08490088553537602,0.09525271996740822,46.51825696309876,39,3,0,False
8.5,7,0.8,1.0019105397197412,0.5,220.74531363816794,0.009749999999999998,0.00978421276137759,0.07542112735267163,0.09230232537138698,47.189157819967825,39,3,0,False
8.5,7,0.8,1.0257560678362638,0.5,222.4329505647335,0.009749999999999998,0.009781679842458183,0.07304025785019441,0.09139944654307475,47.39335047048834,39,3,0,False
8.5,7,0.8,1.05,0.7397044941069848,181.15489101939977,0.009749999999999998,0.01007153655901636,0.1386891137129237,0.1541110993507653,34.8821571462785,39,3,0,False
8.5,7,0.8,1.0399950806430223,0.5,223.51330974225073,0.009749999999999998,0.009780409637593369,0.07166133997081041,0.09084677110385772,47.51964127264124,39,3,0,False
8.5,7,0.8,1.05,0.5033560650312945,222.73081962623505,0.009749999999999998,0.009784703551723284,0.07156910082514417,0.09163147858208578,47.340624895801895,39,3,0,False
8.5,7,0.8,1.05,0.5532079606553125,203.28097675718098,0.009749999999999998,0.009860602353879356,0.08464948618910167,0.10664008933001114,43.7585228945161,39,3,0,False
8.5,7,0.8,0.897079871631853,0.6268905496426451,176.7016155785239,0.009749999999999998,0.009939957451927614,0.12601991626925826,0.13027406543617326,39.09973256394991,39,3,0,False
8.5,7,0.8,1.05,0.5,224.29575599707337,0.009749999999999998,0.009779576001663046,0.07071199171406557,0.0904542640709275,47.6099403055868,39,3,0,False
8.5,7,0.8,0.9395176940701101,0.5781531307888167,189.97780971841655,0.009749999999999998,0.009889307629954758,0.10470499371966348,0.11628950087977383,41.69833410329873,39,3,0,False
8.5,7,0.8,0.9633186502633192,0.6018464913220883,184.80804712731776,0.009749999999999998,0.009918278504643802,0.1086668394793982,0.12229775114562165,40.526028304811355,39,3,0,False
8.5,7,0.8,0.9766765239145417,0.6402345105730428,178.04321028819325,0.009749999999999998,0.009962674049136814,0.11849657042725566,0.13239699018215395,38.70257771816177,39,3,0,False
8.5,7,0.8,0.9506349992736074,0.5834140719079073,189.00831388677562,0.009749999999999998,0.0098958274391256,0.10481695555000992,0.1174955258049961,41.45547914280773,39,3,0,False
8.5,7,0.8,0.9335785299339403,0.5,216.67113953138025,0.009749999999999998,0.009794107467936101,0.08280515183982864,0.09475307670207979,46.65004515401053,39,3,0,False
8.5,7,0.8,0.8631878440544742,0.5591396679356035,192.74293995487403,0.009749999999999998,0.009871132493692562,0.10953563236647308,0.11271440589138171,42.44290881708489,39,3,0,False
8.5,7,0.8,1.05,0.5444325714746652,206.2709786971699,0.009749999999999998,0.009847490867071975,0.08229997841415543,0.10408318284601267,44.337619010973704,39,3,0,False
8.5,7,0.8,0.9140373069828902,0.6758905723813444,176.39925064906626,0.009749999999999998,0.009986355757168002,0.13933880655545036,0.14131228673904508,37.03476239963458,39,3,0,False
8.5,7,0.8,0.8651995366219803,0.7450521388556606,192.92567943174473,0.009749999999999998,0.010025745518947473,0.1722820275555195,0.15646019287237536,34.494872043122726,39,3,0,False
8.5,7,0.8,1.0236541036911517,0.5,222.28185911447747,0.009749999999999998,0.009781901302103393,0.07324595394114274,0.09147943985088323,47.37515362161444,39,3,0,False
8.5,7,0.8,1.0120793278817184,0.6557821920049183,179.14378415594211,0.009749999999999998,0.009985829162825898,0.11839538613408834,0.13549274063339362,38.10130855369615,39,3,0,False
8.5,7,0.8,0.9199302597529935,0.5506780361900583,197.28223593412716,0.009749999999999998,0.00985722127186555,0.09907111546291816,0.10922821129843682,43.19395025853385,39,3,0,False
8.5,7,0.7958344047343838,0.8357181464601097,0.857558433478777,222.23790490502083,0.009749999999999998,0.010084737602836517,0.22207045698213995,0.176272578500714,31.48319646772998,39,3,0,False
8.5,7,0.8,0.9014336751043112,0.7015714319277033,179.5953821917489,0.009749999999999998,0.0100044755918752,0.15012079220930488,0.1471850114802853,36.02964589480933,39,3,0,False
8.5,7,0.8,0.9091354134696997,0.5,215.44384329449875,0.009749999999999998,0.009798449579918619,0.08568012159562122,0.09543021563181038,46.47141606242068,39,3,0,False
8.5,7,0.8,1.05,0.5,224.29575599707337,0.009749999999999998,0.009779576001663046,0.07071199171406557,0.0904542640709275,47.6099403055868,39,3,0,False
8.5,7,0.8,0.99521788870207,0.5725367412539037,194.10761131752326,0.009749999999999998,0.009884301860449538,0.09609292169748386,0.11353620341389051,42.268885224689875,39,3,0,False
8.5,7,0.8,1.0211774103971942,0.7547144849593415,180.19897408535266,0.009749999999999998,0.010072142782654236,0.14772882604418772,0.15748298558974308,34.3280816227844,39,3,0,False
8.5,7,0.8,0.6932104948577651,0.5273623485940147,234.5628186774691,0.009749999999999998,0.009877869839382894,0.12850583010038286,0.10749190915563081,43.57051115335071,39,4,0,False
8.5,7,0.8,0.8267759069657129,0.5107871729250646,207.99941796111605,0.009749999999999998,0.009827531065437429,0.09976682682102478,0.10042055402924023,45.206281705083114,39,4,0,False
8.5,7,0.8,0.842256421495607,0.5396096730598972,198.22179540889906,0.009749999999999998,0.009853497126431217,0.10649449313378159,0.10788448483267675,43.48466299821364,39,4,0,False
8.5,7,0.8,0.8719867242826751,0.5402036713185748,198.90749131056523,0.009749999999999998,0.009849823309100008,0.10238629887565673,0.10740222076632394,43.59019454982088,39,4,0,False
8.5,7,0.8,0.7989411612895904,0.5171161646064611,210.4764237698093,0.009749999999999998,0.009840158037594412,0.10596384746344525,0.10274254653161426,44.65045188639479,39,4,0,False
8.5,7,0.8,0.7318996167944603,0.548175079545856,218.52179111958483,0.009749999999999998,0.009882741475225656,0.12818094631409144,0.11219912293463175,42.55308146184409,39,4,0,False
8.5,7,0.8,0.7855497747117488,0.5864434516727637,198.20481879678752,0.009749999999999998,0.009905018468035088,0.1314174532943095,0.12119630251878001,40.73420887042125,39,4,0,False
8.5,7,0.8,0.9864200535777333,0.9311896039776435,204.08239035999082,0.009749999999999998,0.010110485711134272,0.21344212345529212,0.1891509655986699,29.649486767815343,39,4,0,False
8.5,7,0.8,0.9488652241037115,0.7458470993042111,178.31093453287133,0.009749999999999998,0.010045191134270286,0.15675917578572296,0.15621223999763864,34.535589290942916,39,4,0,False
8.5,7,0.8,1.05,0.5230567208093061,214.28438513873917,0.009749999999999998,0.009815027707410714,0.07665842871135192,0.09788550200498622,45.83682602345315,39,4,0,False
8.5,7,0.8,0.9113140363476735,0.5,215.5478017842541,0.009749999999999998,0.009798041620891294,0.08541848324500517,0.09537104204360738,46.48701637857028,39,4,0,False
8.5,7,0.8,0.7806789976404922,0.5887026717887033,198.95746998435132,0.009749999999999998,0.009907493236870521,0.1331114420399091,0.12185176235496675,40.609965069195496,39,4,0,False
8.5,7,0.8,0.8460931730880487,0.6305099302682233,180.45077626442097,0.009749999999999998,0.009940876741765662,0.13567559311034122,0.13182842731810432,38.815105345138264,39,4,0,False
8.5,7,0.8,0.8992466890021049,0.64427355506092,176.16364470481923,0.009749999999999998,0.009956591848705518,0.1313390152422775,0.1343209189014357,38.32578180833999,39,4,0,False
8.5,7,0.8,0.8564465742389916,0.5,213.26275061622417,0.009749999999999998,0.00980966932346051,0.09235510051636496,0.0968037664487324,46.11339933283912,39,4,0,False
8.5,7,0.8,0.907172475001573,0.5,215.35111326520246,0.009749999999999998,0.009798820852900958,0.08591678211608403,0.0954833736516172,46.45741488191368,39,4,0,False
8.5,7,0.8,0.8912040597201639,0.5979407945749238,183.1444429240341,0.009749999999999998,0.009910606294189772,0.11763229141042646,0.12256286253846431,40.47622821289021,39,4,0,False
8.5,7,0.8,1.05,0.5,224.29575599707337,0.009749999999999998,0.009779576001663046,0.07071199171406557,0.0904542640709275,47.6099403055868,39,4,0,False
8.5,7,0.8,0.7829521404243693,0.5912089584901586,198.0284863735998,0.009749999999999998,0.009909294040411245,0.1335648748799494,0.12247313291048446,40.49308004361318,39,4,0,False
8.5,7,0.8,0.7793113044016042,0.5750850610357863,201.54868742502714,0.009749999999999998,0.009896041680324012,0.12862833866904486,0.11834315893511188,41.28727015219922,39,4,0,False
8.5,7,0.8,0.9809959660327823,0.5,219.37950412978498,0.009749999999999998,0.00978681759427,0.07758885278072607,0.0930731524652482,47.017018938891184,39,4,0,False
8.5,7,0.8,1.0018490146333368,0.5,220.7407321050658,0.009749999999999998,0.009784217845321463,0.07542745034878363,0.09230470186943188,47.18862379218696,39,4,0,False
8.5,7,0.8,0.8981243196132161,0.5319634660831412,202.6233969272027,0.009749999999999998,0.009837273164590753,0.09635895659234874,0.10452057448281671,44.23694947805032,39,4,0,False
8.5,7,0.8,0.954321651397444,0.5,217.78192440829451,0.009749999999999998,0.009790634573614196,0.08047049364435391,0.09403284470669915,46.80629352237868,39,4,0,False
8.5,7,0.8,0.8900778965771068,0.7387137414045735,187.16027466402602,0.009749999999999998,0.01002704088412388,0.16508192336502464,0.15509325656200457,34.71889407706586,39,4,0,False
8.5,7,0.8,0.8045161042384297,0.6977340077448787,198.5307824403887,0.009749999999999998,0.009988859663207648,0.1676922660276471,0.14695446944864937,36.06785212714288,39,4,0,False
8.5,7,0.8,0.8637956279407797,0.6373497836557631,177.87375875336645,0.009749999999999998,0.009947606226654256,0.13492531855383733,0.13316493247511252,38.55107987614014,39,4,0,False
8.5,7,0.8,0.8926802532497268,0.5786840603200465,188.13654981323734,0.009749999999999998,0.009890212382463646,0.11134543658810275,0.11735688967808514,41.48318379877556,39,4,0,False
8.5,7,0.8,0.8603720316426937,0.5,213.41604920502255,0.009749999999999998,0.009808808673687719,0.09183121136613946,0.09670311365773329,46.139385439740714,39,4,0,False
8.5,7,0.8,0.853982703683854,0.500024750628933,213.16981581389462,0.009749999999999998,0.00981030433620078,0.09269135649189131,0.09687124759669939,46.09600158570546,39,4,0,False
8.5,7,0.8,0.7574345006863333,0.6356804126270013,201.522416739211,0.009749999999999998,0.009945800540202034,0.15476823670517187,0.13378564962610698,38.42962094195162,39,4,0,False
8.5,7,0.8,0.8768899740038609,0.5,214.0506993337107,0.009749999999999998,0.009805093709111343,0.08967994943891898,0.09628131785791426,46.24873600065852,39,4,0,False
8.5,7,0.8,0.89660071142097,0.5413190890788493,199.39677164716602,0.009749999999999998,0.00984820681420645,0.09935487277131647,0.1071527609143877,43.64508062638312,39,4,0,False
8.5,7,0.8,0.8952348788716581,0.5818143237460315,187.38540289440343,0.009749999999999998,0.009893553410898386,0.11195245951478232,0.11814986465971992,41.32545117696949,39,4,0,False
8.5,7,0.8,1.05,0.6313751237650197,182.09153339476086,0.009749999999999998,0.009966605299078325,0.10640126163726857,0.1287776926584657,39.356888334020226,39,4,0,False
8.5,7,0.8,1.020516370152942,0.5891380667513066,190.81233447881434,0.009749999999999998,0.009908259629191821,0.09783864691665735,0.11756203181267334,41.44220813868394,39,4,0,False
8.5,7,0.8,0.8393063664773663,0.5,212.68605824156876,0.009749999999999998,0.009813873419638722,0.09468316857178975,0.09722710359620283,46.00457646336214,39,4,0,False
8.5,7,0.8,0.8000850380745139,0.5630318040757835,199.1538066804837,0.009749999999999998,0.00988241760600909,0.12084168150133294,0.11488459789813993,41.986603155776045,39,4,0,False
8.5,7,0.8,0.7832712017827876,0.5,219.11662485790006,0.009749999999999998,0.009829024030081143,0.10293706731909062,0.09854893109315212,45.669299957201744,39,4,0,False
8.5,7,0.8,1.044421818965013,0.5051551578265441,221.47346213479238,0.009749999999999998,0.009787806420803936,0.07256325709320717,0.09248114712334479,47.14902436079811,39,4,0,False
8.5,7,0.8,0.8488099832797091,0.5878755384377673,185.05392938059708,0.009749999999999998,0.009901321675207044,0.12098525912742723,0.12059031464173647,40.85007839373258,39,4,0,False
8.5,7,0.8,0.8387339273502114,0.5659008871599094,190.85736366698123,0.009749999999999998,0.009880436041534747,0.11543489120610906,0.11495638447790112,41.97173053022368,39,4,0,False
8.5,7,0.8,0.7192880934795952,0.5,234.92657201978875,0.009749999999999998,0.009849492908902219,0.11377723096574031,0.09992819575691449,45.326737281787175,39,4,0,False
8.5,7,0.8,0.8448374320263699,0.583225720601469,186.5724243866794,0.009749999999999998,0.009897021957847422,0.12010220798431842,0.1194243865746492,41.07560077861555,39,4,0,False
8.5,7,0.8,0.8073506099241522,0.5,214.05300451149935,0.009749999999999998,0.009822193224670614,0.09926413490407311,0.0979946127288213,45.80914886482301,39,4,0,False
8.5,7,0.8,0.8665668254275665,0.5142937543557461,207.91354318535878,0.009749999999999998,0.009822585878103576,0.09527238070594357,0.10042656644011257,45.20481661691517,39,4,0,False
8.5,7,0.8,0.6928351134657713,0.572408283999094,225.1737353452067,0.009749999999999998,0.009909566606238018,0.14529400954125538,0.11886021113239519,41.18564740856782,39,4,0,False
8.5,7,0.8,0.8470021408271631,0.5962844172851243,184.03377809152886,0.009749999999999998,0.009909511880254627,0.12404557733526062,0.12284968510613296,40.42249941468396,39,4,0,False
8.5,7,0.8,0.8070243499030014,0.5537969251168748,199.54501607334504,0.009749999999999998,0.009872889851651256,0.1165992407390091,0.11236390898132675,42.51775671950745,39,4,0,False
8.5,7,0.8,0.8624496597503566,0.5011848766107969,212.99936156576138,0.009749999999999998,0.009809571895285673,0.09190807023137063,0.09697070877568682,46.07039425888508,39,4,0,False
8.5,7,0.8,0.9353518364155295,0.5,216.74924524413694,0.009749999999999998,0.009793729460102358,0.08260415184427443,0.09469498314220254,46.662590826283335,39,4,0,False
8.5,7,0.8,0.8208130679746269,0.5019960689106433,211.28787749235585,0.009749999999999998,0.009820441635970033,0.09791282470337254,0.0982094215914956,45.75480445986457,39,4,0,False
8.5,7,0.8,0.937270222507701,0.5313141024828951,204.51586803848093,0.009749999999999998,0.009832303039323162,0.09123465731587951,0.10337493189984504,44.502075982068575,39,4,0,False
8.5,7,0.8,0.8239272141727415,0.5199829508439282,204.64055242708875,0.009749999999999998,0.009837146708352494,0.10305684249521296,0.10296145082842229,44.59892512534519,39,4,0,False
8.5,7,0.8,0.8066108305429042,0.5,214.2024544940016,0.009749999999999998,0.009822398304347347,0.09937394346005442,0.09801185595322613,45.804779453248265,39,4,0,False
8.5,7,0.8,0.7519023838280217,0.6031151777946735,203.75928015944712,0.009749999999999998,0.00992214099335101,0.14393202603350277,0.12594896156013116,39.85503286238431,39,4,0,False
8.5,7,0.8,0.8246626059762507,0.5,212.2188716959623,0.009749999999999998,0.009817551526914773,0.09674400982615122,0.09758425946332319,45.91335511188971,39,4,0,False
8.5,7,0.8,0.8209157718140125,0.5683354771969611,193.8487649288622,0.009749999999999998,0.009884740437615292,0.11910611593537083,0.11590837758033395,41.775957857229145,39,4,0,False
8.5,7,0.8,0.9403975751677067,0.558300615135277,195.75519456250103,0.009749999999999998,0.00986544461488709,0.09869393527103935,0.11088158330099994,42.83867218558851,39,5,0,False
8.5,7,0.8,0.9813269001274891,0.8817362023413077,195.93530594532325,0.009749999999999998,0.010106634637499105,0.1971895462760398,0.1812174583731633,30.749157441910924,39,5,0,False
8.5,7,0.8,0.8077553270842339,0.5865501830682999,193.3457357433397,0.009749999999999998,0.00990293719983085,0.12745021994576747,0.12089302218976862,40.7920770156425,39,5,0,False
8.5,7,0.8,0.8634163715858983,0.640288036323402,178.33619670779626,0.009749999999999998,0.009950173167890802,0.13598014052002227,0.13382510886976334,38.421937784551886,39,5,0,False
8.5,7,0.8,0.8820171168049706,0.5701702220627946,190.1327598780003,0.009749999999999998,0.009881440150878967,0.11023365669117006,0.11528199350805945,41.90446616346028,39,5,0,False
8.5,7,0.8,1.05,0.8701222617754932,183.87749157649333,0.009749999999999998,0.010129641824267023,0.18017680976100467,0.17910010300235107,31.05734362110504,39,5,0,False
8.5,7,0.8,0.8743906975845221,0.6370666492651894,175.83952585510318,0.009749999999999998,0.00994799494176177,0.1330382798479648,0.13298382793468488,38.58673106568549,39,5,0,False
8.5,7,0.8,0.9892540105621389,0.59062176122891,188.83347975814115,0.009749999999999998,0.009907033327720437,0.10202730714925733,0.11866598210566245,41.22373503952633,39,5,0,False
8.5,7,0.8,0.839308832365765,0.542727424505556,197.12940989878402,0.009749999999999998,0.009857104400792151,0.10792156156757524,0.10879919418446289,43.28619103367705,39,5,0,False
8.5,7,0.8,0.8935617929193798,0.6709312157161103,176.85502270708648,0.009749999999999998,0.009979275930254035,0.1411267213448301,0.14039515055236199,37.19795534200288,39,5,0,False
8.5,7,0.8,0.8598941789488926,0.5802035189242856,186.75638771875438,0.009749999999999998,0.009893103506098906,0.1167423859346505,0.11836300164296062,41.28335655248451,39,5,0,False
8.5,7,0.8,0.9358283033666315,0.6894200426333255,176.96427610992404,0.009749999999999998,0.010001435677069521,0.14022105217510972,0.14415385780963058,36.5403471745041,39,5,0,False
8.5,7,0.8,0.8181731449540733,0.688821481471931,194.20476972204776,0.009749999999999998,0.00998431173741974,0.16153177117480724,0.14494263475764307,36.40559815739524,39,5,0,False
8.5,7,0.8,0.9112797421416924,0.6689315721231501,176.33352013133592,0.009749999999999998,0.009979999174477639,0.13749420500134588,0.13977070750122156,37.3102847067208,39,5,0,False
8.5,7,0.8,0.8451668768529972,0.6335333140042195,181.0343769478193,0.009749999999999998,0.009943501734469508,0.13686735569230601,0.13251378310436873,38.67957284960976,39,5,0,False
8.5,7,0.8,0.9056042526414765,0.5104914255585414,210.9437965978879,0.009749999999999998,0.00981128230695963,0.089117258030227,0.09840514814831978,45.70545349952605,39,5,0,False
8.5,7,0.8,0.886411718433483,0.5473204050484382,197.091305197413,0.009749999999999998,0.009856025160061586,0.10255522500964254,0.10905147558434737,43.23187887754561,39,5,0,False
8.5,7,0.8,1.0418665727849037,0.6859710954650293,180.35244937868234,0.009749999999999998,0.010023681174914225,0.12347679548655324,0.14211378670591868,36.89385591912682,39,5,0,False
8.5,7,0.8,0.9564660788412094,0.6711966565102292,177.4633416761493,0.009749999999999998,0.009989554588182969,0.1310947270855946,0.13978810719336426,37.30714120267921,39,5,0,False
8.5,7,0.8,0.8446301722904623,0.6307341756610454,180.77439841984062,0.009749999999999998,0.00994102873353482,0.13600903694781394,0.13189465224764885,38.80195599551858,39,5,0,False
8.5,7,0.8,0.9442277945249683,0.7730611746677807,183.32095892583718,0.009749999999999998,0.01005953951075018,0.1668121577641671,0.16170139908738584,33.66293109623369,39,5,0,False
8.5,7,0.8,0.9893519326871432,0.7485497567201356,179.00604745295203,0.009749999999999998,0.010058240003335078,0.15082394668947804,0.15647904849882932,34.49177567263663,39,5,0,False
8.5,7,0.8,0.8292825235133504,0.6735636517996711,189.69090349894992,0.009749999999999998,0.0099745263041425,0.15379771777941129,0.14152552997189116,36.99711911175378,39,5,0,False
8.5,7,0.8,0.8899337864864119,0.5950762384732946,183.81429780633553,0.009749999999999998,0.009907643392936441,0.11691219195396171,0.12181390488637865,40.61711063447038,39,5,0,False
8.5,7,0.8,0.955917453478025,0.5846679871204483,188.89274753753807,0.009749999999999998,0.009897517490329737,0.1045028382221504,0.11773039078405012,41.40866876380319,39,5,0,False
8.5,7,0.8,0.8354524951438063,0.785920751398763,205.95117128401463,0.009749999999999998,0.010039238752041988,0.19392134495669922,0.1644876003083728,33.23908625469747,39,5,0,False
8.5,7,0.8,0.8927344578151365,0.6800132207322982,178.21086134004315,0.009749999999999998,0.009986513257127152,0.14433183004136294,0.14244430447271303,36.83620695023911,39,5,0,False
8.5,7,0.8,0.8377250665624492,0.7003953739898349,191.611897994712,0.009749999999999998,0.009994081505575996,0.16174463240902515,0.14735984503099786,36.00075097479289,39,5,0,False
8.5,7,0.8,0.8969974223948798,0.7416154035918912,186.36458188447753,0.009749999999999998,0.010030229235013248,0.16477344994762858,0.15564381915514694,34.62834891168346,39,5,0,False
8.5,7,0.8,0.8751762306892356,0.6352362801301534,175.80034311400686,0.009749999999999998,0.009946399006671856,0.13229742753614418,0.13256446249489345,38.669602977636,39,5,0,False
8.5,7,0.8,0.844032486802584,0.8504204736306219,215.96689422856568,0.009749999999999998,0.01006071317266508,0.2166465612547137,0.17603866355733053,31.51815792416031,39,5,0,False
8.5,7,0.8,0.8952624304017216,0.5,214.824304340856,0.009749999999999998,0.009801236539984324,0.08736901172713794,0.0957998200486674,46.37432447848405,39,5,0,False
8.5,7,0.8,0.8462222950818771,0.7491689522743621,197.46169683375746,0.009749999999999998,0.010024380301476633,0.17776135784410044,0.15732702533428422,34.353361952633804,39,5,0,False
8.5,7,0.8,0.8355725921305179,0.7439392797463382,198.83666796232748,0.009749999999999998,0.01001973527646584,0.17812811764148437,0.1563332659135159,34.51573653286639,39,5,0,False
8.5,7,0.8,0.9983839563441682,0.6873161187154191,178.80707206347728,0.009749999999999998,0.010013406436320748,0.12995234250396928,0.14298769869821404,36.74160391857126,39,5,0,False
8.5,7,0.8,0.8933680439852565,0.750586062483446,188.46969940751242,0.009749999999999998,0.010034607611035664,0.16863147765524242,0.15744859771976563,34.33365102926387,39,5,0,False
8.5,7,0.8,0.9634600339504541,0.6042916599501243,184.22416018090345,0.009749999999999998,0.009921171421785205,0.1093809539821714,0.12296392737963621,40.4011575787737,39,5,0,False
8.5,7,0.8,0.7316060085148545,0.6401880113602538,209.17823334550434,0.009749999999999998,0.00995028276580561,0.16226083364699667,0.13493891698639798,38.20691501300621,39,5,0,False
8.5,7,0.8,0.862700340349398,0.6157361019014915,178.33642933566733,0.009749999999999998,0.00992783981674138,0.1278951361716889,0.12778940753469303,39.52897102918455,39,5,0,False
8.5,7,0.8,0.7681615846070176,0.6392462244366657,199.24089581538695,0.009749999999999998,0.009947958303571107,0.15379359440631274,0.13447428811468684,38.29618098842866,39,5,0,False
8.5,7,0.8,0.8116323000545516,0.646962464879207,189.94303794570487,0.009749999999999998,0.009953625622854323,0.1477616439838507,0.1358042386372324,38.042286436823595,39,5,0,False
8.5,7,0.8,1.0094678625515952,0.6176757219331787,183.12112977675764,0.009749999999999998,0.009942523897932539,0.10741340678576813,0.125759951490062,39.88896945101324,39,5,0,False
8.5,7,0.8,0.9319746518449494,0.6984827774766883,176.89679231948415,0.009749999999999998,0.01000790739420146,0.14384168380537316,0.14623463005653656,36.187916554042495,39,5,0,False
8.5,7,0.8,0.9091012139634287,0.7662283719851182,188.15901966300993,0.009749999999999998,0.010046759623059339,0.17107939909718234,0.16049562947219587,33.850199585495986,39,5,0,False
8.5,7,0.8,0.8658211631964385,0.7214342979084145,188.95571464354242,0.009749999999999998,0.010011879047628097,0.16368575681381958,0.15175248948451373,35.2836078253661,39,5,0,False
8.5,7,0.8,0.905293297450571,0.5347397442449106,201.950611558204,0.009749999999999998,0.009839696662599418,0.09624628550925281,0.10511762543584113,44.10061787556033,39,5,0,False
8.5,7,0.8,0.7912331374319692,0.6951089238762401,201.28051363957587,0.009749999999999998,0.00998614648330521,0.16961264172144255,0.14644788477601384,36.15222479288993,39,5,0,False
8.5,7,0.8,0.8450769806435429,0.6397605860441271,181.88034655086383,0.009749999999999998,0.009948833672719749,0.13901326139276843,0.13389744155198996,38.407865534991636,39,5,0,False
8.5,7,0.8,0.8202934125616957,0.5,212.09467710260347,0.009749999999999998,0.009818720889275653,0.09737027548732288,0.09768813569111637,45.88692440365098,39,5,0,False
8.5,7,0.8,0.8005615333163346,0.6923575294698844,198.69097913983884,0.009749999999999998,0.009985142805787212,0.16654613350479855,0.14580784440705102,36.25945789463648,39,5,0,False
8.5,7,0.8,0.921018228962844,0.7152540960640735,178.11826908822022,0.009749999999999998,0.010018169103468064,0.15131593366782553,0.15008302126212147,35.55745765474736,39,5,0,False
8.5,7,0.8,0.8667950831231649,0.7989410321005955,201.53274726755225,0.009749999999999998,0.010051211472791944,0.19169377863812995,0.16698181491276226,32.87005856916862,39,5,0,False
8.5,7,0.8,0.9515535747381056,0.5,217.627417243873,0.009749999999999998,0.009791073946892383,0.08077710562842387,0.09413022880846605,46.78507618983009,39,5,0,False
8.5,7,0.8,0.9317460651769828,0.6451159117896397,176.859848028883,0.009749999999999998,0.009961075431688714,0.12653138091096708,0.13412009854207627,38.364642900417444,39,5,0,False
8.5,7,0.8,0.8402068692955887,0.6320177956046659,181.84214136467864,0.009749999999999998,0.00994203638712462,0.13722963937255986,0.13222859083893107,38.735818620650136,39,5,0,False
8.5,7,0.8,0.8748259055189834,0.7054651026642609,184.95206450434583,0.009749999999999998,0.010002759744829037,0.15632216142206584,0.14824132541874646,35.85554957415317,39,5,0,False
8.5,7,0.8,0.8600432411754311,0.5,213.40327294153522,0.009749999999999998,0.009808881230059874,0.09187489661900287,0.09671153298049448,46.13721011304106,39,5,0,False
8.5,7,0.8,0.866037994783418,0.5308939229443209,201.85100378899247,0.009749999999999998,0.009840555670599339,0.10036969050494098,0.10497571367064745,44.13290964393942,39,5,0,False
8.5,7,0.8,1.05,0.7173656525913038,180.92774660589043,0.009749999999999998,0.010054177622642428,0.13185041732828132,0.14927524669111755,35.687303289416676,39,6,0,False
8.5,7,0.8,1.0040244293299554,0.580915648299634,192.18386349603927,0.009749999999999998,0.009895856394769822,0.09744105633937969,0.1156503705696758,41.82874921411789,39,6,0,False
8.5,7,0.8,0.9631476573671652,0.7063470491734141,177.81265616284173,0.009749999999999998,0.010020952566160207,0.14134402362822354,0.14771290866999512,35.94244097622686,39,6,0,False
8.5,7,0.8,0.87026509410655,0.6819021086851779,182.59418404103116,0.009749999999999998,0.009984997238825842,0.1489755421618832,0.14305598101523823,36.729733337055706,39,6,0,False
8.5,7,0.8,0.917717199848036,0.6761415718876411,176.48156651900385,0.009749999999999998,0.009987126032782389,0.1388159716474712,0.14133308571242736,37.0310858532291,39,6,0,False
8.5,7,0.8,0.9068376847824587,0.6921001354570522,177.38153524168138,0.009749999999999998,0.009998268834798598,0.14596787947014525,0.14502408422568736,36.39176692202921,39,6,0,False
8.5,7,0.8,0.9203303108367636,0.6608610989218752,176.55356578074276,0.009749999999999998,0.009974251985806103,0.13338011117533988,0.13784727554948306,37.661732702636264,39,6,0,False
8.5,7,0.8,0.9815732795842648,0.5409239634078304,203.36050185120237,0.009749999999999998,0.009842066011063699,0.08874520582443862,0.10494679496270913,44.13949862521306,39,6,0,False
8.5,7,0.8,0.8043092503116901,0.705686385496761,199.71736395056064,0.009749999999999998,0.009993833882795873,0.17069457628942614,0.1486713484096289,35.78529113740731,39,6,0,False
8.5,7,0.8,0.7907930437717449,0.6862957752057596,200.14643267060742,0.009749999999999998,0.009980601198309272,0.16640496312605801,0.1445429692392754,36.47369135687033,39,6,0,False
8.5,7,0.8,0.8441458232730393,0.698271321233528,189.99373692881184,0.009749999999999998,0.009993508931746685,0.1596957849197055,0.14685391322385669,36.08455396085652,39,6,0,False
8.5,7,0.8,1.0098522698570127,0.6926437074811015,179.22324642746543,0.009749999999999998,0.010021072666353157,0.1299539682961102,0.14407557453937203,36.55380060254975,39,6,0,False
8.5,7,0.8,0.8707873792774098,0.6535719442791298,178.69131456811118,0.009749999999999998,0.009962153307128338,0.13919644018009594,0.1367257523374164,37.86924252095363,39,6,0,False
8.5,7,0.8,0.86924435215692,0.6349751020942973,176.52728292449387,0.009749999999999998,0.009945817301327885,0.13320315018123274,0.13257310496168562,38.66790354882561,39,6,0,False
8.5,7,0.8,0.8868127336861623,0.7027116262590344,182.35902688767655,0.009749999999999998,0.010002820345538994,0.15314097014198003,0.14754796094471212,35.969691397602375,39,6,0,False
8.5,7,0.8,0.8872184524503783,0.7767126642506523,193.8588391805944,0.009749999999999998,0.010046667861234926,0.179187144045629,0.16263174234253805,33.52014908554165,39,6,0,False
8.5,7,0.8,0.8802421291234479,0.5809520607477359,187.13779432941988,0.009749999999999998,0.009892983452801546,0.11388649450826757,0.11819749435021953,41.31603330615623,39,6,0,False
8.5,7,0.8,0.7654861346465889,0.7242100631442581,212.1198256644515,0.009749999999999998,0.01000042055455999,0.18681170740932174,0.15261420603772805,35.13537208152809,39,6,0,False
8.5,7,0.8,0.967803192726499,0.6619981769981916,177.77167428429482,0.009749999999999998,0.009983077291217324,0.12650075247796827,0.13754130656992347,37.71801253616708,39,6,0,False
8.5,7,0.8,0.9122618018232926,0.6605826750030965,176.36727043438003,0.009749999999999998,0.009972845466978648,0.13458618723151267,0.13787494922134716,37.65665459074672,39,6,0,False
8.5,7,0.8,0.8483127900009773,0.7129856489482422,191.19074639420563,0.009749999999999998,0.010003740628208984,0.16414540030369937,0.15005219676345768,35.56238711226241,39,6,0,False
8.5,7,0.8,0.8853236270449435,0.6731511931007346,178.62640099038885,0.009749999999999998,0.009980017822967589,0.14329717946628576,0.14097058348463634,37.09531788519962,39,6,0,False
8.5,7,0.8,0.7979279944730524,0.6991159887596278,200.26550050791988,0.009749999999999998,0.009989197793835171,0.16963751264125246,0.14728193644445164,36.013618598793144,39,6,0,False
8.5,7,0.8,0.9675692515534793,0.682867465794734,177.81393572068703,0.009749999999999998,0.010002276452602241,0.1331232925224859,0.14233055015717844,36.856018105495686,39,6,0,False
8.5,7,0.8,0.9049106299697378,0.6569816511899367,176.21982790466163,0.009749999999999998,0.009968711179362802,0.13459591487341502,0.13713624624885845,37.792901207235445,39,6,0,False
8.5,7,0.8,0.9115197357145347,0.5,215.55767327048582,0.009749999999999998,0.009798003322880606,0.08539383569241293,0.09536544564174687,46.48849259714504,39,6,0,False
8.5,7,0.8,0.8733008185145831,0.6007128478884706,181.94772306807417,0.009749999999999998,0.00991333278801333,0.12127354924962412,0.12360625013957546,40.281779527143286,39,6,0,False
8.5,7,0.8,0.8559082295814866,0.6321596576515555,178.71679807845177,0.009749999999999998,0.009942636672832317,0.13453005436469637,0.13209074243936747,38.76309164144268,39,6,0,False
8.5,7,0.8,0.8722161013560497,0.8595178050478919,211.70600669413597,0.009749999999999998,0.01006980714142619,0.2132098745622043,0.1775668088459897,31.286223038496637,39,6,0,False
8.5,7,0.8,0.8857729941919263,0.7028420448807636,182.56276897930886,0.009749999999999998,0.010002708222505173,0.15337800255610176,0.14758559483601477,35.96346869631433,39,6,0,False
8.5,7,0.8,0.9789054296326984,0.5574700023588461,197.7978223732132,0.009749999999999998,0.009863999862924966,0.09373007744795811,0.10974546292630855,43.083494804232075,39,6,0,False
8.5,7,0.8,0.8786256879710209,0.566271912544085,191.13048525405605,0.009749999999999998,0.009877452608793831,0.10950831291055378,0.11430914021964593,42.106390643651736,39,6,0,False
8.5,7,0.8,0.8576800633432401,0.7303024897533779,192.01325191350773,0.009749999999999998,0.010015889858607116,0.16849168389163316,0.1535542897679886,34.975720782037904,39,6,0,False
8.5,7,0.8,0.8500364146784544,0.6435969265696247,181.39594704503864,0.009749999999999998,0.009952324677017585,0.13944307669022418,0.13470033818521207,38.25267493378081,39,6,0,False
8.5,7,0.8,0.8284103257433617,0.6145224818182137,184.9447250856226,0.009749999999999998,0.009926758436647512,0.13334037712787708,0.12795381310989462,39.500225278408884,39,6,0,False
8.5,7,0.8,0.8108116466330604,0.7092047830296511,198.7199755315207,0.009749999999999998,0.009996573987873875,0.17059453051346798,0.14940774623214578,35.66590923133059,39,6,0,False
8.5,7,0.8,0.9183013567607907,0.6989730747234649,176.55412837022305,0.009749999999999998,0.010005612850723572,0.1463093834293416,0.1464658996585042,36.14921443322934,39,6,0,False
8.5,7,0.8,0.7450270203006188,0.6664947008854467,209.07068615886814,0.009749999999999998,0.009966705576172144,0.1692549182842704,0.14050743041063163,37.17786290908682,39,6,0,False
8.5,7,0.8,0.9313861152027271,0.7035272281111598,176.90803884713344,0.009749999999999998,0.01001170702841015,0.14561166897212455,0.14737282115775882,35.99860910867806,39,6,0,False
8.5,7,0.8,0.7442519420093686,0.7221345225807533,217.48760839298484,0.009749999999999998,0.009997670032859621,0.19135272496367128,0.15224004389798665,35.19951208595183,39,6,0,False
8.5,7,0.8,0.8961323362365752,0.6166451062687258,178.91405449708026,0.009749999999999998,0.009929789079482363,0.12286206065531083,0.127520519514857,39.57611833832456,39,6,0,False
8.5,7,0.8,0.8787607645508807,0.6836337019560502,181.2362721294813,0.009749999999999998,0.009987417714761722,0.14803432804374786,0.14337214910427418,36.674915444898595,39,6,0,False
8.5,7,0.8,1.0326050250575987,0.7444819826489814,180.52268675275457,0.009749999999999998,0.010069104038304412,0.14274614224419063,0.15527363543048475,34.6891526844908,39,6,0,False
8.5,7,0.8,0.9567568119810818,0.6592059696051898,177.45938518031483,0.009749999999999998,0.009978384377953469,0.1272513796966608,0.13703749966173462,37.81122416549549,39,6,0,False
8.5,7,0.8,0.9203769722300749,0.7490179623254266,183.4636459745641,0.009749999999999998,0.01004000368285548,0.16295015962935983,0.15700885747572033,34.4051048942871,39,6,0,False
8.5,7,0.8,0.8681171611126554,0.595095748467933,183.17484195078003,0.009749999999999998,0.009907793315595223,0.12026736060335208,0.12219230523791105,40.545828219349254,39,6,0,False
8.5,7,0.8,0.9294452985635708,0.6425322822954086,176.8115839604911,0.009749999999999998,0.009958228769955963,0.126058367790991,0.13356206432135614,38.47324109983821,39,6,0,False
8.5,7,0.8,0.8968427075353782,0.6858169693866991,178.26733436055062,0.009749999999999998,0.009991729309436917,0.14557986250882787,0.14370627615930434,36.61724429558775,39,6,0,False
8.5,7,0.8,0.9306500516645656,0.6947638922867729,176.85154008424485,0.009749999999999998,0.01000475024855335,0.14282963381943245,0.1454074742079691,36.326868770989435,39,6,0,False
8.5,7,0.8,0.8066898535183028,0.7563221147340455,207.43282360859308,0.009749999999999998,0.01002122885161234,0.18934696054416245,0.15878747195533996,34.118744361694695,39,6,0,False
8.5,7,0.8,0.871397665759895,0.6762803581672132,181.6180536809848,0.009749999999999998,0.009980762442907196,0.14683441282150717,0.1417947057598483,36.94976240746534,39,6,0,False
8.5,7,0.8,0.9315362774463419,0.8587448838053278,200.0901111303474,0.009749999999999998,0.01008663937622557,0.19944877553374335,0.17749077392631202,31.29770135563117,39,6,0,False
8.5,7,0.8,0.9543300123777279,0.808346431476378,187.25122049742475,0.009749999999999998,0.010078572854359345,0.17705224927002075,0.1686277720613082,32.63109798454439,39,6,0,False
8.5,7,0.8,0.9418062689721957,0.694113903144831,177.13610785510792,0.009749999999999998,0.010006413367098482,0.14079027260662752,0.14515628633403932,36.36935001887168,39,6,0,False
8.5,7,0.8,0.9091558571733138,0.7021218258450181,178.33462113702598,0.009749999999999998,0.010006261408498078,0.14894996263381888,0.14724711156200057,36.01937475372839,39,6,0,False
8.5,7,0.8,0.9365141272052375,0.6283471534983884,177.68391821486216,0.009749999999999998,0.009944864416832762,0.12051920481509909,0.1300446303371636,39.138840432585546,39,6,0,False
8.5,7,0.8,0.9809897617171824,0.731663095914147,178.56072647012553,0.009749999999999998,0.010044411718946088,0.14669707679481975,0.1530775078578674,35.056424546434144,39,6,0,False
8.5,7,0.8,0.973324490220288,0.6821574033750015,177.98708205197812,0.009749999999999998,0.010002927380037104,0.13202831365444792,0.1420999498135213,36.896275139218965,39,6,0,False
8.5,7,0.8,0.9707599182405853,0.7919539374014274,182.1216827015175,0.009749999999999998,0.01007658990444405,0.1684036870139909,0.16533328740138242,33.11301397494831,39,7,0,False
8.5,7,0.8,1.0270511228638939,0.6990482771004322,179.8878021460569,0.009749999999999998,0.010031511151698395,0.12948035081095147,0.14533744316271055,36.33869786355981,39,7,0,False
8.5,7,0.8,0.9137578569880735,0.7651943917974314,187.17701571685603,0.009749999999999998,0.010047368742633738,0.16981748109351089,0.16027086108943034,33.885182718820246,39,7,0,False
8.5,7,0.8,0.8898634900940741,0.7188080905000229,184.0053037277028,0.009749999999999998,0.010014406955108093,0.1581588200177269,0.15109140267121748,35.39665939845613,39,7,0,False
8.5,7,0.8,0.9297361000147081,0.7611929685464481,183.82188997207825,0.009749999999999998,0.010049264993499164,0.16541418036574024,0.15939892508305978,34.021900429149696,39,7,0,False
8.5,7,0.8,0.7987058827821232,0.6098156319543784,191.7774413269801,0.009749999999999998,0.009923739472427993,0.137120455125708,0.12710914321785935,39.648571620866804,39,7,0,False
8.5,7,0.8,0.8822411159495915,0.7272701827296616,186.7685188670298,0.009749999999999998,0.010018465446742928,0.16256191196922362,0.1528374548053506,35.09726502496876,39,7,0,False
8.5,7,0.8,0.9827734435100958,0.9355233925348315,205.4915636286438,0.009749999999999998,0.010109035371204542,0.21576710540830496,0.18982541698491198,29.559049702345572,39,7,0,False
8.5,7,0.8,1.013116066323056,0.7891204495015316,180.3114929626596,0.009749999999999998,0.010088957907822545,0.1601038452037884,0.1645278449313907,33.23305486805517,39,7,0,False
8.5,7,0.8,0.9610438801806453,0.7143825713820292,177.799931273407,0.009749999999999998,0.010026604116548928,0.14429621463988246,0.149548434792502,35.64323408892731,39,7,0,False
8.5,7,0.8,0.8791468905985865,0.7085846180822293,184.5742108671154,0.009749999999999998,0.010005633534842268,0.15659940234665656,0.14890041113417882,35.74803078741349,39,7,0,False
8.5,7,0.8,0.9756304647131554,0.7025972194931308,178.16705718828103,0.009749999999999998,0.01002094065084635,0.13817845587454292,0.14673720109887084,36.103967708663866,39,7,0,False
8.5,7,0.8,0.9131203580259805,0.6383726962273116,176.48231041940582,0.009749999999999998,0.009952426663361947,0.12722637212876683,0.13281987027039416,38.619090686299366,39,7,0,False
8.5,7,0.8,0.8773367344780053,0.6353413484241336,175.83482906850787,0.009749999999999998,0.00994662931267641,0.1319735840346328,0.13256333122149053,38.66982544413232,39,7,0,False
8.5,7,0.8,0.8823092929843234,0.6752223043360099,179.44767219748917,0.009749999999999998,0.009981256084006919,0.1445304369255783,0.14146347479128532,37.00806195014157,39,7,0,False
8.5,7,0.8,0.861427681572436,0.7797933583716687,199.4194177173895,0.009749999999999998,0.010042149272574036,0.18577991468663926,0.1632862311255411,33.42062113331642,39,7,0,False
8.5,7,0.8,0.8924106156280077,0.7882466832088347,194.77051199583462,0.009749999999999998,0.01005311299565727,0.18227350518114063,0.16487323749470245,33.18142284291354,39,7,0,False
8.5,7,0.8,0.9898457635123726,0.708217092422418,178.6540695895728,0.009749999999999998,0.010029052497910926,0.1377894903889478,0.14786789755141078,35.91689098044358,39,7,0,False
8.5,7,0.8,0.960646216731987,0.7272152303612425,177.89270417537833,0.009749999999999998,0.010035908960168493,0.1485626194402042,0.15232581962888753,35.184777810238195,39,7,0,False
8.5,7,0.8,0.910569955815807,0.7153713771376409,179.89528458313782,0.009749999999999998,0.01001612604431893,0.15319759134784292,0.1501867341070058,35.54083813654828,39,7,0,False
8.5,7,0.8,0.9357064671430864,0.7111723506378895,177.0636029398144,0.009749999999999998,0.010018363450491162,0.147426299781598,0.14904950610991607,35.72383944454045,39,7,0,False
8.5,7,0.8,0.834074587792725,0.6494402929598933,185.42898131017327,0.009749999999999998,0.00995635160087872,0.14436681894037282,0.13615337585853685,37.97645125395532,39,7,0,False
8.5,7,0.8,0.9022301599038125,0.7062199618455933,180.09285930067134,0.009749999999999998,0.010008037890128623,0.15156229476133987,0.1482114769585401,35.86044134716247,39,7,0,False
8.5,7,0.8,0.9811482944740479,0.7392320512637661,178.63593217509546,0.009749999999999998,0.010049671461702254,0.14913125304612948,0.15463076204007412,34.795494407198326,39,7,0,False
8.5,7,0.8,0.8504392387862788,0.7603798458103254,198.44898910949036,0.009749999999999998,0.010030854495940126,0.18099089637449717,0.1595148258458913,34.00363430248163,39,7,0,False
8.5,7,0.8,0.8992353343331052,0.882565546461831,210.7468419653043,0.009749999999999998,0.010080911582444585,0.2154667513828791,0.18133372387864374,30.73249180194409,39,7,0,False
8.5,7,0.8,0.8752716115512678,0.7166158773404697,186.4029521920134,0.009749999999999998,0.010010333852687188,0.16014978595759058,0.1506982007313602,35.4591135200059,39,7,0,False
8.5,7,0.8,0.8819365799210321,0.6384929909832119,175.88373869583205,0.009749999999999998,0.009949805866153261,0.13225828166142123,0.13321813682445072,38.54062479440064,39,7,0,False
8.5,7,0.8,0.8714277328109795,0.5854511380051075,185.70476119352222,0.009749999999999998,0.00989796692837685,0.11664874321898767,0.11956003661427647,41.04927038001323,39,7,0,False
8.5,7,0.8,0.8903315702857026,0.7213328112015229,184.32078917283823,0.009749999999999998,0.010016214644467078,0.15894713148723066,0.15160382480770654,35.30936771873203,39,7,0,False
8.5,7,0.8,1.002581480906842,0.8192629974115023,181.6418512163489,0.009749999999999998,0.010098382919007127,0.17185338520036036,0.17057608298009938,32.35469963640925,39,7,0,False
8.5,7,0.8,0.8730404780600578,0.7643919452637803,194.55799809267057,0.009749999999999998,0.010037471138483314,0.17766863846976824,0.1602507606239165,33.88831633114537,39,7,0,False
8.5,7,0.8,0.896052698188648,0.6731099750024943,176.70375794345276,0.009749999999999998,0.009981382013274613,0.14143453483123938,0.1408617374197843,37.114668428942636,39,7,0,False
8.5,7,0.8,0.911863944871232,0.6485345855355393,176.39743152564063,0.009749999999999998,0.009961858710151627,0.1307149442409148,0.1351398767732283,38.16849526581005,39,7,0,False
8.5,7,0.8,0.854988719262107,0.7713277758611432,199.33183267534216,0.009749999999999998,0.010037010832190435,0.18404978611504738,0.16164642939559729,33.671423225544494,39,7,0,False
8.5,7,0.8,0.8723137434554881,0.6791648534753134,181.8363142397079,0.009749999999999998,0.009983149164209056,0.1476596946525804,0.14243016089277424,36.8386684554838,39,7,0,False
8.5,7,0.8,0.8556845868008743,0.7531122918808525,196.1615597088544,0.009749999999999998,0.010028169372531488,0.17719765595419348,0.15807669773161814,34.23234039422507,39,7,0,False
8.5,7,0.8,0.8005876690530022,0.7006845781829576,199.86054438949878,0.009749999999999998,0.009990356740785767,0.16964393912117526,0.1476106645741928,35.959325210571016,39,7,0,False
8.5,7,0.8,0.8510595592645485,0.7066104877272472,189.74779107272622,0.009749999999999998,0.010000005640441898,0.16130999739844626,0.14863972129401226,35.790444705508065,39,7,0,False
8.5,7,0.8,0.8707937081888628,0.7629802073963964,194.77147804751831,0.009749999999999998,0.010036324067435922,0.17762133760227475,0.15997659854095517,33.93114241545915,39,7,0,False
8.5,7,0.8,0.9274776631201974,0.6826377682902619,176.7328503454174,0.009749999999999998,0.009994277552839529,0.13935439618238601,0.14270494552485555,36.790879604899814,39,7,0,False
8.5,7,0.8,0.8885788202362332,0.7385749471562351,187.41326713983742,0.009749999999999998,0.010026643784420195,0.16532262801319053,0.15507259055274314,34.72230632379595,39,7,0,False
8.5,7,0.8,0.9428681237826119,0.6884624575396431,177.14503736465838,0.009749999999999998,0.010002011883636563,0.13877274121269664,0.14386758531412433,36.58949715785637,39,7,0,False
8.5,7,0.8,0.9678582806107854,0.6424460099636142,177.79039821719434,0.009749999999999998,0.009963577188588072,0.12040956068194258,0.13303169224073202,38.577299339059365,39,7,0,False
8.5,7,0.8,0.920462941903344,0.695729594633923,176.59840208320375,0.009749999999999998,0.010003548501308215,0.14485604232362592,0.14571804929251483,36.2745448538139,39,7,0,False
8.5,7,0.8,0.9113967782347823,0.6920519968100284,176.5987745906909,0.009749999999999998,0.009999019945588985,0.14516853141819758,0.14497353687433698,36.40034873681296,39,7,0,False
8.5,7,0.8,0.9915457595895458,0.6774747108221587,178.531853022137,0.009749999999999998,0.01000270509514332,0.12788302517097228,0.14080344543109838,37.125043730178504,39,7,0,False
8.5,7,0.8,0.9250992125933873,0.7246110313440682,178.8071912686341,0.009749999999999998,0.01002554188449559,0.15376468352119868,0.15205248974086027,35.23179268939514,39,7,0,False
8.5,7,0.8,0.9134011725960826,0.8037592444315977,193.45231782458077,0.009749999999999998,0.01006493801645948,0.18352159713076852,0.16784788060965072,32.74368769197404,39,7,0,False
8.5,7,0.8,0.8906391672600608,0.6530872465214126,175.95172320240957,0.009749999999999998,0.009963676404576523,0.13565750309519053,0.1364079617088721,37.92865601064338,39,7,0,False
8.5,7,0.8,0.8580307322832326,0.6939301784793404,186.60192296800386,0.009749999999999998,0.009992266589233249,0.15545514443096153,0.145809477893936,36.25918361440379,39,7,0,False
8.5,7,0.8,0.9508936234966934,0.6917660557423618,177.37732003753402,0.009749999999999998,0.010006394060442857,0.1385667329945742,0.1445338406983296,36.47525100997347,39,7,0,False
8.5,7,0.8,0.8661628078178406,0.9143680612418127,224.06331601414166,0.009749999999999998,0.010073668413276223,0.2358737271305949,0.1862643311744197,30.04012227168034,39,7,0,False
8.5,7,0.8,0.9113864017228892,0.6775036860688386,176.33600239532416,0.009749999999999998,0.00998725655178345,0.14031571627576656,0.14170403408927582,36.96569457087297,39,7,0,False
8.5,7,0.8,0.9101960184623965,0.7373840698626656,183.36009902249296,0.009749999999999998,0.010030567491881939,0.1608194575817788,0.1547227466971622,34.780220040141856,39,7,0,False
8.5,7,0.8,0.886927943716562,0.7050067784333438,182.651711368442,0.009749999999999998,0.010004459145800861,0.15391346929917743,0.14805537220597423,35.88605683705633,39,7,0,False
8.5,7,0.8,0.9109184115780824,0.8062215199414028,194.29717103168883,0.009749999999999998,0.010065201933085062,0.18491216051845868,0.16833066386184237,32.67385668943552,39,7,0,False
8.5,7,0.8,0.9273249238411214,0.8139190203117688,192.64025908994262,0.009749999999999998,0.010072678270188444,0.18430542203611078,0.16979128940318858,32.465209624918984,39,7,0,False
8.5,7,0.8,0.9067826909434608,0.754063296731755,186.61902669485434,0.009749999999999998,0.010039609955368518,0.16726185988522038,0.15808237231515662,34.23142908951425,39,8,0,False
8.5,7,0.8,0.7966864247418199,0.7588218444623477,210.2448214717402,0.009749999999999998,0.010020792529839081,0.19270883464406657,0.1592778085641225,34.04101930767509,39,8,0,False
8.5,7,0.8,0.8728996519921173,0.6352283984814359,175.8752936871743,0.009749999999999998,0.009946256403152352,0.13267441940840702,0.13258867365696497,38.66484272202978,39,8,0,False
8.5,7,0.8,0.8967823030836005,0.6670770415290763,176.02829898640306,0.009749999999999998,0.009976455885550753,0.1392902910420286,0.13949923757468788,37.359430743069616,39,8,0,False
8.5,7,0.8,0.8613786275511157,0.6510940323049903,180.1597789360847,0.009749999999999998,0.00995932793767273,0.13999799556539227,0.1362629768799268,37.95585334584613,39,8,0,False
8.5,7,0.8,0.9082457352738628,0.6615136090754439,176.28135893671973,0.009749999999999998,0.009973163058124178,0.13554325507764675,0.13812948943342715,37.610040797689834,39,8,0,False
8.5,7,0.8,0.8587715666803637,0.6362515823098613,178.698965066225,0.009749999999999998,0.009946398260295036,0.135416898707777,0.13297385636921275,38.58869683097832,39,8,0,False
8.5,7,0.8,0.9837587813370076,0.6318845013225836,178.77586866665763,0.009749999999999998,0.009954814616260783,0.11498802966926364,0.13020244463782465,39.11192817232788,39,8,0,False
8.5,7,0.8,0.992600287701702,0.7811234277690996,179.48971225831707,0.009749999999999998,0.010078159474397094,0.16095039277541243,0.16305404151057046,33.455920154875635,39,8,0,False
8.5,7,0.8,0.8699499744711197,0.7175287337069522,187.54327411776825,0.009749999999999998,0.010010031391479999,0.1614963471732186,0.15092966965616075,35.42230911455467,39,8,0,False
8.5,7,0.8,0.9010909345185565,0.7125354324947047,181.15452854645795,0.009749999999999998,0.010012330554053329,0.15392640273763203,0.1496227756386207,35.63126945454635,39,8,0,False
8.5,7,0.8,0.8361381347648285,0.7036257046441404,192.40114015093314,0.009749999999999998,0.009996044144207027,0.1632305071376668,0.14807225573678948,35.88328379913443,39,8,0,False
8.5,7,0.8,0.9070837071696258,0.6609941047682881,176.25377900580185,0.009749999999999998,0.009972523845275114,0.13556336491892165,0.13802494070134705,37.62916619259895,39,8,0,False
8.5,7,0.8,0.8947672086912674,0.6797542150633685,177.81447899436174,0.009749999999999998,0.009986583154895836,0.1438927030119348,0.14236828038148178,36.84944363735614,39,8,0,False
8.5,7,0.8,0.8830215253501701,0.7147313296852618,184.69913186153008,0.009749999999999998,0.010010468267336972,0.15801773436208688,0.15023405213093002,35.53325422124049,39,8,0,False
8.5,7,0.8,0.8687552552981888,0.7726882806498778,196.7693719182768,0.009749999999999998,0.010040547557998675,0.18159006832662775,0.1618873046268943,33.634257407542115,39,8,0,False
8.5,7,0.8,0.8950813679496114,0.7750882130881719,192.1215571539566,0.009749999999999998,0.010047741298252113,0.1770009040653841,0.1622926195002781,33.57198952297828,39,8,0,False
8.5,7,0.8,0.8938906609264748,0.6973192765785088,180.34807247826473,0.009749999999999998,0.010000045212251596,0.15001132517381424,0.14629706284676716,36.177456665119195,39,8,0,False
8.5,7,0.8,0.9315284204824981,0.7007312039030698,176.89905881939546,0.009749999999999998,0.010009595123687464,0.1446594478398417,0.14674277984838296,36.103039048373475,39,8,0,False
8.5,7,0.8,0.8762618118836558,0.6987988390284875,183.7678718379668,0.009749999999999998,0.009998306612939335,0.15372942010650653,0.14675797975407068,36.10050916899205,39,8,0,False
8.5,7,0.8,0.9064548891462367,0.6949624861615109,177.82935955891804,0.009749999999999998,0.010000374263495796,0.14700091784317082,0.14566944454867284,36.2827188930492,39,8,0,False
8.5,7,0.8,0.9205034006150837,0.6999718671118903,176.61382823461355,0.009749999999999998,0.010006809236154901,0.14626751794116688,0.14667015789547985,36.115133470512,39,8,0,False
8.5,7,0.8,0.9224667344123442,0.7074166401845495,176.81927290153797,0.009749999999999998,0.010012769448905409,0.14842746967392184,0.14832031635019124,35.84261343804878,39,8,0,False
8.5,7,0.8,0.9046692691732494,0.6811204248635313,176.27629628137078,0.009749999999999998,0.009989218694235592,0.14265126442307066,0.1425830226074824,36.81209046555132,39,8,0,False
8.5,7,0.8,0.9062024877254271,0.6231356211327834,177.78672567103118,0.009749999999999998,0.009936849381357676,0.12339828592744097,0.1291184862226462,39.29788397598653,39,8,0,False
8.5,7,0.8,0.8610405086613955,0.7099294932966078,188.22232606865896,0.009749999999999998,0.010003656993920905,0.1605326553958927,0.14931004519151891,35.68168089726757,39,8,0,False
8.5,7,0.8,0.873667089945759,0.730067665633584,188.84153071389298,0.009749999999999998,0.010018583484625162,0.16521723146790374,0.153438663631694,34.99524249213904,39,8,0,False
8.5,7,0.8,0.8970578834565223,0.7525209664616502,188.11055322390197,0.009749999999999998,0.010036509517435725,0.16859569335789112,0.157817479258692,34.27404528979741,39,8,0,False
8.5,7,0.8,0.8766007307126011,0.5260922596369191,203.915963759837,0.009749999999999998,0.009833758669697244,0.09746204953050265,0.10341080246134261,44.49370336450135,39,8,0,False
8.5,7,0.8,0.8786269266818636,0.7117592044644975,185.10254831571126,0.009749999999999998,0.010007666578099029,0.15780857863399805,0.14960690760125223,35.63382231358375,39,8,0,False
8.5,7,0.8,0.8272824924131634,0.9415372973494258,239.06518893101108,0.009749999999999998,0.010062529836304632,0.25757756820304406,0.19019702851823397,29.509561716139487,39,8,0,False
8.5,7,0.8,0.8904673234467375,0.715614228086187,183.4587652103589,0.009749999999999998,0.01001239258248599,0.15693619067358205,0.15038125492539706,35.5096915679511,39,8,0,False
8.5,7,0.8,0.9097607295199264,0.6986012690809427,177.75469046389347,0.009749999999999998,0.010003725449966729,0.14765554541356773,0.1464558559468371,36.150892687224086,39,8,0,False
8.5,7,0.8,0.9392425833694413,0.7361472446948079,178.3235764506809,0.009749999999999998,0.010036544966671035,0.1551785665541819,0.15429963583212378,34.85064232340267,39,8,0,False
8.5,7,0.8,0.9367984544928747,0.7360424930246138,178.70036863653513,0.009749999999999998,0.01003588889173163,0.15557071736935524,0.15429379376182442,34.851617601768886,39,8,0,False
8.5,7,0.8,1.009752485621496,0.7030644696568457,179.29467057035183,0.009749999999999998,0.010030148456709052,0.13320055000621436,0.14646960821468435,36.148594809876634,39,8,0,False
8.5,7,0.8,0.8981859279736835,0.6926767750137243,178.9576216275765,0.009749999999999998,0.00999723763715026,0.14767039534132925,0.14522732037524433,36.35732184482898,39,8,0,False
8.5,7,0.8,0.9025828957058942,0.6544579914927533,176.1815076284267,0.009749999999999998,0.009966194007112602,0.13414391211275484,0.1365887079485708,37.89483045637099,39,8,0,False
8.5,7,0.8,0.8416024569728922,0.6654314144143195,186.0145342842666,0.009749999999999998,0.009969411156213167,0.14855333436080345,0.1396342287645799,37.334968594505895,39,8,0,False
8.5,7,0.8,0.9895899896389494,0.7150595512736709,178.7013594840383,0.009749999999999998,0.010034442923856869,0.14000375305685542,0.149424751475534,35.66316620212482,39,8,0,False
8.5,7,0.8,0.9342920991047682,0.752468366531613,181.68919417049747,0.009749999999999998,0.010045440598599766,0.16159039031729094,0.15762754135039106,34.3046985139938,39,8,0,False
8.5,7,0.8,1.043599418475028,0.7042534577632842,180.55919900123467,0.009749999999999998,0.010040997159982131,0.12875733335165068,0.14633158881994332,36.17167605100073,39,8,0,False
8.5,7,0.8,0.8684312977869855,0.6861345694733465,183.51943923675103,0.009749999999999998,0.009987963187612166,0.15077713760379105,0.1440097022135388,36.56510244698204,39,8,0,False
8.5,7,0.8,0.9503796347433701,0.642244276286479,177.32360263972916,0.009749999999999998,0.009960729929549057,0.1228552016440041,0.1332238811315266,38.53949649122667,39,8,0,False
8.5,7,0.8,0.8776759947465589,0.6715026290978321,179.80608795906858,0.009749999999999998,0.009977747778733394,0.14407805226160705,0.1406712677188718,37.14860146359443,39,8,0,False
8.5,7,0.8,0.8792756895515241,0.7528555854465626,191.47440459206788,0.009749999999999998,0.010032841336731917,0.17223229890785893,0.15795100832506972,34.25254361337179,39,8,0,False
8.5,7,0.8,0.958845547378018,0.7140254156225769,177.73082812153237,0.009749999999999998,0.010025790144822626,0.1445368318579845,0.14948844191441896,35.65289812173875,39,8,0,False
8.5,7,0.8,0.8897086664676859,0.7090001750863539,182.69245553575288,0.009749999999999998,0.01000772629691125,0.15478475171434014,0.14892070016656136,35.744735972084456,39,8,0,False
8.5,7,0.8,0.8825305141943078,0.7483960061316464,190.12699273752153,0.009749999999999998,0.010031058118343277,0.16998849192144533,0.15705778700717313,34.39713273036745,39,8,0,False
8.5,7,0.8,0.9322012905705194,0.6314376448071046,176.93876769209848,0.009749999999999998,0.00994751707701986,0.12212654174359684,0.13096229694323808,38.98310852552863,39,8,0,False
8.5,7,0.8,0.925354027472818,0.7289539022351983,179.45853408694325,0.009749999999999998,0.010028577060999116,0.15518825339508283,0.15292783884295044,35.08187151926176,39,8,0,False
8.5,7,0.8,0.8413070565201609,0.6142289774168936,182.48243376605214,0.009749999999999998,0.009926372075021913,0.13099082711951957,0.12769544804247368,39.54542723461137,39,8,0,False
8.5,7,0.8,0.9476784740831262,0.659337588977663,177.22659649391625,0.009749999999999998,0.009977048805476191,0.12864872551121184,0.13717749802151655,37.785254452404764,39,8,0,False
8.5,7,0.8,0.8549443106392735,0.7177765650284881,190.52219149429183,0.009749999999999998,0.010007783783639961,0.16453662893581883,0.15106454312266357,35.40091535977455,39,8,0,False
8.5,7,0.8,0.8959775391992139,0.7397167305040226,186.2496082307997,0.009749999999999998,0.010028911159600447,0.16430097592121873,0.15526548246749391,34.690495357408516,39,8,0,False
8.5,7,0.8,0.8981579393064962,0.7175255596976711,182.34697827585205,0.009749999999999998,0.010015153590329425,0.15617924264624297,0.1507520611340939,35.450539502186714,39,8,0,False
8.5,7,0.8,0.9088435105128525,0.8270919794877559,198.1978945463951,0.009749999999999998,0.010071820706905857,0.19286831123834172,0.17224933498333572,32.10539514974591,39,8,0,False
8.5,7,0.8,0.8465300763028142,0.7712165661294769,201.0781410223246,0.009749999999999998,0.010035230861708632,0.18586872182359415,0.1616375968646975,33.67278832590027,39,8,0,False
8.5,7,0.8,0.8566272315998888,0.7058849286787242,188.53132210342173,0.009749999999999998,0.010000301526824176,0.15995740031643868,0.14844837346096362,35.8216709445639,39,9,0,False
8.5,7,0.8,0.9181493024105734,0.6526337963430446,176.51564542207663,0.009749999999999998,0.009966392201670421,0.1310542267875608,0.1359992696596122,38.00546897972609,39,9,0,False
8.5,7,0.8,0.855674997509353,0.581154709702989,186.399446582951,0.009749999999999998,0.00989432863884043,0.11770606777466097,0.11868868451842049,41.219277810307055,39,9,0,False
8.5,7,0.8,0.8966709311082943,0.6551294340680269,176.05731713517733,0.009749999999999998,0.009966099773506607,0.13533629284934923,0.1368059937852388,37.85428399691867,39,9,0,False
8.5,7,0.8,0.9181153191745964,0.6381485147596719,176.5893897285532,0.009749999999999998,0.009952724858295946,0.12638287899811093,0.13270688708649614,38.64143625380348,39,9,0,False
8.5,7,0.8,0.9244139236096205,0.7374022808571368,180.94421365573206,0.009749999999999998,0.010033816853061628,0.1582323709744294,0.1546457627079643,34.793002152788475,39,9,0,False
8.5,7,0.8,0.890902487122258,0.6312370848318656,176.10289625808906,0.009749999999999998,0.009943682767326538,0.1284139918217699,0.1314742201935208,38.88565875744986,39,9,0,False
8.5,7,0.8,0.9365166410552924,0.5052737576372182,214.55020251883502,0.009749999999999998,0.009800003547450647,0.0839422082521982,0.09613747172345255,46.28614966141278,39,9,0,False
8.5,7,0.8,0.8014201273176531,0.671567530371249,195.59840536702617,0.009749999999999998,0.009971327771200121,0.1586968610695695,0.14127890075178323,37.040666143513576,39,9,0,False
8.5,7,0.8,0.8567540002075245,0.7137516274563929,189.59719512237461,0.009749999999999998,0.01000548323491187,0.16273649618932318,0.15017484412585463,35.5427445549664,39,9,0,False
8.5,7,0.8,0.9092117626823768,0.7108045968894774,179.509638056582,0.009749999999999998,0.010012643504246676,0.1518834531356402,0.14917888108742672,35.702886657668756,39,9,0,False
8.5,7,0.8,0.8782487083068828,0.69024251232307,182.22996438314547,0.009749999999999998,0.009992349182120242,0.1504013080550368,0.14484507701922272,36.42218514168982,39,9,0,False
8.5,7,0.8,0.8802577765485753,0.7400314811815101,189.19927420321343,0.009749999999999998,0.010025811481990441,0.16746165371948232,0.15540203345084555,34.66802749343112,39,9,0,False
8.5,7,0.8,0.8785868207574125,0.6790254731632589,180.64790594786768,0.009749999999999998,0.009983842987868566,0.14648484852707302,0.14234555181293895,36.85340366344102,39,9,0,False
8.5,7,0.8,0.8838816128633011,0.6927288988251006,181.5327042536059,0.009749999999999998,0.009995057299619744,0.15023479297704223,0.14535281775162556,36.336099939739135,39,9,0,False
8.5,7,0.8,0.8886847747099685,0.7315583568178413,186.27021473921502,0.009749999999999998,0.010022423484572421,0.16283311476511766,0.15366307572972937,34.95738305984603,39,9,0,False
8.5,7,0.8,0.8910574293692921,0.698431778900414,181.00387088728343,0.009749999999999998,0.010000377482625914,0.1509010870121025,0.14656718093186144,36.13230361652236,39,9,0,False
8.5,7,0.8,0.8452781132797338,0.7049014679396789,190.68480523334964,0.009749999999999998,0.00999808450066688,0.16184724152522015,0.14829885758183517,35.8461263282169,39,9,0,False
8.5,7,0.8,0.8651504172884086,0.6878237041965954,184.37202263492534,0.009749999999999998,0.009988723391614163,0.1519761704294037,0.14441096760873517,36.49626352850721,39,9,0,False
8.5,7,0.8,0.8838422618494803,0.6556326408011292,176.554853111558,0.009749999999999998,0.009965163844934507,0.13765060098413845,0.13705572006378672,37.80784130584417,39,9,0,False
8.5,7,0.8,0.8621933330652307,0.7137008457975763,188.51305438860845,0.009749999999999998,0.010006266371202034,0.1616498680816966,0.15013451180820678,35.54921360332529,39,9,0,False
8.5,7,0.8,0.8976679986499592,0.7288775624355492,184.21495615691282,0.009749999999999998,0.010022579205618616,0.16019800714720797,0.1530762532988896,35.056637623673595,39,9,0,False
8.5,7,0.8,0.8884154473534153,0.7000935620326543,181.70588663062284,0.009749999999999998,0.010001150631551586,0.15194944888622214,0.14695668438437762,36.06748449403683,39,9,0,False
8.5,7,0.8,0.8363719724877716,0.6804007662537709,189.12771315062284,0.009749999999999998,0.009980093257969957,0.15484825112786268,0.14298263972716976,36.74248384718767,39,9,0,False
8.5,7,0.8,0.9326324522787024,0.5903395083886479,186.4663063284264,0.009749999999999998,0.009903215689036548,0.1093176473681138,0.11974913000984261,41.012543117628866,39,9,0,False
8.5,7,0.8,0.8706174602214666,0.6197191151735152,177.51485342443186,0.009749999999999998,0.009931781655199654,0.12791207394134346,0.12874005249006643,39.36342130239901,39,9,0,False
8.5,7,0.8,0.888281665810107,0.7018535424787506,181.97630083373647,0.009749999999999998,0.010002458903320605,0.15257666455545735,0.14734643557620172,36.002964760129124,39,9,0,False
8.5,7,0.8,0.8864773661855133,0.7179113888888147,184.49971221964782,0.009749999999999998,0.01001319195612729,0.15847961029034688,0.1509144977038634,35.424718078263176,39,9,0,False
8.5,7,0.8,0.8845038622350249,0.7815046462094437,195.15507947937476,0.009749999999999998,0.010048177771100918,0.1814842370313443,0.1635772731475244,33.37637659895161,39,9,0,False
8.5,7,0.8,0.8716323487357861,0.6653502297381706,180.1022607473742,0.009749999999999998,0.00997205738402655,0.14304959322834104,0.1393549023627746,37.385638361905414,39,9,0,False
8.5,7,0.8,0.8605673062885459,0.8887442550150317,220.07895960579367,0.009749999999999998,0.010070735859284667,0.2273455434078166,0.1822227636428195,30.60591969544995,39,9,0,False
8.5,7,0.8,0.8976013554494243,0.6816503054819416,177.57203072028952,0.009749999999999998,0.009988544877719215,0.14404125769778425,0.14276755519935858,36.779951811634525,39,9,0,False
8.5,7,0.8,0.8985363509368783,0.6981792145974073,179.63901053118076,0.009749999999999998,0.010001428153211573,0.14948051068492577,0.14645321183716997,36.151334542778514,39,9,0,False
8.5,7,0.8,0.8573909478909769,0.6877103099149754,185.8749106397225,0.009749999999999998,0.009987725763748437,0.15338936423223254,0.1444407505862182,36.491167078286146,39,9,0,False
8.5,7,0.8,0.9608538857110989,0.6547478668244495,177.5779565780486,0.009749999999999998,0.009974812066072213,0.12524390668310664,0.1359569886194505,38.01344178362844,39,9,0,False
8.5,7,0.8,0.9417447272270346,0.7146523732062164,177.25536184832285,0.009749999999999998,0.010022317873499121,0.14756370230840096,0.1497778944974327,35.60634208211361,39,9,0,False
8.5,7,0.8,0.9273673294591144,0.6868356576415591,176.74072968809122,0.009749999999999998,0.009997727008371848,0.14075449623143263,0.1436528654300058,36.62644522529994,39,9,0,False
8.5,7,0.8,0.9284536807496836,0.6464115668981383,176.77420832319393,0.009749999999999998,0.009961871545104625,0.1274480614026868,0.1344575610071734,38.29940611207381,39,9,0,False
8.5,7,0.8,0.9337045464490232,0.6803121573049128,176.87778438308266,0.009749999999999998,0.009993384133658788,0.13758657877798536,0.1421153095285833,36.89358969973228,39,9,0,False
8.5,7,0.8,0.8927453359985603,0.6909468033094279,179.6866224070364,0.009749999999999998,0.009995049763559269,0.14804117177967277,0.1448861187529435,36.41520442962869,39,9,0,False
8.5,7,0.8,0.8913659911527688,0.6349519140925596,176.0790283448692,0.009749999999999998,0.009947223203338804,0.12955485493263,0.1323107798469041,38.71958456172196,39,9,0,False
8.5,7,0.8,1.0285643141615177,0.6861998759620209,179.84889969064335,0.009749999999999998,0.010020154367052926,0.1253550777827399,0.14234864045867704,36.852865451504066,39,9,0,False
8.5,7,0.8,0.8430195183411128,0.7145266219815101,192.4936181053628,0.009749999999999998,0.010003950608889093,0.16577381992542245,0.15041562726193075,35.50419621141861,39,9,0,False
8.5,7,0.8,0.8163149257688895,0.7617736945766422,206.12834621744045,0.009749999999999998,0.010025308121923735,0.18917702649974147,0.15983694150515246,33.95301886519426,39,9,0,False
8.5,7,0.8,0.9057226474597924,0.67840927280281,176.21260313531565,0.009749999999999998,0.009987151639743173,0.14156691577211095,0.14196223619246193,36.9203782102135,39,9,0,False
8.5,7,0.8,0.8975094120312938,0.662770367437737,176.04776538190904,0.009749999999999998,0.00997284078673808,0.13773430870500014,0.13852697309185835,37.53702110148409,39,9,0,False
8.5,7,0.8,0.8574741101265214,0.6926865596219803,186.5414433283676,0.009749999999999998,0.009991314375259203,0.1551231717710433,0.14553852731322936,36.304762669076595,39,9,0,False
8.5,7,0.8,0.8722859163708852,0.6652587553175818,179.96814736364192,0.009749999999999998,0.009972060578657009,0.14290248670694258,0.13932813690360216,37.390504236737215,39,9,0,False
8.5,7,0.8,0.9193165865169101,0.6164927170705041,179.69636527858242,0.009749999999999998,0.009931042494732237,0.11931550132230069,0.12709766248562457,39.650599265763326,39,9,0,False
8.5,7,0.8,0.9291124234923238,0.6481057472471771,176.7884726984686,0.009749999999999998,0.00996362082743294,0.12788783211523186,0.13483413497035077,38.22699257364441,39,9,0,False
8.5,7,0.8,0.9534698814559042,0.7227328494619606,177.64048534585274,0.009749999999999998,0.010030898101662047,0.14827915466025937,0.1514676557790292,35.33301090611591,39,9,0,False
8.5,7,0.8,0.8865459549891602,0.7307986202941226,186.54268430322233,0.009749999999999998,0.010021536421429387,0.1629750288001743,0.15352120139875086,34.981303986421054,39,9,0,False
8.5,7,0.8,0.878591386868993,0.5702915439129003,189.99215923268633,0.009749999999999998,0.009881758709913719,0.11077209454387411,0.11537991964433773,41.884298747788655,39,9,0,False
8.5,7,0.8,0.8908969856286871,0.7025684286647217,181.59702832659875,0.009749999999999998,0.010003371767386582,0.1523501264713651,0.1474876015582018,35.979678326592555,39,9,0,False
8.5,7,0.8,0.8916799720370828,0.7168967974514466,183.41666728317242,0.009749999999999998,0.010013487950089377,0.15715603226987895,0.1506564866836923,35.465758147053414,39,9,0,False
8.5,7,0.8,0.9168417505273903,0.6865832069500084,176.47892426442425,0.009749999999999998,0.00999560787579943,0.14242059414688404,0.1436977817452948,36.61870715237115,39,9,0,False
8.5,7,0.8,0.9363510896671194,0.7083820385314697,177.0574923592714,0.009749999999999998,0.010016366779454016,0.14639373789772658,0.14842031721198,35.826256197697596,39,9,0,False
8.5,7,0.8,0.8705998834666191,0.7029954590335944,185.41473990189013,0.009749999999999998,0.010000414061398837,0.1562529343345371,0.147724255069222,35.94056870592111,39,9,0,False
8.5,7,0.8,0.9878550563053885,0.6751505377510751,178.4067248844613,0.009749999999999998,0.009999705786321195,0.12769247544437304,0.1403138651260496,37.21252127498145,39,10,0,False
8.5,7,0.8,0.9181378799626793,0.677201744421599,176.49691354611522,0.009749999999999998,0.00998812345612234,0.13909493273252557,0.1415673025270319,36.98975827498894,39,10,0,False
8.5,7,0.8,0.8687956256072578,0.6990123115842071,185.2143756335106,0.009749999999999998,0.009997381189385228,0.15519695366437333,0.14685610737921345,36.08418928134954,39,10,0,False
8.5,7,0.8,0.8809853635210229,0.7300079083709357,187.4508768922716,0.009749999999999998,0.010019976336955234,0.16376661664474568,0.1533900156414586,35.003465519460384,39,10,0,False
8.5,7,0.8,0.9343516190970024,0.6518311733755142,176.89179814228473,0.009749999999999998,0.00996780596447868,0.12828248580576695,0.1356232793870289,38.07654150461825,39,10,0,False
8.5,7,0.8,0.882408597875461,0.713302283742311,184.6125189368063,0.009749999999999998,0.010009367540671247,0.1576358196294725,0.14992348364220584,35.5829926242566,39,10,0,False
8.5,7,0.8,0.8850994426031622,0.7229505054882575,185.53682345526104,0.009749999999999998,0.010016233980415021,0.1605005794371828,0.15195847763302028,35.248006152568564,39,10,0,False
8.5,7,0.8,0.8469705479193708,0.5229950631831314,204.04982409064917,0.009749999999999998,0.009835553265786652,0.10063242943451761,0.1032543514096476,44.530255112396055,39,10,0,False
8.5,7,0.8,0.9914638701382499,0.6588730727464602,178.47959562321387,0.009749999999999998,0.009984650447278974,0.12215190906617174,0.13650349373916715,37.910766710906415,39,10,0,False
8.5,7,0.8,0.9041770054226007,0.6744179604710776,176.18511414819795,0.009749999999999998,0.009983685098422514,0.14049227923302537,0.1410751430585313,37.0767572944906,39,10,0,False
8.5,7,0.8,0.8856555124583645,0.6952332702420131,181.54934772739108,0.009749999999999998,0.009997191807367252,0.1507750229706435,0.14589628618804834,36.244616318270815,39,10,0,False
8.5,7,0.8,0.9572907530324807,0.700477214565393,177.59783510694632,0.009749999999999998,0.010014864251789386,0.14037664810112468,0.14644473221669538,36.15275167398988,39,10,0,False
8.5,7,0.8,0.8845518556261797,0.708926955260169,183.62155588426236,0.009749999999999998,0.010006778766330396,0.15571109720499568,0.14894000044867872,35.74160255096685,39,10,0,False
8.5,7,0.8,0.8774003119118087,0.6714364491378867,179.85101858068583,0.009749999999999998,0.009977687026142079,0.1441028752777428,0.14065802585208542,37.150963954302824,39,10,0,False
8.5,7,0.8,0.8861789698635564,0.6839249009820352,179.91674241515153,0.009749999999999998,0.009988673219395405,0.1468098895712115,0.14337508540611635,36.67440746893818,39,10,0,False
8.5,7,0.8,0.8966948560519007,0.6846404479548499,178.13259591644004,0.009749999999999998,0.009990761740034028,0.14520870426613225,0.14344510728002413,36.662299908484634,39,10,0,False
8.5,7,0.8,0.8879381129841286,0.6614974086076424,176.58686531434367,0.009749999999999998,0.009970620326681057,0.1389213750747049,0.1383385178439885,37.57173180782571,39,10,0,False
8.5,7,0.8,0.8807908037303315,0.706194310059987,183.94230542980358,0.009749999999999998,0.010004271517198198,0.15545865694936997,0.1483605475297968,35.83603014838802,39,10,0,False
8.5,7,0.8,0.8647714431935545,0.7126866268513249,187.87420277163557,0.009749999999999998,0.010006048779192549,0.1607850830458287,0.14989495057418184,35.587565191750286,39,10,0,False
8.5,7,0.8,0.9092144490707165,0.7043984791304045,178.6362566397515,0.009749999999999998,0.010007981726133031,0.149709169101561,0.14775328719792266,35.93577941532977,39,10,0,False
8.5,7,0.8,0.9367397108727298,0.7183979101643345,177.13905112068568,0.009749999999999998,0.010023857850796522,0.1496582979295214,0.1506602059250828,35.46516556104555,39,10,0,False
8.5,7,0.8,0.8846170755038847,0.7104321666011069,183.81511134421248,0.009749999999999998,0.010007820408947942,0.15622239524051865,0.14927292016245605,35.68767927929485,39,10,0,False
8.5,7,0.8,0.8821370726281076,0.702123281204128,183.1325820321243,0.009749999999999998,0.010001615872689024,0.1537964446784015,0.14745208823946804,35.985533240918876,39,10,0,False
8.5,7,0.8,0.8786745720905806,0.6957263787999313,182.89793649725706,0.009749999999999998,0.009996460963702802,0.1522181831330264,0.14605978600241093,36.21722603647256,39,10,0,False
8.5,7,0.8,0.9135129329134448,0.6835290900298978,176.39715684774646,0.009749999999999998,0.009992590849392424,0.14196163619936755,0.14304151802697546,36.7322467233228,39,10,0,False
8.5,7,0.8,0.9030845050695037,0.6764953686627116,176.15100662792955,0.009749999999999998,0.009985158287629109,0.1413745917758258,0.14155688883014578,36.99159289329974,39,10,0,False
8.5,7,0.8,0.8763861407984482,0.6833834974716827,181.64027458900668,0.009749999999999998,0.009986878849235093,0.148377679575418,0.14333703532667272,36.68099167998914,39,10,0,False
8.5,7,0.8,0.8761149392116042,0.6287998297352302,175.8796026000928,0.009749999999999998,0.009940524632094412,0.13000917026570266,0.13109711938099727,38.96038203591022,39,10,0,False
8.5,7,0.8,0.8853952355571723,0.7806148529272522,194.8385165170845,0.009749999999999998,0.010047988483650676,0.1809763842428752,0.16340197850892665,33.403004539686236,39,10,0,False
8.5,7,0.8,0.8755304727675195,0.6904783062157882,182.76950529494647,0.009749999999999998,0.009992142353367194,0.1509786974328403,0.14491820737264235,36.409749273165225,39,10,0,False
8.5,7,0.8,0.9688597374962542,0.5766354162373556,191.66444304378805,0.009749999999999998,0.009888286015261446,0.10048342990525919,0.11525285005173154,41.91047365655459,39,10,0,False
8.5,7,0.8,0.8988152875068585,0.6995986318447938,179.78713082744187,0.009749999999999998,0.01000256901959765,0.14991261699395048,0.14676560592251314,36.099240062080206,39,10,0,False
8.5,7,0.8,0.8765583218692491,0.691712322052309,182.74585136194497,0.009749999999999998,0.009993204947053693,0.15121720667368826,0.14518409724529258,36.364639412881374,39,10,0,False
8.5,7,0.8,0.8900371121848447,0.6520276599102354,175.94467670198978,0.009749999999999998,0.009962675420994656,0.1354057895023046,0.13617525413048506,37.97233692518189,39,10,0,False
8.5,7,0.8,0.9441779547199692,0.638164957346763,177.18608179367519,0.009749999999999998,0.00995577741045317,0.12248113296258889,0.1323718047843661,38.707543805098446,39,10,0,False
8.5,7,0.8,0.8351856452410207,0.720036677913202,194.958554602693,0.009749999999999998,0.010006182394244114,0.16939982619844204,0.1516120294652838,35.30794461672289,39,10,0,False
8.5,7,0.8,0.8919749371409454,0.7099471843430001,182.41628050977704,0.009749999999999998,0.01000881428965188,0.15469501982565995,0.14911377527437583,35.71342629003184,39,10,0,False
8.5,7,0.8,0.879328510443362,0.6718362956580517,179.5413535195166,0.009749999999999998,0.009978174384383491,0.14390247826796976,0.1407323842069027,37.13770334947262,39,10,0,False
8.5,7,0.8,0.9070633453898748,0.6535289726944247,176.28027770326446,0.009749999999999998,0.009965903723286798,0.1331112988508434,0.13632738396316965,37.94376430275856,39,10,0,False
8.5,7,0.8,0.8483890397753484,0.6925073496079661,188.33202963191593,0.009749999999999998,0.009990057439481293,0.15680872504295024,0.14556050013121508,36.30106015006859,39,10,0,False
8.5,7,0.8,0.859180105524576,0.6872697351607259,185.46256843412615,0.009749999999999998,0.009987621403675644,0.15289736009395716,0.14433061814546572,36.51002333217583,39,10,0,False
8.5,7,0.8,0.8891613326389821,0.6908389252690333,180.3123581980468,0.009749999999999998,0.009994394050499794,0.1486418858449011,0.14489199862034527,36.41420465579424,39,10,0,False
8.5,7,0.8,0.9250949309259389,0.7016852103546948,176.73714509864743,0.009749999999999998,0.010009023578006277,0.14605957075859055,0.14701426968331582,36.05793039656057,39,10,0,False
8.5,7,0.8,0.9638068911305359,0.7885759111893808,182.66378202042426,0.009749999999999998,0.010072907766521998,0.1685190284311688,0.16469426877356222,33.20814719032182,39,10,0,False
8.5,7,0.8,0.9130792310652472,0.6936902015395671,176.53547599149906,0.009749999999999998,0.010000596234615982,0.14543015762359407,0.14532592158484214,36.34064508186641,39,10,0,False
8.5,7,0.8,0.8948118716461759,0.6192499202518214,178.29317894911617,0.009749999999999998,0.009932305541648763,0.12390561357130496,0.12824646068908965,39.44920892341502,39,10,0,False
8.5,7,0.8,0.8999985475396929,0.659969649845209,176.10680854265112,0.009749999999999998,0.009970726110679394,0.13639025477538486,0.13786817319931677,37.65789780287951,39,10,0,False
8.5,7,0.8,0.8842480775301225,0.6514428604335611,175.93417179597543,0.009749999999999998,0.009961599564028223,0.13617893089624752,0.1361050005205049,37.98555316013706,39,10,0,False
8.5,7,0.8,0.9269902663196243,0.615431976451008,180.20054340510862,0.009749999999999998,0.00993048222745107,0.11786059508180405,0.1266782964070508,39.724874835152555,39,10,0,False
8.5,7,0.8,0.8323115643201748,0.7291077984197931,197.0844001614585,0.009749999999999998,0.010011098993450334,0.17333981241523677,0.15341175055427647,34.999790941198896,39,10,0,False
8.5,7,0.8,0.9375407220916598,0.6915889379296932,177.0167228365034,0.009749999999999998,0.010003540316069938,0.14065391789815526,0.14462635884586422,36.45945292423268,39,10,0,False
8.5,7,0.8,0.9236876391612937,0.7553250333366978,183.9066515186226,0.009749999999999998,0.010044447100736216,0.164513044750337,0.158253618829677,34.20396130010775,39,10,0,False
8.5,7,0.8,0.9205749844505455,0.6762440135786021,176.55030745086847,0.009749999999999998,0.009987686352862749,0.13838057594706382,0.14132692038615052,37.03217555994352,39,10,0,False
8.5,7,0.8,0.9151614523396702,0.6743420342272599,176.42073814813733,0.009749999999999998,0.009985197314965926,0.13864251994654947,0.1409522078626922,37.09858260371614,39,10,0,False
8.5,7,0.8,0.8877219421796531,0.6708394848084083,177.8840488752523,0.009749999999999998,0.009978440717768346,0.14209912210140993,0.1404302320690397,37.191674090382854,39,10,0,False
8.5,7,0.8,0.9161031874505615,0.6823471899502822,176.4526329536285,0.009749999999999998,0.009992033511920496,0.14113666143066692,0.14275221003049232,36.782629250528224,39,10,0,False
8.5,7,0.8,0.8940748763378723,0.6404269392777625,176.08513954500813,0.009749999999999998,0.009952529177227,0.13091383065701245,0.13351414235719272,38.48260937325204,39,10,0,False
8.5,7,0.8,0.9159521345090935,0.6690545433638979,176.43634219971935,0.009749999999999998,0.009980772139542592,0.13677100032101067,0.13975075519508204,37.313890335980055,39,10,0,False
8.5,7,0.8,0.860597357487977,0.6965276018490236,186.45015648106445,0.009749999999999998,0.009994399098099845,0.1558825192745454,0.14636676336214027,36.165789637069686,39,11,0,False
8.5,7,0.8,0.8911808135490549,0.6948983696965192,180.4966315389865,0.009749999999999998,0.00999773622428081,0.14967102173885255,0.14578158699783342,36.26386763600443,39,11,0,False
8.5,7,0.8,0.8843342641282113,0.7435918022534048,189.00443421080715,0.009749999999999998,0.010028699995155443,0.16792431989398723,0.15609848930362777,34.55409377847862,39,11,0,False
8.5,7,0.8,0.8921130982189892,0.7195264740800065,183.7024650204614,0.009749999999999998,0.010015320029830237,0.15798875368160506,0.15123207325554214,35.37387396416452,39,11,0,False
8.5,7,0.8,0.9222872080324939,0.7601413960019053,184.90678981297734,0.009749999999999998,0.010046778085649305,0.1664398345573108,0.15922414740452395,34.049500069130474,39,11,0,False
8.5,7,0.8,0.8867432494951172,0.6495181705082842,175.8898770561304,0.009749999999999998,0.009960083373723788,0.1351224651192191,0.13564635074379566,38.072169113399376,39,11,0,False
8.5,7,0.8,0.8783167941089551,0.7638375804611425,193.44408090474337,0.009749999999999998,0.010038329715043082,0.17637864670416112,0.16012696141937885,33.90763504411582,39,11,0,False
8.5,7,0.8,0.9070684137728523,0.7958310475333576,193.3014219443988,0.009749999999999998,0.010060070376218092,0.1819805083205897,0.16632390054046492,32.967016103982886,39,11,0,False
8.5,7,0.8,1.0022028211817167,0.6983464231696224,179.00222297822216,0.009749999999999998,0.010024098438595164,0.13283342082131186,0.1454743416146544,36.31558460527492,39,11,0,False
8.5,7,0.8,0.927885841302218,0.7047958167650717,176.82054918726124,0.009749999999999998,0.010011924337038836,0.1466255783425492,0.14768853861025405,35.94646325014473,39,11,0,False
8.5,7,0.8,0.8874439925283948,0.698365495184165,181.64840339427155,0.009749999999999998,0.009999753251768667,0.15152989382442292,0.14657946132685584,36.13025475215633,39,11,0,False
8.5,7,0.8,0.9345386322658089,0.6968711193941961,176.956277817739,0.009749999999999998,0.010007153605235951,0.142884456776804,0.14584790053236932,36.25273379211189,39,11,0,False
8.5,7,0.8,0.890205219918901,0.6385462856590217,176.02449724637844,0.009749999999999998,0.009950442893421875,0.1309240737083874,0.13313654105110406,38.55666243711726,39,11,0,False
8.5,7,0.8,0.8894805185969517,0.6609223104185991,176.23257944704181,0.009749999999999998,0.009970288597648057,0.13846808099675195,0.13819418840075745,37.598219546357896,39,11,0,False
8.5,7,0.8,0.8838628472940476,0.6840982235525999,180.363287817039,0.009749999999999998,0.009988496461955787,0.1472796615175054,0.14343259948764,36.66446178315164,39,11,0,False
8.5,7,0.8,0.8843513436843814,0.6907429540808966,181.1727943171218,0.009749999999999998,0.00999360407288877,0.1494698439359275,0.14490881830704883,36.411345192507945,39,11,0,False
8.5,7,0.8,0.8849426787635993,0.6952707756014934,181.68431320666758,0.009749999999999998,0.009997107798503154,0.15091696541378968,0.14591015499102106,36.24229058723068,39,11,0,False
8.5,7,0.8,0.9781049986832633,0.7047362588197357,178.2539002007989,0.009749999999999998,0.01002325193209444,0.13848168708012248,0.1471992216646221,36.02729482009371,39,11,0,False
8.5,7,0.8,0.9415293408524072,0.7017326960086835,177.17376592461315,0.009749999999999998,0.010012489059735235,0.14333177409173853,0.14687569014237467,36.0809350082375,39,11,0,False
8.5,7,0.8,0.8943067915707332,0.7065587566682481,181.53214692466318,0.009749999999999998,0.010006812715241738,0.1531046701570383,0.148347026495017,35.838242287212914,39,11,0,False
8.5,7,0.8,0.9433002673845825,0.7164388682325284,177.30859086176173,0.009749999999999998,0.01002396472914091,0.14789579847660883,0.1501667524805096,35.54404212660956,39,11,0,False
8.5,7,0.8,0.8917374761835031,0.6880642526417285,179.47909585538895,0.009749999999999998,0.009992719341388193,0.14723592853603257,0.14425084801193466,36.52369901455811,39,11,0,False
8.5,7,0.8,0.8892559305628508,0.7048356196576548,182.1990139357653,0.009749999999999998,0.010004671139587905,0.15343183650962344,0.14800326197229352,35.894619659242196,39,11,0,False
8.5,7,0.8,0.9208933000040472,0.7052623589529364,176.79316170547924,0.009749999999999998,0.010010906451440725,0.14797208793899833,0.14785007275087403,35.91982669427368,39,11,0,False
8.5,7,0.8,0.8931757542062402,0.7316645816612612,185.46740951932605,0.009749999999999998,0.010023390634187244,0.16201631740502276,0.15366148787939293,34.957650516260784,39,11,0,False
8.5,7,0.8,0.9078802029151262,0.7222118747562869,181.34161567342377,0.009749999999999998,0.010020237918846807,0.1560212775244046,0.1516779489392163,35.296516954615534,39,11,0,False
8.5,7,0.8,0.8710827347484279,0.6721406481286818,181.1234178379179,0.009749999999999998,0.009977488203769034,0.1454683603233498,0.1408725938679971,37.11273704800631,39,11,0,False
8.5,7,0.8,0.8772073250663719,0.6833411333473626,181.48060868786456,0.009749999999999998,0.009986946412462358,0.14821545917201376,0.14332125382913843,36.68372354015498,39,11,0,False
8.5,7,0.8,0.876437287551846,0.7054351634713513,184.64331518656107,0.009749999999999998,0.010002981091026344,0.1560100230267442,0.14822454325308276,35.85829971093254,39,11,0,False
8.5,7,0.8,0.8904164807995093,0.6611571275011899,176.0981308189186,0.009749999999999998,0.009970611690405673,0.1383876510052565,0.1382372306048383,37.590361288286594,39,11,0,False
8.5,7,0.8,0.9686762156319968,0.5571907669821896,197.38663432223592,0.009749999999999998,0.009863648451677821,0.09487104085680097,0.10991579124948146,43.0472855232564,39,11,0,False
8.5,7,0.8,0.8933913873011017,0.69888064005716,180.64228043037343,0.009749999999999998,0.010001049155105314,0.1506382834209371,0.14665076477373448,36.1183652043598,39,11,0,False
8.5,7,0.8,0.887419472560168,0.684001774905321,179.70607859865797,0.009749999999999998,0.0099889414821119,0.14661490729497134,0.14338052253575612,36.67346690798248,39,11,0,False
8.5,7,0.8,0.905381471654159,0.6451394910433856,176.27688275968254,0.009749999999999998,0.00995797752424535,0.1306403488622504,0.13444668487289305,38.30150354903244,39,11,0,False
8.5,7,0.8,0.8755391284498582,0.7205342503303517,186.93979074485634,0.009749999999999998,0.010012986203146583,0.16147558451695213,0.15152426926431634,35.32317540065843,39,11,0,False
8.5,7,0.8,0.8904001383679742,0.7052428341445294,182.05443203418918,0.009749999999999998,0.01000521254109806,0.1533605877471689,0.14808300485562306,35.881518636323385,39,11,0,False
8.5,7,0.8,0.8947727687605462,0.7109690448071808,182.0518292158139,0.009749999999999998,0.01001000401867295,0.15453774992023533,0.1493219477107122,35.67975840444031,39,11,0,False
8.5,7,0.8,0.8808039768316464,0.7326026305493762,187.90013049065917,0.009749999999999998,0.01002149752866393,0.16472064684672055,0.1539115921176527,34.91559695395069,39,11,0,False
8.5,7,0.8,0.8777340004605363,0.6826615348421587,181.2914759971459,0.009749999999999998,0.00998650310419176,0.14788671408835946,0.14316542281628888,36.71073084707051,39,11,0,False
8.5,7,0.8,0.8527706826011519,0.706171385953587,189.33539836267497,0.009749999999999998,0.009999894711202878,0.16081875702722814,0.14853595110015286,35.80736914217378,39,11,0,False
8.5,7,0.8,0.8832069959676316,0.6974097587520405,182.29133983494845,0.009749999999999998,0.009998385845390359,0.15197057155511046,0.14639910417891638,36.16037992521943,39,11,0,False
8.5,7,0.8,0.8921230738747083,0.7039752340729194,181.56727682043234,0.009749999999999998,0.010004570570132302,0.15261293936969594,0.14779098872912355,35.92956277095996,39,11,0,False
8.5,7,0.8,0.9232559032538912,0.6959974748455413,176.66493422636594,0.009749999999999998,0.010004257362118544,0.1444754696554932,0.1457543789254417,36.26843869659821,39,11,0,False
8.5,7,0.8,0.9447226885317622,0.7377936587680108,177.71122643656645,0.009749999999999998,0.010038987516852636,0.15477738919081493,0.15459835926989668,34.80087968423766,39,11,0,False
8.5,7,0.8,0.8843731322583629,0.6952505245366492,181.7855450652774,0.009749999999999998,0.009997004100951598,0.15101322193229838,0.1459100355496468,36.24231061509899,39,11,0,False
8.5,7,0.8,0.8939150675013184,0.7615014798473833,190.13749255012766,0.009749999999999998,0.01004067586149802,0.17239010588181494,0.1596119625620549,33.98834752084188,39,11,0,False
8.5,7,0.8,0.9174863867955535,0.6468018474534499,176.52664233308184,0.009749999999999998,0.009960899750566694,0.12926850163851192,0.13467967596673733,38.25664558599737,39,11,0,False
8.5,7,0.8,0.8910659356637917,0.7424245181224669,187.5709652153557,0.009749999999999998,0.010029429001714718,0.16619891698653816,0.15583461126979914,34.59713250239123,39,11,0,False
8.5,7,0.8,0.8896012786862565,0.6487947178718961,175.9547488340248,0.009749999999999998,0.009959774215778216,0.13440431603532002,0.13544977488982984,38.10947079832618,39,11,0,False
8.5,7,0.8,0.8817662349917174,0.7301727778337733,187.33176757148783,0.009749999999999998,0.010020232809722822,0.16367353969134965,0.15341902265472032,34.99856174772851,39,11,0,False
8.5,7,0.8,0.9113873887142813,0.6857434162202426,176.35090501701544,0.009749999999999998,0.009994015624418788,0.1430587537167396,0.14355916157409873,36.64260377657644,39,11,0,False
8.5,7,0.8,0.8996258864134474,0.6817523559346166,177.23386905461584,0.009749999999999998,0.009988951511884333,0.14372589067173622,0.14277135233067617,36.779289373139896,39,11,0,False
8.5,7,0.8,0.9059919739530469,0.7307364096556656,183.03549073886077,0.009749999999999998,0.010025462391307546,0.15929925099749934,0.15340540687157386,35.000863308854214,39,11,0,False
8.5,7,0.8,0.9045194113383417,0.6644446509068727,176.19386609345844,0.009749999999999998,0.009975211269567269,0.1371239270360764,0.1388297669671367,37.48144787992306,39,11,0,False
8.5,7,0.8,0.884800608887911,0.6598290889129642,176.93293991378533,0.009749999999999998,0.00996886210468928,0.13889509890231033,0.13799352262280623,37.63491918333043,39,11,0,False
8.5,7,0.8,0.9084604886516248,0.6945607976646088,177.43454109785458,0.009749999999999998,0.01000044056741656,0.1465170110785242,0.14556149582920805,36.30089239673127,39,11,0,False
8.5,7,0.8,0.8591555963803469,0.7228917824244293,190.50861276128063,0.009749999999999998,0.010011686832952896,0.16552740162089807,0.15207320035526153,35.22822384699911,39,11,0,False
8.5,7,0.8,0.9209648890666906,0.6903665596315915,176.58854110748885,0.009749999999999998,0.009999378155100614,0.14298748883520304,0.14450971844098393,36.47937335151159,39,11,0,False
8.5,7,0.8,0.8510942647569253,0.7096673004832849,190.16593616106283,0.009749999999999998,0.0100020129938821,0.1623971494077452,0.1493095082686576,35.681767628122124,39,12,0,False
8.5,7,0.8,0.8730106691843993,0.7009431687395699,184.67341647162462,0.009749999999999998,0.009999334312262515,0.15508229973203463,0.14725536432152508,36.018010422680646,39,12,0,False
8.5,7,0.8,0.8820060737332776,0.7113166579251106,184.42080614062323,0.009749999999999998,0.010008005391835011,0.1570157040834659,0.14948470074146314,35.65350102835748,39,12,0,False
8.5,7,0.8,0.8954809810119114,0.6601710239538598,176.01458058553024,0.009749999999999998,0.009970358665240531,0.1372079064275022,0.13796136741554632,37.640809830295545,39,12,0,False
8.5,7,0.8,0.8833001817450913,0.6988470816126334,182.47165736445822,0.009749999999999998,0.009999453414062288,0.15244933157158372,0.14671679846730648,36.10736460739767,39,12,0,False
8.5,7,0.8,0.8886235092968968,0.6806647410662547,179.03730154762442,0.009749999999999998,0.009986490736102104,0.1452680299229514,0.1426256809556668,36.80468353268788,39,12,0,False
8.5,7,0.8,0.8789466350915398,0.6842840895257868,181.28889073799834,0.009749999999999998,0.009987931248165906,0.14822475698048193,0.14351578537662243,36.65009078390359,39,12,0,False
8.5,7,0.8,0.9616083684244973,0.8275918729405025,189.2226892197645,0.009749999999999998,0.010087750730051482,0.18230697207338148,0.17224811972100762,32.10558863339564,39,12,0,False
8.5,7,0.8,0.9080535484896921,0.7349951360622632,183.355128276757,0.009749999999999998,0.010028620576102253,0.1603892047270712,0.1542518715805918,34.8586184616912,39,12,0,False
8.5,7,0.8,0.9073609631586812,0.706441488529108,179.23167553205002,0.009749999999999998,0.010009124197569035,0.15072872787674704,0.1482225543772987,35.85862567418451,39,12,0,False
8.5,7,0.8,0.8915329464601631,0.7081813382024025,182.25062871819785,0.009749999999999998,0.010007467129001624,0.15416824894053255,0.148726727592061,35.77627246733233,39,12,0,False
8.5,7,0.8,0.8454005438357461,0.7065617111823442,190.89337598494853,0.009749999999999998,0.009999206962918344,0.16241820375532914,0.14866062568124372,35.78703813803788,39,12,0,False
8.5,7,0.8,0.8907650862750469,0.6240368449017385,177.13364483577715,0.009749999999999998,0.009936819347108015,0.12608745686958384,0.12959826658200604,39.21525575052113,39,12,0,False
8.5,7,0.8,0.8898758381721986,0.6969727664168417,181.02008593159255,0.009749999999999998,0.009999134207604383,0.15061196009453914,0.14625118596527228,36.18514193844644,39,12,0,False
8.5,7,0.8,0.8830089382487709,0.710724100630807,184.1499333006999,0.009749999999999998,0.01000773386504784,0.15662400787244,0.1493485869546475,35.67545673989421,39,12,0,False
8.5,7,0.8,0.8820187468191226,0.7154096820637823,184.9747717049811,0.009749999999999998,0.010010714863896366,0.15844505911546616,0.1503911177281982,35.508114474265234,39,12,0,False
8.5,7,0.8,0.8856593305126018,0.7134922900017006,184.04657735547153,0.009749999999999998,0.010010123305234198,0.15709086006063003,0.1499422162962615,35.57999155980787,39,12,0,False
8.5,7,0.8,0.8871842756603221,0.7027451180670392,182.2946292014168,0.009749999999999998,0.010002893237297123,0.153085358853457,0.14755317755129702,35.96882865164146,39,12,0,False
8.5,7,0.8,0.9643633983711363,0.6960739067783175,177.7872981044746,0.009749999999999998,0.010012926333739222,0.1378366886990012,0.14537156834310036,36.33293229362777,39,12,0,False
8.5,7,0.8,0.885584094336071,0.6793224582163058,179.40695002604053,0.009749999999999998,0.009985010552133375,0.14534577769975468,0.14235109801458332,36.852437226624374,39,12,0,False
8.5,7,0.8,0.8925680422788046,0.7093093568004919,182.21978784735182,0.009749999999999998,0.010008449360703183,0.15436785379219398,0.14896919429321584,35.736864431442896,39,12,0,False
8.5,7,0.8,0.895446596678867,0.6978664246958719,180.14732639318942,0.009749999999999998,0.010000721764666357,0.14992017159258078,0.14640611117287733,36.159208164797775,39,12,0,False
8.5,7,0.8,0.9197928345282007,0.7051550219296142,176.96049507606446,0.009749999999999998,0.01001060441634034,0.14812543911657208,0.14783536425310423,35.92224968903591,39,12,0,False
8.5,7,0.8,0.873072112431332,0.68969500215657,183.11930544481973,0.009749999999999998,0.009991172608383269,0.1511608588748373,0.14476505174440857,36.435807805374694,39,12,0,False
8.5,7,0.8,0.8778050659048069,0.7223289969648097,186.79767165954487,0.009749999999999998,0.010014491932143493,0.1616752164862003,0.15187277471654617,35.2628056890885,39,12,0,False
8.5,7,0.8,0.8833241030184178,0.6948504583039771,181.92003966751813,0.009749999999999998,0.009996518329847019,0.15106733420371926,0.14583016705553795,36.25571020623115,39,12,0,False
8.5,7,0.8,0.8756923417429703,0.7027845663252855,184.42319773604598,0.009749999999999998,0.01000106243675232,0.15522199025546948,0.14764303003247414,35.953977972407536,39,12,0,False
8.5,7,0.8,0.8891667061860944,0.7343497822691036,186.62945694463343,0.009749999999999998,0.010024231703271864,0.16372151548179523,0.1542210260881189,34.863772186751504,39,12,0,False
8.5,7,0.8,0.8868114338089395,0.664546511415311,177.2035287458393,0.009749999999999998,0.009973105816404659,0.1401354059574687,0.13903011102072999,37.44481052358649,39,12,0,False
8.5,7,0.8,0.8768985454260346,0.7107119641115129,185.28845986709854,0.009749999999999998,0.010006723168893908,0.1577652297693735,0.14938441887100032,35.66967305675904,39,12,0,False
8.5,7,0.8,0.8277623092359824,0.624031535352238,183.82828148572332,0.009749999999999998,0.009935065910587496,0.13671451213201097,0.1304774040963038,39.065168961254514,39,12,0,False
8.5,7,0.8,0.8844738151362072,0.6892710735969038,180.95097502675756,0.009749999999999998,0.00999251814855928,0.14894258140690816,0.14458027315826918,36.467319846898036,39,12,0,False
8.5,7,0.8,0.8935305629367251,0.6986616546580389,180.594610351353,0.009749999999999998,0.010000974293509454,0.15053503904434987,0.14659853094415265,36.127073848320144,39,12,0,False
8.5,7,0.8,0.8954156161720571,0.6793098240092798,177.6422831836902,0.009749999999999998,0.009986333657428476,0.14363004078387073,0.1422619019942497,36.867988853449496,39,12,0,False
8.5,7,0.8,0.8565277853104916,0.6972791352222223,187.3565858747874,0.009749999999999998,0.009994391155913903,0.15692679821184236,0.14655878845304948,36.13370401621269,39,12,0,False
8.5,7,0.8,0.9252719825137127,0.7007165480012915,176.73722590573811,0.009749999999999998,0.010008317898818965,0.1457065756559171,0.14679537743219478,36.09428689760463,39,12,0,False
8.5,7,0.8,0.89672423404756,0.7083617820729052,181.349079349043,0.009749999999999998,0.010008528307441682,0.15328633665732988,0.14872934583261144,35.775846243981015,39,12,0,False
8.5,7,0.8,0.9050720167463744,0.7000368318524399,178.7571123914493,0.009749999999999998,0.010003997051338573,0.1489572128132665,0.14681331883123802,36.09130290342701,39,12,0,False
8.5,7,0.8,0.8856466754925626,0.7181691392649909,184.68806590077645,0.009749999999999998,0.010013216935670033,0.158725167438798,0.15097636031228548,35.41489870655677,39,12,0,False
8.5,7,0.8,0.9988998798511687,0.713820558067434,179.0030812698418,0.009749999999999998,0.010035999180172448,0.13818822496631133,0.1490461556451321,35.72438254508427,39,12,0,False
8.5,7,0.8,0.9003037937973226,0.6521672440988944,176.14299874435412,0.009749999999999998,0.009963872150643134,0.13376160876467946,0.13609510509882378,37.98741579239086,39,12,0,False
8.5,7,0.8,0.9839785525133226,0.6934693405725169,178.36743482971474,0.009749999999999998,0.010015264153780899,0.13400712285043517,0.1445678273986377,36.469445219330005,39,12,0,False
8.5,7,0.8,0.8662656592542848,0.7066137459018728,186.7472315865713,0.009749999999999998,0.010002242540279168,0.1583490842125982,0.14854855455113783,35.805312324294995,39,12,0,False
8.5,7,0.8,0.9314640628993535,0.6211993638990629,179.064644640673,0.009749999999999998,0.009936928206387741,0.11901539415674642,0.12817688564783278,39.46132013115327,39,12,0,False
8.5,7,0.8,0.8845931712516316,0.6931263810334592,181.4521969360283,0.009749999999999998,0.009995421065828024,0.15024503885348456,0.1454372572252598,36.321841485341366,39,12,0,False
8.5,7,0.8,0.889003723581099,0.684349083774552,179.4616653369191,0.009749999999999998,0.009989387920541456,0.14645618684475065,0.1434465479488178,36.66205092414194,39,12,0,False
8.5,7,0.8,0.8791410232893015,0.7107013225318034,184.86857011117488,0.009749999999999998,0.010007100699514878,0.1573383608870311,0.1493672688191389,35.67244092882138,39,12,0,False
8.5,7,0.8,0.8873629780842367,0.7399398720860821,187.8568137094398,0.009749999999999998,0.010027205684340854,0.16603952715457454,0.15535206883052896,34.67624363644101,39,12,0,False
8.5,7,0.8,0.8702814631940696,0.7137792288411212,186.9633766868121,0.009749999999999998,0.010007668768689054,0.16010552825971747,0.15010268508005434,35.55431406210565,39,12,0,False
8.5,7,0.8,0.9171554298154652,0.6405351325580075,176.5504401846712,0.009749999999999998,0.00995489418657763,0.12729925759463104,0.13326120179363038,38.53216829319154,39,12,0,False
8.5,7,0.8,0.8886013076049193,0.7146427960113514,183.66812126058872,0.009749999999999998,0.010011436727993896,0.15694291347213354,0.15017729697428814,35.54235124504407,39,12,0,False
8.5,7,0.8,0.8942301314889913,0.6649427287482004,175.9811040584427,0.009749999999999998,0.009974329754278834,0.13900746077256085,0.13904572800772716,37.4419590343035,39,12,0,False
8.5,7,0.8,0.8774093090433421,0.7067727274553517,184.64336558807634,0.009749999999999998,0.010004045859448257,0.15629572191384006,0.1485139523885707,35.81096004912884,39,12,0,False
8.5,7,0.8,0.8835433996065578,0.7276233958451407,186.58119146463142,0.009749999999999998,0.010018918607089825,0.16243719756441913,0.15290216334512022,35.08624235635773,39,12,0,False
8.5,7,0.8,0.8847861331015784,0.6640777300530395,177.50357818136303,0.009749999999999998,0.009972452648595892,0.14032616383870591,0.13894598666534697,37.460181695882156,39,12,0,False
8.5,7,0.8,0.8836187369056959,0.7058773502446166,183.37322625854128,0.009749999999999998,0.010004486828834157,0.1548258962661217,0.14827232299223778,35.850471549585926,39,12,0,False
8.5,7,0.8,0.8866916312112756,0.6667538827672608,177.52439160600798,0.009749999999999998,0.009974962452645278,0.14089765573136345,0.13952418849974874,37.35490576197424,39,12,0,False
8.5,7,0.8,0.8800071605694884,0.6968801355182189,182.80995522465867,0.009749999999999998,0.009997515473064773,0.1523722645986891,0.14630510214419495,36.17611041942404,39,12,0,False
8.5,7,0.8,0.9478547979984436,0.693381384007838,177.30219371506857,0.009749999999999998,0.010007104957340387,0.13957513685953726,0.1449295196103675,36.407826732911865,39,13,0,False
8.5,7,0.8,0.8802362357527656,0.6876841031243472,181.51291053725524,0.009749999999999998,0.009990707427629888,0.14916015339289815,0.1442615092333539,36.521870397991755,39,13,0,False
8.5,7,0.8,0.8762146539225539,0.6374099684161711,175.79864818534722,0.009749999999999998,0.00994844566611886,0.1328470080178559,0.13303939377725935,38.57578237471514,39,13,0,False
8.5,7,0.8,0.8924544807202321,0.6407281637028311,176.05261055162362,0.009749999999999998,0.009952666478214162,0.13127532631111252,0.1336008459580226,38.465664584428644,39,13,0,False
8.5,7,0.8,0.8788520104982733,0.6539307485568076,177.24043287950397,0.009749999999999998,0.009963198435570942,0.13792909146347088,0.13672396648413832,37.86957563567266,39,13,0,False
8.5,7,0.8,0.8857476078000917,0.6990417720751948,182.04966561692842,0.009749999999999998,0.00999997720072082,0.15207054328508024,0.14674213966816144,36.10314561169411,39,13,0,False
8.5,7,0.8,0.8850378746945863,0.6482453321823907,175.86933183797288,0.009749999999999998,0.009958824550536694,0.13498212323887532,0.1353769569019011,38.123315862690404,39,13,0,False
8.5,7,0.8,0.9277048474433385,0.6646987483441291,176.71774171025672,0.009749999999999998,0.009978750512999466,0.13345939928441442,0.138638684740194,37.51648992214827,39,13,0,False
8.5,7,0.8,0.8614276086742517,0.7428462733371589,193.3058001564791,0.009749999999999998,0.010023742016542093,0.17226160960677986,0.15603881060757824,34.56381368939414,39,13,0,False
8.5,7,0.8,0.8833314476868489,0.6773373852823491,179.55270972991002,0.009749999999999998,0.009983150822933405,0.14506627816231651,0.14192530950376292,36.926849108407616,39,13,0,False
8.5,7,0.8,0.8958468827120675,0.7054108478687767,181.1026384412001,0.009749999999999998,0.010006279394499867,0.15243136228470144,0.1480806222328413,35.881909875903474,39,13,0,False
8.5,7,0.8,0.8445441291059277,0.7024032691304296,190.48656768711413,0.009749999999999998,0.009996335790207285,0.16109700107562983,0.14775688446813187,35.93518612143809,39,13,0,False
8.5,7,0.8,0.887402847939445,0.6730240211137987,178.2282568360302,0.009749999999999998,0.009980131409879077,0.1428951228784945,0.1409248011984318,37.103453398963275,39,13,0,False
8.5,7,0.8,0.8726923693960479,0.6704113507553905,180.58162183625205,0.009749999999999998,0.00997623479632285,0.1445917273696618,0.1404746522638266,37.18372524611281,39,13,0,False
8.5,7,0.8,0.8853101542151499,0.7132306085291169,184.0740585334168,0.009749999999999998,0.010009877727379145,0.1570652688682728,0.14988680465645277,35.58887093247021,39,13,0,False
8.5,7,0.8,0.8891417085480339,0.7070096066111303,182.52364814419886,0.009749999999999998,0.010006243364426414,0.15420023914775516,0.1484833296918011,35.815960432166804,39,13,0,False
8.5,7,0.8,0.8876109799836776,0.6968692801016528,181.41443155066702,0.009749999999999998,0.009998687629131605,0.15098499346484034,0.14624586089592018,36.18603430214484,39,13,0,False
8.5,7,0.8,0.8873499376346322,0.7036650938329577,182.3899014034978,0.009749999999999998,0.010003569283211031,0.15337311459438252,0.14775582522722575,35.93536081790959,39,13,0,False
8.5,7,0.8,0.9026185160347713,0.7070493965963328,180.13265548212,0.009749999999999998,0.010008655902997737,0.15177885282759945,0.14839486583006894,35.830417226386594,39,13,0,False
8.5,7,0.8,0.8817511967405899,0.6983652846826073,182.68459274402534,0.009749999999999998,0.009998805521635129,0.15256929748587889,0.14662353995338254,36.1229034716633,39,13,0,False
8.5,7,0.8,0.8807055520369816,0.6973241828215359,182.74029182673596,0.009749999999999998,0.009997934213007237,0.15239841610144808,0.14639874263489344,36.160440388262394,39,13,0,False
8.5,7,0.8,0.8952571715807311,0.7078415776188085,181.5408061523353,0.009749999999999998,0.010007915918103412,0.15337214354613354,0.14862373367063203,35.79305068236056,39,13,0,False
8.5,7,0.8,0.9108075006411884,0.7010994029126596,177.9179298400434,0.009749999999999998,0.010005829678052577,0.14831519590693099,0.1470041486502687,36.059609060014495,39,13,0,False
8.5,7,0.8,0.8646061518078101,0.7053853137601307,186.89288376477344,0.009749999999999998,0.010001107310196355,0.1582369667741308,0.14829071273874,35.847459937771944,39,13,0,False
8.5,7,0.8,0.8779428572323881,0.6752797276111318,180.26082592163016,0.009749999999999998,0.009980772411756463,0.1453207146724594,0.14151432969654254,36.99909346986684,39,13,0,False
8.5,7,0.8,0.8755204838107157,0.6768548438657939,180.9197240805086,0.009749999999999998,0.009981693615037753,0.14629241288255018,0.14188851752036416,36.933299718001976,39,13,0,False
8.5,7,0.8,0.8741755023752624,0.715642996933873,186.48045998657642,0.009749999999999998,0.010009550015356338,0.16001478192279542,0.15048902701094813,35.49246960751416,39,13,0,False
8.5,7,0.8,0.8868662124817255,0.6016791588879401,182.11278333970876,0.009749999999999998,0.00991443126396615,0.11948182900629091,0.12363839431326977,40.27583271402769,39,13,0,False
8.5,7,0.8,0.8904711411157407,0.6944809314201632,180.57043037291513,0.009749999999999998,0.009997338020869759,0.14965366591835227,0.14569308763189315,36.278742072723055,39,13,0,False
8.5,7,0.8,0.8703543294816016,0.6620029863684777,179.89378755544618,0.009749999999999998,0.009969206471889975,0.14213299881007396,0.13862078368774752,37.51977768545063,39,13,0,False
8.5,7,0.8,0.8644116076404564,0.7121547901900166,187.87058688445381,0.009749999999999998,0.01000564098259208,0.1606665481537739,0.14978002216385333,35.6060005250091,39,13,0,False
8.5,7,0.8,0.8927445171028074,0.7049667928200384,181.58933085583124,0.009749999999999998,0.010005366161501954,0.15284246813687108,0.14800698560960873,35.89400758723546,39,13,0,False
8.5,7,0.8,0.8908076133517858,0.6893972072751847,179.82674952597873,0.009749999999999998,0.009993602643580403,0.14785433017064573,0.1445553796065389,36.47157130290637,39,13,0,False
8.5,7,0.8,0.8694141978662542,0.7307625043815215,189.77517113117108,0.009749999999999998,0.010018237818110018,0.16630307976619116,0.15359615018319614,34.96866115927117,39,13,0,False
8.5,7,0.8,0.8886496696339672,0.6460993002911898,175.95165078233543,0.009749999999999998,0.009957261447205172,0.13366873886093494,0.1348527887660597,38.2234159980337,39,13,0,False
8.5,7,0.8,0.8705708092304129,0.7023497670394093,185.32876368681065,0.009749999999999998,0.009999940242010584,0.15603334893895554,0.14758306229925441,35.96388734785691,39,13,0,False
8.5,7,0.8,0.8937415200058134,0.7031925098920999,181.17046155143944,0.009749999999999998,0.01000428585346301,0.15205148263881507,0.14760560497684333,35.960161339729,39,13,0,False
8.5,7,0.8,0.8947642598671367,0.6821962689765284,178.14945932948027,0.009749999999999998,0.009988594660420467,0.14471490026437592,0.14291353194861228,36.75451026561381,39,13,0,False
8.5,7,0.8,0.9040324152255877,0.676607124093687,176.17413680469863,0.009749999999999998,0.009985410872282293,0.14125066103769518,0.1415722413810096,36.98888827288389,39,13,0,False
8.5,7,0.8,0.9585239693658965,0.7147134338314293,177.7317758416121,0.009749999999999998,0.01002627487619655,0.14481173642610767,0.1496448824695421,35.62771378949007,39,13,0,False
8.5,7,0.8,0.8921889510598704,0.6309797777229794,176.1321495795284,0.009749999999999998,0.009943558343283228,0.12812296031234527,0.13139903138733922,38.900684039091075,39,13,0,False
8.5,7,0.8,0.850013958045822,0.7045727486644693,189.675057884586,0.009749999999999998,0.009998509296617551,0.1607884059415082,0.1481994980078118,35.862405091857575,39,13,0,False
8.5,7,0.8,0.8793013393969301,0.697634723865148,183.04310503376428,0.009749999999999998,0.009997945228782376,0.15276360207178918,0.1464777838917187,36.147228932810286,39,13,0,False
8.5,7,0.8,0.9399068098350373,0.6820742189861204,177.04163709754587,0.009749999999999998,0.009996022974757714,0.13716855482279516,0.1424517175188626,36.834916999511215,39,13,0,False
8.5,7,0.8,0.892316823604437,0.6878842267425804,179.34737969733396,0.009749999999999998,0.009992633914250173,0.14707431687964684,0.14420723146164907,36.53118294361885,39,13,0,False
8.5,7,0.8,0.8909915408133485,0.637804118756585,176.05079174756827,0.009749999999999998,0.00994986828153479,0.13055030639655169,0.1329586222341388,38.591700613329365,39,13,0,False
8.5,7,0.8,0.8862719560233867,0.7247352705519269,185.61565549626556,0.009749999999999998,0.010017664544919746,0.16089972509795683,0.1523073689284631,35.18794568411447,39,13,0,False
8.5,7,0.8,0.8831928666210457,0.7114818118761915,184.22320980260466,0.009749999999999998,0.010008312729641753,0.15685190122025208,0.1495138322261293,35.648807150919986,39,13,0,False
8.5,7,0.8,0.8910551215771797,0.701948336543664,181.48889338498154,0.009749999999999998,0.01000299294591043,0.152106031833521,0.14734689212301738,36.00288938161413,39,13,0,False
8.5,7,0.8,0.9166223643567504,0.7023613863401752,177.10952260901922,0.009749999999999998,0.010007885689227208,0.14773320638495524,0.14723781956458998,36.02091107131231,39,13,0,False
8.5,7,0.8,0.8913980244803965,0.715613622230802,183.29107626159345,0.009749999999999998,0.010012567997573727,0.15676337415157635,0.15037482072590638,35.51072052781115,39,13,0,False
8.5,7,0.8,0.8801680067146097,0.6670518303530037,178.7483372378445,0.009749999999999998,0.009974416159964698,0.14212865365420832,0.139653892221642,37.33140925089469,39,13,0,False
8.5,7,0.8,0.894608396464908,0.6875349367307915,178.89676923605714,0.009749999999999998,0.009992754095720001,0.14655079814862773,0.1441085753053897,36.54812745780873,39,13,0,False
8.5,7,0.8,0.8911743338934982,0.703904468428908,181.7296192591796,0.009749999999999998,0.010004372216485789,0.1527598300421369,0.1477816758287835,35.93109809103967,39,13,0,False
8.5,7,0.8,0.8863649991171669,0.6858921526761164,180.14954963321654,0.009749999999999998,0.00999022625059247,0.14744804094672687,0.14381219680959442,36.599017688467136,39,13,0,False
8.5,7,0.8,0.8767812116496576,0.6902266098527059,182.49534737307312,0.009749999999999998,0.009992077560625494,0.1506659808487575,0.1448548526260489,36.420522070254876,39,13,0,False
8.5,7,0.8,0.9007517375676156,0.673447912773876,176.1007487508947,0.009749999999999998,0.009982298520854636,0.1407505284690036,0.14089326953712966,37.10905962777348,39,13,0,False
8.5,7,0.8,0.8891253225973432,0.7073515792248066,182.5747784733977,0.009749999999999998,0.010006492813270885,0.1543207460678933,0.14855871319194858,35.80365473918865,39,13,0,False
8.5,7,0.8,0.919399166066523,0.6684941871914135,176.52559289998777,0.009749999999999998,0.009980882409960411,0.13602363453993307,0.13958505669660642,37.3438737538002,39,14,0,False
8.5,7,0.8,0.9113868729960928,0.5977611979498441,183.83997674904506,0.009749999999999998,0.00991079746669173,0.11459764207677392,0.1221589543367711,40.55209656656788,39,14,0,False
8.5,7,0.8,0.8733189440171921,0.6004566236617015,182.01785821058368,0.009749999999999998,0.009913127323085578,0.12118557942818944,0.12353551941566364,40.29487414427155,39,14,0,False
8.5,7,0.8,0.8713805989825456,0.630731329881532,175.78155305302363,0.009749999999999998,0.009942046176785483,0.1314326638641864,0.13159319619722706,38.86191818840158,39,14,0,False
8.5,7,0.8,0.8972187266196668,0.6157594748132909,179.14324742170166,0.009749999999999998,0.00992893824071195,0.12241101923919162,0.12726425474235842,39.62120685461004,39,14,0,False
8.5,7,0.8,0.878003264123643,0.5741545788770238,188.9014830735483,0.009749999999999998,0.00988588643412865,0.11207363115103414,0.11642174562412719,41.6714990388563,39,14,0,False
8.5,7,0.8,0.8789385034396942,0.6107346360704365,179.75629246987248,0.009749999999999998,0.009923336907202365,0.12363533884949841,0.12619958559394856,39.810164520253224,39,14,0,False
8.5,7,0.8,0.8731370790222147,0.5485258933003477,196.27391760330684,0.009749999999999998,0.009858752999318009,0.10478395955420039,0.10967560204242942,43.09837224680253,39,14,0,False
8.5,7,0.8,0.8978979447746511,0.538700306435243,200.31767318757716,0.009749999999999998,0.009845078522573006,0.09839658670142591,0.106393938097077,43.81330109505976,39,14,0,False
8.5,7,0.8,0.8693108003876724,0.5956310531309921,183.074091088735,0.009749999999999998,0.009908299854941174,0.12025388506443592,0.12231586920578727,40.522629089210334,39,14,0,False
8.5,7,0.8,0.8883825202655318,0.6457091592097094,175.94458544640537,0.009749999999999998,0.009956849544615233,0.13358536412667563,0.13476915614935184,38.2394589498755,39,14,0,False
8.5,7,0.8,0.9118469770396108,0.6703402935341086,176.35256559695043,0.009749999999999998,0.009981347395655095,0.13786338844117735,0.14008039186273152,37.254451939960525,39,14,0,False
8.5,7,0.8,0.8682901984979972,0.6133955706397164,178.86552132590018,0.009749999999999998,0.009925728320070543,0.12620844727934086,0.12707774165413147,39.65411826605028,39,14,0,False
8.5,7,0.8,0.8698790921452267,0.5911220113333886,184.21364067508756,0.009749999999999998,0.009903773162530626,0.1187088192480958,0.12110056425190223,40.75245027791572,39,14,0,False
8.5,7,0.8,0.881413235680952,0.6873685599385626,181.25086847300958,0.009749999999999998,0.009990616125898893,0.1488406436748391,0.14418273671767765,36.53538784107966,39,14,0,False
8.5,7,0.8,0.8927274551289184,0.617417182893241,178.6423365832493,0.009749999999999998,0.00993041270885344,0.12363736326290008,0.12778256749578223,39.53016832272783,39,14,0,False
8.5,7,0.8,0.8689200137222997,0.6581990592711537,179.65760656402446,0.009749999999999998,0.009965914235873743,0.14109056784748694,0.13778305094016774,37.67352566956956,39,14,0,False
8.5,7,0.8,0.9520365923352171,0.5805600002465326,189.844155581046,0.009749999999999998,0.009892501754433283,0.10378256244148226,0.11668481169589015,41.61826898993433,39,14,0,False
8.5,7,0.8,0.8574528571783138,0.575305565235958,188.0106787995834,0.009749999999999998,0.009888329712161088,0.11554343057302317,0.1171026251099041,41.53413767549284,39,14,0,False
8.5,7,0.8,0.8853935458352957,0.662144430310857,177.1330270998562,0.009749999999999998,0.009970889005634689,0.1395718540933074,0.1385081535320047,37.54048315092216,39,14,0,False
8.5,7,0.8,0.9137021050265791,0.665129804654644,176.39601883303266,0.009749999999999998,0.009977088323106632,0.13584392029532583,0.13888698752295295,37.4709730767938,39,14,0,False
8.5,7,0.8,0.9021017464352638,0.639643650644132,176.24668929342866,0.009749999999999998,0.009952535281563042,0.12937024407662132,0.133242281857026,38.535882854948674,39,14,0,False
8.5,7,0.8,0.8867554313433113,0.6107193272242237,179.98264479969626,0.009749999999999998,0.009923521512426767,0.1224053966063384,0.12607103152355495,39.83316049329827,39,14,0,False
8.5,7,0.8,0.8909065363196689,0.6048524383505489,181.47667244331586,0.009749999999999998,0.009917731289384293,0.11988057939579753,0.12442359669641956,40.13136611755335,39,14,0,False
8.5,7,0.8,0.8785787050123252,0.602961783954876,181.55959333052775,0.009749999999999998,0.009915605044209819,0.12117507456120583,0.12412107628651099,40.186844619287726,39,14,0,False
8.5,7,0.8,0.8933385054373718,0.6157815750852957,179.0213957865768,0.009749999999999998,0.009928781330287259,0.12301679315345652,0.12733226777747345,39.60922554167748,39,14,0,False
8.5,7,0.8,0.8724902453208722,0.7066570041321697,185.55432396178404,0.009749999999999998,0.010003176807745798,0.15718196903546464,0.14852080334474368,35.809841636370855,39,14,0,False
8.5,7,0.8,0.8779025600081258,0.552807750103826,195.090907322833,0.009749999999999998,0.009862890435688172,0.1054306391416354,0.11074324772769627,42.8689874997231,39,14,0,False
8.5,7,0.8,0.891804984811665,0.6133280106704574,179.5356650351476,0.009749999999999998,0.009926302100911449,0.12246274973367778,0.12669290738340291,39.72228012918467,39,14,0,False
8.5,7,0.8,0.8730385657954702,0.59624616389537,183.02442523951743,0.009749999999999998,0.009908860272273843,0.11987092238619117,0.12241830532095876,40.503387226732194,39,14,0,False
8.5,7,0.8,1.0233746628350655,0.8088498529725044,180.94568549265307,0.009749999999999998,0.010101524719982729,0.16480416639086234,0.16840025758097632,32.66382633422292,39,14,0,False
8.5,7,0.8,0.8912089110848478,0.63646300855091,176.06699003476285,0.009749999999999998,0.009948650422863768,0.1300743430182483,0.1326539558565192,38.65191798155987,39,14,0,False
8.5,7,0.8,0.8893568688486168,0.6039690856211631,181.6340037856835,0.009749999999999998,0.00991676474463328,0.11983596845023878,0.12421329361199754,40.169909146558744,39,14,0,False
8.5,7,0.8,0.8740724885668608,0.5431615858370309,198.01072347574464,0.009749999999999998,0.00985278916751024,0.10300105388988832,0.10817341401988012,43.421786921855414,39,14,0,False
8.5,7,0.8,0.8953168047462357,0.604552785041967,181.67844945036367,0.009749999999999998,0.00991750784916575,0.11911624041101775,0.12426996104983057,40.15951275216572,39,14,0,False
8.5,7,0.8,0.899392401235853,0.5990602505482758,183.12929111468563,0.009749999999999998,0.009911906566326876,0.11676263086604317,0.1227213057228409,40.44652195572488,39,14,0,False
8.5,7,0.8,0.8771491082720121,0.6666277264782686,179.24327039400634,0.009749999999999998,0.009973683836209885,0.14251435910282942,0.13958906338524854,37.343147900756094,39,14,0,False
8.5,7,0.8,0.876391641428111,0.5865467351390636,185.55794229328797,0.009749999999999998,0.009898908029733108,0.11624384861129787,0.11976685513673277,41.0091000361691,39,14,0,False
8.5,7,0.8,0.8608797744331282,0.6504658866138338,180.17269384580115,0.009749999999999998,0.009958758438091903,0.13987198738156378,0.13612740984968139,37.98133600683978,39,14,0,False
8.5,7,0.8,0.9063064532490848,0.6809916616668124,176.22491268669677,0.009749999999999998,0.009989327087542915,0.1423323754707115,0.14254025426370417,36.81952089722457,39,14,0,False
8.5,7,0.8,0.8829863917308814,0.6309483338264419,175.96899191290512,0.009749999999999998,0.00994290338646386,0.12959573610050443,0.13150452708118224,38.87960724188583,39,14,0,False
8.5,7,0.8,0.7972819003763114,0.673865672379197,196.87779013135184,0.009749999999999998,0.009972717373046532,0.16040496754567923,0.14180667995252771,36.947659898343524,39,14,0,False
8.5,7,0.8,0.8927724051779848,0.6478795071575549,176.01287102816931,0.009749999999999998,0.009959204715369572,0.1335809935517582,0.13521020057073052,38.15507750765044,39,14,0,False
8.5,7,0.8,0.9353896716240995,0.6810208905177684,176.92947232059515,0.009749999999999998,0.009994349821060284,0.13754457579940763,0.1422567990742,36.86887914821465,39,14,0,False
8.5,7,0.8,0.8722929506129851,0.6701252176645135,180.62112397308098,0.009749999999999998,0.009975987731953616,0.1445635526275703,0.14041337920515892,37.1946911612656,39,14,0,False
8.5,7,0.8,0.8900388871902207,0.6333334547933499,176.06629520493627,0.009749999999999998,0.009945583616914815,0.12923929988590394,0.13196061577703924,38.78887158158984,39,14,0,False
8.5,7,0.8,0.8771432508248453,0.6047657440010336,181.09059590050407,0.009749999999999998,0.009917384633651485,0.12198307153578358,0.12462796554390461,40.094014962700506,39,14,0,False
8.5,7,0.8,0.877048675247361,0.5543607320340289,194.58955202802798,0.009749999999999998,0.00986466775949603,0.10603198504025135,0.11117268452074462,42.77508565435552,39,14,0,False
8.5,7,0.8,0.8889636828630259,0.6219251073027455,177.5321326501631,0.009749999999999998,0.009934618838242034,0.125688406038975,0.12905880074289516,39.308198981453046,39,14,0,False
8.5,7,0.8,0.8510139231798804,0.6345725867330115,180.00172237673155,0.009749999999999998,0.009944614291071288,0.13619377583793657,0.13268284144179926,38.64619686446786,39,14,0,False
8.5,7,0.8,0.9046626057845409,0.6777933138240795,176.18628306572032,0.009749999999999998,0.009986463980421025,0.14154134266415191,0.14183424335457256,36.94282146738754,39,14,0,False
8.5,7,0.8,0.873086240129411,0.6650709955505625,179.79545901191588,0.009749999999999998,0.00997201580703081,0.14269615401614108,0.13927797164072112,37.39962914003909,39,14,0,False
8.5,7,0.8,0.8870508059516982,0.5974458707489576,183.13467066951677,0.009749999999999998,0.009910034524834526,0.11810344993350298,0.12250260196048109,40.487543274864684,39,14,0,False
8.5,7,0.8,0.8769776025442184,0.5895896501834579,184.80478764509016,0.009749999999999998,0.009902077568142908,0.11712436287053685,0.12056797825885189,40.854367882949305,39,14,0,False
8.5,7,0.8,0.8818794615650785,0.6250411364435763,176.65098394628765,0.009749999999999998,0.0099372157424003,0.1278375254827883,0.13000531111324898,39.14555408005846,39,14,0,False
8.5,7,0.8,0.8814134173867887,0.620800282204622,177.56576509791154,0.009749999999999998,0.009933185888409333,0.12652229822207034,0.12887018127648353,39.3408492239475,39,14,0,False
8.5,7,0.8,0.8776003313666398,0.6431751949417396,176.05540347760322,0.009749999999999998,0.009953709927976213,0.13453685315057048,0.13431726602690722,38.32648764791065,39,14,0,False
8.5,7,0.8,0.9058961958396372,0.5671068400048632,191.79855407554493,0.009749999999999998,0.009876934026431961,0.10590329905673541,0.11399247533176564,42.17273973505205,39,14,0,False
8.5,7,0.8,0.8597981173275547,0.6057254809871104,180.41091869341085,0.009749999999999998,0.00991832891630232,0.125065298862379,0.12515711618287084,39.997779837875804,39,15,0,False
8.5,7,0.8,0.8853175409504621,0.6730157597462211,178.60626237967594,0.009749999999999998,0.009979879030818714,0.14325378978827719,0.14094135923307813,37.10051043017459,39,15,0,False
8.5,7,0.8,0.8723751376896466,0.6240510422884766,176.62024622764562,0.009749999999999998,0.009935931501581514,0.1290534178370747,0.12987479165359364,39.16786425998829,39,15,0,False
8.5,7,0.8,0.8608436581137023,0.6257329129708825,177.34347529806897,0.009749999999999998,0.009937083723981196,0.13152848709051057,0.13048833540059432,39.06331340143639,39,15,0,False
8.5,7,0.8,0.9157136622554622,0.6608273673756411,176.44547044301234,0.009749999999999998,0.009973548786231159,0.1341090893493097,0.13789206048260488,37.653515686168504,39,15,0,False
8.5,7,0.8,0.8745884929340461,0.5557963659949752,194.07655847561315,0.009749999999999998,0.009866451205766227,0.10682926926084393,0.111603608964538,42.681466811728846,39,15,0,False
8.5,7,0.8,0.8663278027168424,0.6322454760364535,176.71874232876416,0.009749999999999998,0.009943158310484028,0.1327842220943248,0.13199316390433655,38.78242017611793,39,15,0,False
8.5,7,0.8,0.8605600902264418,0.6972238759487883,186.5588285546013,0.009749999999999998,0.009994930482531495,0.15613220260185848,0.14651856649929446,36.140417811753856,39,15,0,False
8.5,7,0.8,0.9212496483380579,0.5429891315762762,199.8074088946081,0.009749999999999998,0.009847897711233186,0.09662825472565384,0.10704152313797873,43.669621081312044,39,15,0,False
8.5,7,0.8,0.8951243516807196,0.6467490656229195,176.062850631691,0.009749999999999998,0.009958401186450274,0.1328234116798878,0.13492901413803265,38.20881119610775,39,15,0,False
8.5,7,0.8,0.8678247231233602,0.6078521546814302,180.12037479695124,0.009749999999999998,0.009920370568705851,0.1244658488894697,0.12560102891591216,39.9175698788937,39,15,0,False
8.5,7,0.8,0.8916210065691039,0.5881186118734515,185.62549232339958,0.009749999999999998,0.009900352204136171,0.11445912254190203,0.11991335738789671,40.98067479643272,39,15,0,False
8.5,7,0.8,0.8719422571209483,0.6296270818425789,175.80533063128254,0.009749999999999998,0.009941085112151332,0.13097141119231964,0.13133688171721816,38.913116575022904,39,15,0,False
8.5,7,0.8,0.8723122649348289,0.6628962446629302,179.64531157930853,0.009749999999999998,0.009970132318675093,0.1420928785826509,0.1388014213726099,37.48664001942755,39,15,0,False
8.5,7,0.8,0.8737191385424148,0.6338897156161746,175.78681193495328,0.009749999999999998,0.009945063216253795,0.13209332563148268,0.13227817438572798,38.7260224285895,39,15,0,False
8.5,7,0.8,0.8534711152524237,0.5803747181472979,186.54957800178488,0.009749999999999998,0.00989368623220133,0.11779935413182124,0.11851924698486646,41.25257831280522,39,15,0,False
8.5,7,0.8,0.873227809247007,0.5887384629629842,184.91639994439728,0.009749999999999998,0.009901305436216454,0.11742476710743016,0.12040502981081133,40.88570083998686,39,15,0,False
8.5,7,0.8,0.8421219232250989,0.615862748683159,182.10045101057278,0.009749999999999998,0.009927828165386971,0.13140255131660966,0.1281195519068933,39.471308685714575,39,15,0,False
8.5,7,0.8,0.8847929948870894,0.6057196970889855,181.08356598379638,0.009749999999999998,0.00991843946166453,0.12109992165718152,0.12475954408950729,40.070021386805834,39,15,0,False
8.5,7,0.8,0.8641137714439813,0.5896019200131617,184.44224039208,0.009749999999999998,0.009902417358630827,0.11911611212959819,0.12079246225441397,40.81131820743709,39,15,0,False
8.5,7,0.8,0.9025843781289624,0.590413042264307,185.3920825072014,0.009749999999999998,0.009902783107142604,0.11357446365453025,0.12033140996925638,40.899880290403864,39,15,0,False
8.5,7,0.8,0.8891480370462003,0.6025028012125491,181.98028862624054,0.009749999999999998,0.009915284377085632,0.11939791490684937,0.1238220579779448,40.24190371784398,39,15,0,False
8.5,7,0.8,0.8804462112239305,0.649204282362997,176.3246460564642,0.009749999999999998,0.009959232091182556,0.1360740782386302,0.1356432470981757,38.07275721787969,39,15,0,False
8.5,7,0.8,0.8973115618182892,0.6099144297370676,180.4849266961329,0.009749999999999998,0.009923065037355834,0.12052392844042999,0.12568200498745274,39.90298950617994,39,15,0,False
8.5,7,0.8,0.8776667016340209,0.6136989762828321,179.04600893551364,0.009749999999999998,0.009926206696465935,0.1248016802920623,0.12701600465192803,39.665029912002765,39,15,0,False
8.5,7,0.8,0.8773285955246961,0.6550689969192387,177.6767042133442,0.009749999999999998,0.009964083176707644,0.1385702688807014,0.13699402504726654,37.81929940400798,39,15,0,False
8.5,7,0.8,0.869813181719977,0.52921272569603,202.56418206514513,0.009749999999999998,0.009838163131857857,0.0993341147634495,0.10442753847609115,44.25830592304013,39,15,0,False
8.5,7,0.8,0.8693169894521409,0.7056430195428289,186.02583153170085,0.009749999999999998,0.010002045474630144,0.1574249510812758,0.14831560244374256,35.84338503763342,39,15,0,False
8.5,7,0.8,0.8534702634636698,0.6114926076125323,180.59020987703568,0.009749999999999998,0.009923775456528202,0.12801732950204683,0.12679217398109383,39.704664979835165,39,15,0,False
8.5,7,0.8,0.8751466178982319,0.5959267164251983,183.16383255165968,0.009749999999999998,0.00990852872132393,0.11944018093445902,0.12229710182971544,40.526150141674115,39,15,0,False
8.5,7,0.8,1.05,0.5167479131270005,216.86710314602132,0.009749999999999998,0.009805331796823332,0.07501699648655598,0.09606555954460633,46.30488729403257,39,15,0,False
8.5,7,0.8,0.8596372633597676,0.5985587319403228,182.1115431220869,0.009749999999999998,0.009911399872031395,0.12273922353765389,0.12325119248466626,40.347639489369335,39,15,0,False
8.5,7,0.8,0.874697784009878,0.6680768426449064,179.8952048693275,0.009749999999999998,0.00997460414563772,0.14343790283955446,0.13993464983565965,37.2806970373626,39,15,0,False
8.5,7,0.8,0.8743221681072121,0.5292880317274874,202.69855936802256,0.009749999999999998,0.009837593285606893,0.09873707739064305,0.1043422563708811,44.27790926933125,39,15,0,False
8.5,7,0.8,0.8730498613134439,0.6196540134321723,177.59458748333975,0.009749999999999998,0.009931804839542058,0.12749404012067592,0.12868636128045824,39.37274568186339,39,15,0,False
8.5,7,0.8,0.8894998307256367,0.6406837270941831,175.998556081242,0.009749999999999998,0.009952376829598817,0.13174159292046772,0.13362485667569823,38.46097596832082,39,15,0,False
8.5,7,0.8,0.9077447320514359,0.5938415675036698,184.69140421667382,0.009749999999999998,0.009906496538788879,0.11390000540797286,0.12116417254750442,40.740328040767785,39,15,0,False
8.5,7,0.8,0.8704025706542508,0.5968509728046837,182.7998837379544,0.009749999999999998,0.009909474180378833,0.12047889856053524,0.12262422456128218,40.46471591281219,39,15,0,False
8.5,7,0.8,0.8723934061601003,0.6324766748865824,175.77725475359696,0.009749999999999998,0.009943679568646183,0.13184513946968146,0.13197553743944176,38.78591354769674,39,15,0,False
8.5,7,0.8,0.8237251263241617,0.6615429501352647,189.24459109354837,0.009749999999999998,0.009965239623521865,0.15059916415200958,0.1389228527701925,37.464411967466184,39,15,0,False
8.5,7,0.8,0.8680752816110946,0.6307129575798148,176.19113100647672,0.009749999999999998,0.009941875185609187,0.1319778879125207,0.1316271840942096,38.85514405138326,39,15,0,False
8.5,7,0.8,0.9788637466259864,0.5959279916368647,186.97894907524534,0.009749999999999998,0.009912654333366324,0.10488623285266586,0.12035199619293485,40.89591384724352,39,15,0,False
8.5,7,0.8,0.8647141326917283,0.6225705929634031,177.06450737567843,0.009749999999999998,0.009934301436092951,0.12982688373752216,0.12958757609398064,39.21709130391125,39,15,0,False
8.5,7,0.8,0.8146758263815412,0.6331818147559195,187.42427647383863,0.009749999999999998,0.009942703014135315,0.14230792068734388,0.13274438301445038,38.63401617059303,39,15,0,False
8.5,7,0.8,0.8826296875686422,0.6264981800917988,176.37151682074602,0.009749999999999998,0.009938715094960936,0.12819070374629737,0.13038324041414653,39.08116375496169,39,15,0,False
8.5,7,0.8,0.881651639901471,0.6527612800425061,176.57316312005813,0.009749999999999998,0.00996244528845876,0.13706086912587753,0.1364316599525507,37.92421596794726,39,15,0,False
8.5,7,0.8,0.8743100411728443,0.5764082446397025,188.17498020628352,0.009749999999999998,0.009888432814673368,0.11333508040492733,0.11709226913397022,41.536216900356195,39,15,0,False
8.5,7,0.8,0.8795877293633548,0.5397180545563021,199.31889744015118,0.009749999999999998,0.009848322664527273,0.10118162896025172,0.107097785710172,43.65720375177474,39,15,0,False
8.5,7,0.8,0.8560137873277812,0.5912903339563185,183.80853267698487,0.009749999999999998,0.009904386258678132,0.12094460540324302,0.12137686816332774,40.69987041045041,39,15,0,False
8.5,7,0.8,0.8586184040012171,0.6029610319979608,181.02771779842072,0.009749999999999998,0.009915655772843384,0.12434881378727837,0.12443981392152627,40.12839845319878,39,15,0,False
8.5,7,0.8,0.871006657373457,0.570466144884189,189.7203234714909,0.009749999999999998,0.009882432118242477,0.1119463790331677,0.1155687537137249,41.84549006457825,39,15,0,False
8.5,7,0.8,0.8807864181820592,0.6333709441767533,175.90568230588298,0.009749999999999998,0.009944996585006496,0.13075455804088681,0.13207938391684163,38.76534142425329,39,15,0,False
8.5,7,0.8,0.8699067409502438,0.6154523236263391,178.44244889628942,0.009749999999999998,0.009927708735712098,0.1266230689377649,0.12760564311720732,39.56117468868714,39,15,0,False
8.5,7,0.8,0.8694005683051754,0.6275277212234966,175.80167436183987,0.009749999999999998,0.009939052150074458,0.1306952772953369,0.1308494645406385,39.00215828596481,39,15,0,False
8.5,7,0.8,0.8796017604762862,0.6023733874400035,181.73459462645621,0.009749999999999998,0.009915057988464766,0.12082452113911905,0.12394528693047416,40.21918628377955,39,15,0,False
8.5,7,0.8,0.8973780924864653,0.6232330326720472,177.49412229380982,0.009749999999999998,0.00993636687191043,0.12479220374801353,0.12928266286663886,39.26955161567981,39,15,0,False
8.5,7,0.8,0.8585540302494408,0.6035624269638752,180.88352503881524,0.009749999999999998,0.009916233270101885,0.12455712960895762,0.12460106717784551,40.09892514358206,39,15,0,False
8.5,7,0.8,0.8559909886875319,0.5985433001037892,182.04061396102736,0.009749999999999998,0.009911418988861184,0.12332402708258722,0.1233068590659994,40.33729285230626,39,15,0,False
8.5,7,0.8,0.8901042903524566,0.6167589395463342,178.70903111643207,0.009749999999999998,0.009929624301068828,0.12383446107005923,0.12764682971859156,39.55395025063803,39,16,0,False
8.5,7,0.8,0.8478484486755884,0.6562967458160426,183.51429543156195,0.009749999999999998,0.009962649991633168,0.14421227130202094,0.13755547609915622,37.71540073194661,39,16,0,False
8.5,7,0.8,0.8757149499049441,0.6464032763445219,176.83028014638185,0.009749999999999998,0.009956417318069597,0.13593467959385894,0.13506249204189713,38.18327630958168,39,16,0,False
8.5,7,0.8,0.8770046441697642,0.6328462609977343,175.84726489104014,0.009749999999999998,0.009944275634187016,0.13120345308091574,0.1320054186183091,38.779991972523064,39,16,0,False
8.5,7,0.8,0.8553182278874633,0.6730601881160472,184.2919456777973,0.009749999999999998,0.009976538932281896,0.14865612031100528,0.14121022511380524,37.05281896603352,39,16,0,False
8.5,7,0.8,0.8767695632289892,0.6097790923954763,179.91427319800337,0.009749999999999998,0.009922346032924113,0.12366817535399285,0.1259775976792159,39.84989869388835,39,16,0,False
8.5,7,0.8,0.8787944190734654,0.6443612930843043,175.9916998419323,0.009749999999999998,0.009954850525668708,0.1347325627014087,0.1345708558212261,38.27757755907822,39,16,0,False
8.5,7,0.8,0.8815227363324206,0.7485192791431704,190.3381518062522,0.009749999999999998,0.0100309231464544,0.17023250732333486,0.15708576966919832,34.392575904616336,39,16,0,False
8.5,7,0.8,0.9371094193140956,0.8305705834045464,193.83283286889844,0.009749999999999998,0.010081105371327517,0.18822071567294027,0.17279878399599907,32.01826385118929,39,16,0,False
8.5,7,0.8,0.8832653140052612,0.6452988152498235,175.86033164636828,0.009749999999999998,0.00995608176392708,0.13429566489655234,0.13473163359805324,38.24666321330017,39,16,0,False
8.5,7,0.8,0.8801340827523522,0.6328026580448332,175.89997952319536,0.009749999999999998,0.00994442879070794,0.13067388797214433,0.13195863507016295,38.789264282032725,39,16,0,False
8.5,7,0.8,0.8646836615328006,0.6527665193177413,179.74766651054807,0.009749999999999998,0.009961009686894432,0.1399855864824961,0.13660431466449985,37.89191391632463,39,16,0,False
8.5,7,0.8,0.8738234970450638,0.641447858572412,176.52659606865416,0.009749999999999998,0.009951897558718758,0.13459539854853467,0.13397106345255758,38.39355803963314,39,16,0,False
8.5,7,0.8,0.877176014385232,0.6503809563953558,177.08386974296107,0.009749999999999998,0.009960001544000799,0.1370212564985948,0.13594146884239272,38.01636953475777,39,16,0,False
8.5,7,0.8,0.8678881151241008,0.6066652680711097,180.40167527871412,0.009749999999999998,0.00991924117282668,0.12406635532580718,0.12528171689977532,39.97521795641508,39,16,0,False
8.5,7,0.8,0.8984681063144565,0.6630369937467712,176.07214267320273,0.009749999999999998,0.00997323310173583,0.137660824241499,0.13857536770665346,37.528122730622115,39,16,0,False
8.5,7,0.8,0.8867046783523443,0.6653551141959624,177.3276629899481,0.009749999999999998,0.00997373667587403,0.14042743791506887,0.1392133048493714,37.41140149403949,39,16,0,False
8.5,7,0.8,0.9519431045145942,0.698531593819251,177.44207255664435,0.009749999999999998,0.010012171590751592,0.14059594486456906,0.14605515875913802,36.21800037891655,39,16,0,False
8.5,7,0.8,0.9153110958999424,0.7502428857140748,184.52160523990895,0.009749999999999998,0.010039470352529976,0.1643173940761881,0.15728018903884539,34.360964525127265,39,16,0,False
8.5,7,0.8,0.8838470901697112,0.6787400658629111,179.64246441784914,0.009749999999999998,0.009984294938060486,0.14545477155155223,0.14223654005970132,36.87241431558369,39,16,0,False
8.5,7,0.8,0.8831804377834802,0.6838041427900143,180.44635328806413,0.009749999999999998,0.009988157563945714,0.14730152703313826,0.1433733826602973,36.67470203897698,39,16,0,False
8.5,7,0.8,0.8728373499730835,0.658987229784665,179.02704498179457,0.009749999999999998,0.009966963814114176,0.14067173914921072,0.1379213458628663,37.64814533613501,39,16,0,False
8.5,7,0.8,0.8692019294482812,0.6460360011705408,177.99971938143614,0.009749999999999998,0.0099555988841091,0.13692254193095632,0.13504904156239764,38.18584716760021,39,16,0,False
8.5,7,0.8,0.8884758173827777,0.6867550690315898,179.8879457963617,0.009749999999999998,0.00999123076219054,0.14736627723684062,0.14398600185532692,36.5691673507765,39,16,0,False
8.5,7,0.8,0.8795908810512582,0.6554083607258682,177.29990774101185,0.009749999999999998,0.009964543375529442,0.13829933596255262,0.13704912170772554,37.809066275437885,39,16,0,False
8.5,7,0.8,0.8761423000250266,0.6561897277863044,178.0437285939304,0.009749999999999998,0.009964925872208636,0.1391521419601439,0.13725843792850398,37.77026400988102,39,16,0,False
8.5,7,0.8,0.8678075771124766,0.7121009126806277,187.2076489102782,0.009749999999999998,0.010006162195983213,0.15998923711473717,0.14974734051119892,35.61124801475931,39,16,0,False
8.5,7,0.8,0.8704213199810269,0.7738931541565809,196.63994362594184,0.009749999999999998,0.01004148757777474,0.18167617237243627,0.1621188151024538,33.59864946452117,39,16,0,False
8.5,7,0.8,0.8731691107589524,0.6589012649460976,178.95182437885666,0.009749999999999998,0.009966907026581826,0.14058560308267617,0.13789936462278624,37.65217604275308,39,16,0,False
8.5,7,0.8,0.8716082592636909,0.6720924376579409,181.01535969472835,0.009749999999999998,0.00997748701853693,0.1453589599385533,0.14085807267664865,37.11532045980885,39,16,0,False
8.5,7,0.8,0.7306272730425462,0.8383452539999712,243.26304178359322,0.009749999999999998,0.01003468878332181,0.24379587189638277,0.17360727638737192,31.891300001710167,39,16,0,False
8.5,7,0.8,0.8623774472953529,0.6401427917156683,178.51550728026666,0.009749999999999998,0.009949976918816222,0.1361104166717336,0.13380406508314252,38.426034683038374,39,16,0,False
8.5,7,0.8,0.8811732040047681,0.6493951184868326,176.2192006034189,0.009749999999999998,0.009959484278391956,0.136014281387892,0.13567772341879536,38.06622585970096,39,16,0,False
8.5,7,0.8,0.8847218885305682,0.7293353449304368,186.64141422981982,0.009749999999999998,0.010020242055347106,0.16281186264829364,0.15323815557965131,35.02917110588949,39,16,0,False
8.5,7,0.8,0.8750749217438475,0.6512810462651623,177.59326351498217,0.009749999999999998,0.009960612879036289,0.13768184315028031,0.13616522139173332,37.9742234737661,39,16,0,False
8.5,7,0.8,0.867566931491471,0.6588234518919969,180.00008922711845,0.009749999999999998,0.009966342556308117,0.14153944910331384,0.13793528332743238,37.645590276541974,39,16,0,False
8.5,7,0.8,0.8592879316342544,0.6570319828768317,181.34813838426012,0.009749999999999998,0.009964090881302484,0.14239920225681502,0.13761431387325726,37.70456112438444,39,16,0,False
8.5,7,0.8,0.8781744979136831,0.6730024032745804,179.90988304597232,0.009749999999999998,0.00997896280903391,0.14450369544988373,0.14100385280302416,37.08940921546078,39,16,0,False
8.5,7,0.8,0.8781502220235863,0.6234820690229568,176.8993859873249,0.009749999999999998,0.009935650778033206,0.12792425044070266,0.12963727640212205,39.208559923216654,39,16,0,False
8.5,7,0.8,0.85072965762856,0.6321828910432409,179.7412548534292,0.009749999999999998,0.00994247586006209,0.135434201362573,0.13215265481328456,38.75083541272284,39,16,0,False
8.5,7,0.8,0.8695822109131598,0.6340637108234481,176.34332405911726,0.009749999999999998,0.0099449974130118,0.13284271182964566,0.13236448230627298,38.708988012248966,39,16,0,False
8.5,7,0.8,0.9142659794280135,0.6252665418797709,177.57871243533538,0.009749999999999998,0.00993957337840879,0.12285287126498005,0.12956906607955063,39.220270066162556,39,16,0,False
8.5,7,0.8,0.8730679129619214,0.626473577775023,176.11019536909996,0.009749999999999998,0.009938166407450568,0.12974300387334317,0.13051737823041878,39.05838471935364,39,16,0,False
8.5,7,0.8,0.9174651099168123,0.6515881775563155,176.50926948485645,0.009749999999999998,0.009965381533146994,0.13082088320547497,0.1357677294690146,38.04919021461995,39,16,0,False
8.5,7,0.8,0.8960845576326386,0.6349687890569922,176.16521727466096,0.009749999999999998,0.009947601312740851,0.12880450740112848,0.13225778076969616,38.730050699909704,39,16,0,False
8.5,7,0.8,0.8865972059728846,0.6421470510907085,175.93879516546104,0.009749999999999998,0.009953498889354147,0.1326993666407468,0.13398622771358393,38.39061300351703,39,16,0,False
8.5,7,0.8,0.8886614575998129,0.7157515569166295,183.803693562523,0.009749999999999998,0.010012142137926327,0.15731995598100829,0.15042387154308484,35.50287850901729,39,16,0,False
8.5,7,0.8,0.8824480013639427,0.7566638093377547,191.49521642897395,0.009749999999999998,0.01003558265496346,0.17295592589482237,0.15869237868875416,34.13387821331483,39,16,0,False
8.5,7,0.8,0.8861653595849346,0.6099619211081961,180.1415979903811,0.009749999999999998,0.009922760112975803,0.12225232243240966,0.12587621472211805,39.86808441379574,39,16,0,False
8.5,7,0.8,0.8840548128418546,0.6150715875597328,178.91029239327932,0.009749999999999998,0.009927711065092057,0.12423768111528398,0.1272872222905965,39.617159650732255,39,16,0,False
8.5,7,0.8,0.877210097620438,0.6333196377091228,175.84711619604215,0.009749999999999998,0.009944731833474985,0.13132595085378315,0.13210960389419527,38.75935660192825,39,16,0,False
8.5,7,0.8,0.8775736771147672,0.615978966921206,178.52898465368017,0.009749999999999998,0.009928406581591057,0.12556098414544042,0.12763095428603544,39.55673445975506,39,16,0,False
8.5,7,0.8,0.8980078363871656,0.6773831535628573,176.93134911289113,0.009749999999999998,0.009985160630703689,0.1425353219353156,0.14180408388435545,36.94811570356038,39,16,0,False
8.5,7,0.8,0.8661534259520514,0.6486774049894848,178.92469066339322,0.009749999999999998,0.009957631727309624,0.13834224549750407,0.1356733992418317,38.06704487150143,39,16,0,False
8.5,7,0.8,0.8697863372568365,0.6148203981827074,178.57730643706913,0.009749999999999998,0.009927078945624173,0.12643594751648887,0.12743884407597206,39.590472304900025,39,16,0,False
8.5,7,0.8,0.8758410145153585,0.6294071509601453,175.86410671836234,0.009749999999999998,0.009941037652933487,0.13025666943788802,0.1312426800139433,38.93198319263727,39,16,0,False
8.5,7,0.8,0.856142635397806,0.6617916458341361,182.60059546064443,0.009749999999999998,0.00996771799361849,0.14460151771586213,0.13870456949848567,37.50439661610813,39,16,0,False
8.5,7,0.8,0.8688541524173994,0.6942198429204802,184.53719234069854,0.009749999999999998,0.00999389312122389,0.15351550270130804,0.14579923716037402,36.26090324573064,39,16,0,False
8.5,7,0.8,0.8994152661760079,0.6283160906519057,176.46198347731487,0.009749999999999998,0.009941470969174896,0.12611693097837698,0.13062575737127305,39.04000851424224,39,17,0,False
8.5,7,0.8,0.9436019740069345,0.6115981378901156,181.68834919081888,0.009749999999999998,0.009927660013145831,0.11430844146509483,0.125338543091301,39.96494069284236,39,17,0,False
8.5,7,0.8,0.8824229239492326,0.6362956104355075,175.9130930570281,0.009749999999999998,0.009947849499640178,0.1314500913454288,0.13271879862215682,38.639078620766334,39,17,0,False
8.5,7,0.8,0.8810062892657743,0.6200675625523763,177.71979858630198,0.009749999999999998,0.0099324928302885,0.1263467314636186,0.12867832964119105,39.3741410704822,39,17,0,False
8.5,7,0.8,0.8862299828156965,0.6216012394232987,177.5247398992234,0.009749999999999998,0.009934169676104443,0.12601600325498488,0.12901310772491564,39.31610116569228,39,17,0,False
8.5,7,0.8,0.8839667135819456,0.6911273493948038,181.29382169864311,0.009749999999999998,0.009993821772417215,0.1496717952776377,0.14499788151770857,36.39621481635443,39,17,0,False
8.5,7,0.8,0.8835565635004414,0.6107247614236323,179.89435786677623,0.009749999999999998,0.009923471561322162,0.12290464969088136,0.12612234357970342,39.82397700986055,39,17,0,False
8.5,7,0.8,0.9176968031463781,0.6126228925856525,180.51956312310915,0.009749999999999998,0.009926874093112414,0.11833647086771774,0.12607341117813392,39.83273446082508,39,17,0,False
8.5,7,0.8,0.9081618722628348,0.9194045627464991,216.17593981581294,0.009749999999999998,0.010085818736237246,0.227147702596234,0.1871999026150048,29.91270003791166,39,17,0,False
8.5,7,0.8,0.8744167106890567,0.6274183184227756,175.95170738109198,0.009749999999999998,0.009939153679435335,0.12983153850433496,0.13074998551411277,39.01897632934956,39,17,0,False
8.5,7,0.8,0.8830890819937236,0.6411473464901213,175.8790252502003,0.009749999999999998,0.009952272546061043,0.13294906007413754,0.13380233077697254,38.42637238288632,39,17,0,False
8.5,7,0.8,0.9036634932487115,0.6475102267305556,176.23279250409237,0.009749999999999998,0.009960010154689107,0.13168873096608558,0.13500243056141553,38.194760106901505,39,17,0,False
8.5,7,0.8,0.87760782325434,0.6372051296253185,175.82100684336382,0.009749999999999998,0.00994833129142674,0.1325480363313852,0.1329784991816477,38.587781523811145,39,17,0,False
8.5,7,0.8,0.8807703130368235,0.6146837099217217,178.91259522082916,0.009749999999999998,0.009927272154006843,0.12462858409736234,0.1272320014785967,39.62689238943057,39,17,0,False
8.5,7,0.8,0.8810180938893324,0.6374409838694813,175.8796635683448,0.009749999999999998,0.009948804191403636,0.13206029343855055,0.13299171663278636,38.58517611967248,39,17,0,False
8.5,7,0.8,0.9114314504558451,0.633320739207956,176.47827509824228,0.009749999999999998,0.009947334922423173,0.12586296534046854,0.13169143648849843,38.842347385363944,39,17,0,False
8.5,7,0.8,0.8936212112582831,0.6932702225991055,179.84275948479814,0.009749999999999998,0.009996927450986882,0.14867915697865416,0.1453980174256615,36.32846547559757,39,17,0,False
8.5,7,0.8,0.928589920720239,0.7155314806859978,176.91929832255707,0.009749999999999998,0.01002003993385223,0.1500931432742154,0.1500833819987281,35.55739997757702,39,17,0,False
8.5,7,0.8,0.897043900818799,0.5629321256021982,192.69820151638055,0.009749999999999998,0.009872657526644046,0.105853298595428,0.11305276657452358,42.37102059690543,39,17,0,False
8.5,7,0.8,0.9173974621141854,0.6938658028535347,176.51573403351907,0.009749999999999998,0.01000151389964405,0.1447536149890258,0.14532712420716482,36.34044181688826,39,17,0,False
8.5,7,0.8,0.8780638378887391,0.6870392992159682,181.8260493694524,0.009749999999999998,0.009989904501149302,0.14933156863965294,0.14413611843827592,36.54339451212027,39,17,0,False
8.5,7,0.8,0.8995109907698982,0.6194001406269053,178.39567084308158,0.009749999999999998,0.00993267019278029,0.12322868057866992,0.12821456267675505,39.45476017896592,39,17,0,False
8.5,7,0.8,0.8803756361412715,0.6131729888779317,179.23789927479814,0.009749999999999998,0.009925750484316551,0.12420121436285537,0.12683302556210127,39.69742243142714,39,17,0,False
8.5,7,0.8,0.8755300995232645,0.6873755710881458,182.3415514398577,0.009749999999999998,0.009989784197947655,0.14990886194994207,0.14423164676354183,36.52699309830681,39,17,0,False
8.5,7,0.8,0.8951679356114511,0.6738667879493396,176.95991661541876,0.009749999999999998,0.009981877519428958,0.1418401527945125,0.1410404211669791,37.08291782248662,39,17,0,False
8.5,7,0.8,0.881668447154402,0.6281086275579679,176.0032684563135,0.009749999999999998,0.009940191133297166,0.1288745468361973,0.13083062171499568,39.005342237394345,39,17,0,False
8.5,7,0.8,0.8672322396551545,0.7637592392914734,195.600203051007,0.009749999999999998,0.010035943391132687,0.17865058252105784,0.16014004185262126,33.90559233478922,39,17,0,False
8.5,7,0.8,0.8791844277655413,0.6370071121068999,175.85062435959463,0.009749999999999998,0.009948268762601296,0.1322202472105644,0.13291580022508473,38.60014770881816,39,17,0,False
8.5,7,0.8,0.8988222161061625,0.6373894710623464,176.20262198016366,0.009749999999999998,0.00995014861562667,0.12915606983257516,0.1327718846119397,38.62857653559384,39,17,0,False
8.5,7,0.8,0.8728884773098485,0.6863093553286579,182.69108412853492,0.009749999999999998,0.009988616925560426,0.15002288356323898,0.1440162356438526,36.56398211650949,39,17,0,False
8.5,7,0.8,0.6836191599301255,0.6624615698097277,227.02139105009047,0.009749999999999998,0.009966667728706887,0.18322732350192789,0.13990881162644214,37.285355635914435,39,17,0,False
8.5,7,0.8,0.8872783578219539,0.6276253135377341,176.25477893144014,0.009749999999999998,0.009940007589264813,0.127814290580418,0.1306203978925457,39.04091664115129,39,17,0,False
8.5,7,0.8,0.8792090570331877,0.6210245213721441,177.4549928561125,0.009749999999999998,0.009933303871796556,0.1269496452518392,0.12896366640322413,39.32465685907288,39,17,0,False
8.5,7,0.8,0.8837943340296848,0.7259955117518349,186.27653020303813,0.009749999999999998,0.010017985783103244,0.1618142878686101,0.15257320548704914,35.1423837983123,39,17,0,False
8.5,7,0.8,0.8840833784054967,0.6334987205715139,175.96046100884186,0.009749999999999998,0.009945327981314412,0.13025788506937389,0.1320693368866393,38.767331760291974,39,17,0,False
8.5,7,0.8,0.858361730397938,0.5999899850430531,181.7310756392836,0.009749999999999998,0.009912795677726658,0.1234144243564616,0.12365288212588565,40.27315325144501,39,17,0,False
8.5,7,0.8,0.8707316490564978,0.6903981800578997,183.66402170677364,0.009749999999999998,0.009991423964662514,0.15183326247848167,0.14493651764213983,36.40663755096886,39,17,0,False
8.5,7,0.8,0.8848361554378819,0.6508939803349029,175.8539903719109,0.009749999999999998,0.009961170976786856,0.13589712510195376,0.1359750951706366,38.01002688520067,39,17,0,False
8.5,7,0.8,0.8768497492570766,0.6271128652711075,176.0772332612192,0.009749999999999998,0.009938959718587274,0.12933317643723377,0.13063411817319623,39.038591957949244,39,17,0,False
8.5,7,0.8,0.8899537922379305,0.6346937229796475,176.05526986901265,0.009749999999999998,0.009946872202903282,0.12969799994799752,0.1322693079529478,38.727773628813864,39,17,0,False
8.5,7,0.8,0.8994772354719133,0.6180549110793486,178.70121321948642,0.009749999999999998,0.009931373198239331,0.12279978104367704,0.1278486170344343,39.518611349337824,39,17,0,False
8.5,7,0.8,0.8305702375503539,0.6387394756722102,184.7351024651955,0.009749999999999998,0.009947459404205999,0.14129107521859943,0.13381649679062763,38.42361426717525,39,17,0,False
8.5,7,0.8,0.902872585154016,0.6405762398497232,176.252621339446,0.009749999999999998,0.009953458976699317,0.129552669172802,0.13344461342485142,38.49621354590246,39,17,0,False
8.5,7,0.8,0.9317391018310077,0.6241077372250802,178.4256713532385,0.009749999999999998,0.009939937029586197,0.11988887598978659,0.12896840174149587,39.323837183420906,39,17,0,False
8.5,7,0.8,0.8984323770230048,0.6322271771636132,176.23266307395158,0.009749999999999998,0.00994518251454253,0.12753902995007502,0.1316059442944422,38.85937695402548,39,17,0,False
8.5,7,0.8,0.8776732532056466,0.628555142516697,175.9054846402913,0.009749999999999998,0.009940362950177119,0.12967367933648655,0.13100966905749384,38.975118744838504,39,17,0,False
8.5,7,0.8,0.8890399164577374,0.6873441827485796,179.8630717434413,0.009749999999999998,0.009991740283533538,0.1474686490537195,0.1441137130943978,36.54724445585563,39,17,0,False
8.5,7,0.8,0.8837414941253804,0.7433027478913814,189.0687417969859,0.009749999999999998,0.010028408545606314,0.16793840509423122,0.1560431255659403,34.56311064032502,39,17,0,False
8.5,7,0.8,0.8952935209553793,0.6320835664152159,176.17545113911123,0.009749999999999998,0.009944806477493974,0.12798965719400043,0.13161215716670344,38.85813864346771,39,17,0,False
8.5,7,0.8,0.9012659057300165,0.6479292438373119,176.18167059323812,0.009749999999999998,0.009960134448344291,0.1322125639175936,0.13512491631554616,38.171351508301086,39,17,0,False
8.5,7,0.8,0.8814213516197387,0.6527431154400245,176.61264277994684,0.009749999999999998,0.009962406529772545,0.1370938660152728,0.1364300183902589,37.924523477583875,39,17,0,False
8.5,7,0.8,0.8767027697069056,0.6285509771130935,175.8902484362369,0.009749999999999998,0.009940311443603186,0.1298310836318086,0.13102229958242387,38.97298929489097,39,17,0,False
8.5,7,0.8,0.9137771624084271,0.6467774321388302,176.44743141668135,0.009749999999999998,0.0099604523083895,0.1298418340152042,0.13471809170563848,38.24926421395078,39,17,0,False
8.5,7,0.8,0.8821741939860136,0.604449099444928,181.31094314419946,0.009749999999999998,0.00991714292779713,0.12109541978143266,0.12446050296515358,40.12461340945341,39,17,0,False
8.5,7,0.8,0.8716305555564604,0.6339696607785953,175.94630288569206,0.009749999999999998,0.009945021062170633,0.13246825140865912,0.1323200502222117,38.71775472463874,39,17,0,False
8.5,7,0.8,0.8654645753356017,0.6280400137672643,176.35622162471412,0.009749999999999998,0.009939329877994934,0.13152364066126856,0.13104310700388505,38.969482003995964,39,17,0,False
8.5,7,0.8,0.8872536999795413,0.6192637186854851,178.0749875872337,0.009749999999999998,0.009931992182270588,0.12509183301858756,0.12836624694360993,39.42838288698321,39,17,0,False
8.5,7,0.8,0.8975463191195017,0.6412564521825695,176.15398321439167,0.009749999999999998,0.009953676119645562,0.13062277238323197,0.1336582345834395,38.45446099850092,39,17,0,False
8.5,7,0.8,0.8911811904553759,0.6316330283299799,176.10435763341465,0.009749999999999998,0.00994407830906239,0.1284987241078152,0.1315605308978301,38.86843199725907,39,18,0,False
8.5,7,0.8,0.8747232281957559,0.6527755209884708,177.85081122759053,0.009749999999999998,0.009961822680577988,0.13824773494208162,0.1365065645097848,37.91019209110097,39,18,0,False
8.5,7,0.8,0.873004872775285,0.6306388126155696,175.80850421275366,0.009749999999999998,0.009942048295959524,0.13113202175138047,0.13155320380813088,38.869893538640504,39,18,0,False
8.5,7,0.8,0.8712612339117523,0.6172980314381581,178.06780250363855,0.009749999999999998,0.009929510532678366,0.12700969630837405,0.12808053258779417,39.47811080557379,39,18,0,False
8.5,7,0.8,0.9023233230520665,0.627740731226262,176.67953191985683,0.009749999999999998,0.009941165422529449,0.12547531379742102,0.1304239255049743,39.074250553713746,39,18,0,False
8.5,7,0.8,0.8815115965570933,0.6530142762745839,176.63805472165762,0.009749999999999998,0.009962706912723591,0.13716666088443738,0.1364881152565241,37.91364480436693,39,18,0,False
8.5,7,0.8,0.8705712061857316,0.6219580243096539,177.01941087263765,0.009749999999999998,0.009933858329519811,0.12865990857175746,0.12934163478516472,39.25938937146762,39,18,0,False
8.5,7,0.8,0.9050924459606486,0.5604754334375501,193.70387975353694,0.009749999999999998,0.009869418067117457,0.10399464406113991,0.11222859098809979,42.54675810819526,39,18,0,False
8.5,7,0.8,0.912424328490896,0.5132670206635056,210.153127067135,0.009749999999999998,0.00981347605539934,0.08907577591332874,0.09899088360810168,45.55870085835712,39,18,0,False
8.5,7,0.8,0.8712301775893758,0.6186656175000192,177.7634213759511,0.009749999999999998,0.009930805316034748,0.1274649450876387,0.12844868371565105,39.41406923751429,39,18,0,False
8.5,7,0.8,0.8821841761026147,0.6382235323577912,175.88653519433555,0.009749999999999998,0.009949548306127683,0.13212958271023753,0.1331558930762858,38.55285702064097,39,18,0,False
8.5,7,0.8,0.8910329047757352,0.6167085966280499,178.7501392692656,0.009749999999999998,0.009929631330605895,0.1236725974343507,0.12761794362754017,39.55901667987281,39,18,0,False
8.5,7,0.8,0.8752811941051651,0.6132840662878396,179.07835515759396,0.009749999999999998,0.009925768376381736,0.12504582507837336,0.12694046874657844,39.67839247727305,39,18,0,False
8.5,7,0.8,0.8774554726243591,0.6115478819054602,179.52800014015887,0.009749999999999998,0.009924095713769945,0.12413482776216778,0.12644158189077181,39.76698177209248,39,18,0,False
8.5,7,0.8,0.8823292430253268,0.6258304847521684,176.50483225027463,0.009749999999999998,0.009938057966272508,0.12802059894890097,0.13020823259196315,39.11094218173481,39,18,0,False
8.5,7,0.8,0.8860875820018089,0.638892264983308,175.95265356253074,0.009749999999999998,0.009950477084434473,0.131707867931207,0.13326052717898937,38.53230072253753,39,18,0,False
8.5,7,0.8,0.872826500562953,0.6994287253271606,184.4997529441355,0.009749999999999998,0.009998227714152695,0.15458870389090304,0.1469219569397599,36.07324979169517,39,18,0,False
8.5,7,0.8,0.8945307642949292,0.7139998493864694,182.5138197863374,0.009749999999999998,0.010012104571983272,0.15562482106602263,0.14999439062450312,35.57163688682296,39,18,0,False
8.5,7,0.8,0.8945445584659754,0.6662981184032312,176.05587270606262,0.009749999999999998,0.009975478669723942,0.13940937154957314,0.1393479081536661,37.38690970699972,39,18,0,False
8.5,7,0.8,0.9238380185749082,0.5617480833672928,194.04481542914397,0.009749999999999998,0.009870132825990778,0.10186003275074719,0.1121733745085049,42.558608918797894,39,18,0,False
8.5,7,0.8,0.8806999660812306,0.5869071706292909,185.5933679982701,0.009749999999999998,0.009899188481998987,0.11570676943626092,0.11978657200273972,41.00527106403821,39,18,0,False
8.5,7,0.8,0.9090222255860716,0.6029533598762478,182.49520102413666,0.009749999999999998,0.009916240519100578,0.11657010982335578,0.12360420466978958,40.2821580356608,39,18,0,False
8.5,7,0.8,0.8842856435637024,0.6145393377712992,179.0371514928059,0.009749999999999998,0.009927198359228107,0.12402856312920663,0.12714012501243596,39.64310136247214,39,18,0,False
8.5,7,0.8,0.8837882427888324,0.6689078638406704,178.3373726620636,0.009749999999999998,0.009976377848054701,0.1421270292985202,0.14003439597642353,37.26272897073468,39,18,0,False
8.5,7,0.8,0.8908352546420413,0.6249752300530866,176.93068090034456,0.009749999999999998,0.009937716491083496,0.12638205095875582,0.12985088875426257,39.17195413186528,39,18,0,False
8.5,7,0.8,0.8825382712209643,0.6123118005196742,179.49565466535637,0.009749999999999998,0.009924971056801513,0.1235802317181377,0.12656711825484612,39.74463490456868,39,18,0,False
8.5,7,0.8,0.8700677184938652,0.7326628142379422,189.9562668160837,0.009749999999999998,0.010019490317311011,0.16685235211243718,0.15397285896068152,34.90531789592113,39,18,0,False
8.5,7,0.8,0.882640544817846,0.5502208235525065,196.04462319913637,0.009749999999999998,0.009859581134668498,0.10396744969514457,0.10994087203966908,43.041961311359756,39,18,0,False
8.5,7,0.8,0.8880912229792584,0.612748365261987,179.55442431970755,0.009749999999999998,0.009925565944284242,0.12285314513602649,0.12659695730937764,39.73932866406828,39,18,0,False
8.5,7,0.8,0.8819126512133709,0.5834651626217349,186.53312949769693,0.009749999999999998,0.009895618208854954,0.11443071680202084,0.11883914830828698,41.189772734654944,39,18,0,False
8.5,7,0.8,0.9435872149946176,0.6874243743714242,177.16061840300316,0.009749999999999998,0.010001288742062521,0.13831977978154614,0.1436250115685022,36.631246234833874,39,18,0,False
8.5,7,0.8,0.894519177632793,0.620471855928997,178.01670788458262,0.009749999999999998,0.009933509231347282,0.12434497550403659,0.12858090363005154,39.391079134553635,39,18,0,False
8.5,7,0.8,0.8780461233020991,0.6185292327285431,177.97945181758087,0.009749999999999998,0.009930912932438385,0.1263175842082251,0.1283088787083986,39.438352883820514,39,18,0,False
8.5,7,0.8,0.8876552602149127,0.5829243139078744,186.84290023405808,0.009749999999999998,0.009894851668201757,0.11341025245614994,0.11859095258020298,41.23847592478515,39,18,0,False
8.5,7,0.8,0.88944577059899,0.6234890333927103,177.2040328303632,0.009749999999999998,0.009936150700780971,0.12612097973223818,0.1294732405302007,39.236738527988344,39,18,0,False
8.5,7,0.8,0.8817704004794417,0.6301124016944721,175.9593839803027,0.009749999999999998,0.009942068449868963,0.12951744750076458,0.1313294503506111,38.9146039429461,39,18,0,False
8.5,7,0.8,0.9043031220375023,0.6641745224559031,176.18812673031866,0.009749999999999998,0.00997493586936787,0.13707086859141063,0.1387717734276445,37.49207297813786,39,18,0,False
8.5,7,0.8,0.8835283418430407,0.6119136375212606,179.61492271750427,0.009749999999999998,0.009924607688862039,0.12329565129743472,0.1264442554606973,39.76650546088774,39,18,0,False
8.5,7,0.8,0.8760387548365944,0.6297022152170904,175.86392213949844,0.009749999999999998,0.009941319985922632,0.13032181412155583,0.13130695350418878,38.919107646867026,39,18,0,False
8.5,7,0.8,0.8947416929240005,0.6150493369226778,179.23772456151033,0.009749999999999998,0.009928171517224148,0.12256171036609588,0.12710959097321953,39.64849254770622,39,18,0,False
8.5,7,0.8,0.8862692476669384,0.6189303164921515,178.1205244915635,0.009749999999999998,0.009931623553227763,0.12513896034693237,0.12829140362652672,39.44139134601514,39,18,0,False
8.5,7,0.8,0.9237227841474729,0.631289832844482,176.75260787441948,0.009749999999999998,0.009946502031265235,0.1233425878121578,0.13105696636761366,38.967146390824844,39,18,0,False
8.5,7,0.8,0.8848989358490377,0.651833217704028,175.86820187933364,0.009749999999999998,0.009962006650774333,0.13619970021070726,0.13618599848529156,37.970316870662394,39,18,0,False
8.5,7,0.8,0.8317681020970471,0.6204627491118053,183.48429092600293,0.009749999999999998,0.00993190648662191,0.13477659058386454,0.1294826790809436,39.2351155255817,39,18,0,False
8.5,7,0.8,0.8816711197510109,0.6300081111302939,175.95255671228242,0.009749999999999998,0.009941914943899888,0.129501589829884,0.13130883895001916,38.918730135474696,39,18,0,False
8.5,7,0.8,0.8734141756870233,0.6156173418198765,178.49838147235957,0.009749999999999998,0.009927949380543989,0.12611007690859755,0.1275969026085976,39.562708339568594,39,18,0,False
8.5,7,0.8,0.8928571915711541,0.6564246133042492,175.97686237862203,0.009749999999999998,0.009966811938167798,0.13639895712978226,0.13714003711723535,37.79219831190782,39,18,0,False
8.5,7,0.8,0.8799954556540681,0.5,214.17064086485183,0.009749999999999998,0.009804391360017917,0.08928440688023848,0.09620179164287448,46.269409297427124,39,18,0,False
8.5,7,0.8,0.8887410621767261,0.6482466511257967,175.93563015789152,0.009749999999999998,0.009959153701337037,0.1343673788156992,0.13533737257786038,38.13084834197188,39,18,0,False
8.5,7,0.8,0.8763580378220249,0.6402236887042387,175.8916131967678,0.009749999999999998,0.00995095602130741,0.13376181212882257,0.1336696387200122,38.45223579153626,39,18,0,False
8.5,7,0.8,0.8792335203515614,0.6573221546801936,177.6206548084113,0.009749999999999998,0.009966172597636543,0.1390031110188352,0.1374830772738162,37.728751263903646,39,18,0,False
8.5,7,0.8,0.878602066511674,0.6255053190946983,176.47246473766012,0.009749999999999998,0.009937563722985427,0.12851694050581736,0.13017530039926342,39.116553229679724,39,18,0,False
8.5,7,0.8,0.8570906354842939,0.588684473296426,184.48684085861035,0.009749999999999998,0.009901737662993923,0.11992598900087602,0.12066743039440132,40.835279255891585,39,18,0,False
8.5,7,0.8,0.8740510827823871,0.6029257604805959,181.43962398494878,0.009749999999999998,0.009915533569802062,0.12187268616251476,0.12418564287461394,40.1749849235543,39,18,0,False
8.5,7,0.8,0.8815265537056912,0.6292867747595664,175.9605215066372,0.009749999999999998,0.00994125480934894,0.12928661269145558,0.13114674778025626,38.95122411569484,39,18,0,False
8.5,7,0.8,0.8698433616915188,0.623681066188321,176.63457346035864,0.009749999999999998,0.00993549225674428,0.1293470959833737,0.12981195637324994,39.17861829639755,39,18,0,False
8.5,7,0.8,0.8877862528137587,0.6240015570643327,177.0552618320471,0.009749999999999998,0.00993661877280491,0.12654820871921868,0.12963376136169352,39.209163123056896,39,18,0,False
8.5,7,0.8,0.8951145717867272,0.5961213095034029,183.71684390150014,0.009749999999999998,0.009908771050452181,0.11646886014302256,0.12200446524806009,40.58117033530333,39,18,0,False
8.5,7,0.8,0.8869279938196171,0.6303009591206137,176.03865429783477,0.009749999999999998,0.009942507660080526,0.1287469891366506,0.131311598766826,38.91817757352837,39,19,0,False
8.5,7,0.8,0.8633960364491817,0.6550389234852656,180.29418411283783,0.009749999999999998,0.009962805503285089,0.14098640967775264,0.13712683801408015,37.79464582974686,39,19,0,False
8.5,7,0.8,0.8738131441609499,0.6293138567440477,175.83301884020904,0.009749999999999998,0.009940848445768419,0.13055987870788757,0.13124565401477722,38.93138715096449,39,19,0,False
8.5,7,0.8,0.871634854937277,0.6252731217910279,176.33706225464982,0.009749999999999998,0.00993703603639305,0.12957940924357406,0.13021360877672983,39.11002640254495,39,19,0,False
8.5,7,0.8,0.9103795602517125,0.6561221030505802,176.33910583293303,0.009749999999999998,0.009968623690974315,0.13342752814188785,0.1368802822594117,37.84045070736056,39,19,0,False
8.5,7,0.8,0.8854744352267201,0.6058559277159083,181.07623333055437,0.009749999999999998,0.009918619388658824,0.12103710766942727,0.1247837693958638,40.06560847336667,39,19,0,False
8.5,7,0.8,0.8777149104864654,0.6434560378857521,176.06972392771053,0.009749999999999998,0.009953953092927115,0.1346120993877425,0.13437962449259197,38.31444345993216,39,19,0,False
8.5,7,0.8,0.9193634442093299,0.6582394089310453,176.53420207228027,0.009749999999999998,0.009971732476729096,0.13268114169030606,0.13726069455493953,37.76984632297898,39,19,0,False
8.5,7,0.8,0.8939382735215675,0.5,214.76620068693438,0.009749999999999998,0.009801505218026738,0.08753278402243565,0.09583492418053077,46.36513416183891,39,19,0,False
8.5,7,0.8,0.8829720118681063,0.6315540148979912,175.96216177455878,0.009749999999999998,0.009943463184392742,0.12979764616334424,0.131641869623475,38.85221815034632,39,19,0,False
8.5,7,0.8,0.8785773353589295,0.6177214446751593,178.17102464560858,0.009749999999999998,0.009930140560178527,0.12596887056065176,0.12808382601446675,39.47753653897942,39,19,0,False
8.5,7,0.8,0.8937608948344056,0.637067064400542,176.10956683829275,0.009749999999999998,0.009949421196617403,0.12986091138102066,0.13275956801728936,38.63101239810178,39,19,0,False
8.5,7,0.8,0.8779166351909714,0.6146016735515789,178.84416715534138,0.009749999999999998,0.009927059666371689,0.12505764017469462,0.12725612349083518,39.62263998718735,39,19,0,False
8.5,7,0.8,0.875930424130377,0.6326928695630717,175.83152488050533,0.009749999999999998,0.009944073933181963,0.13133001868000327,0.13198325869602173,38.784383165462565,39,19,0,False
8.5,7,0.8,0.8746136200930807,0.623611683711834,176.7755399132214,0.009749999999999998,0.009935617733985427,0.12854192199482134,0.12972406809316814,39.193674668654495,39,19,0,False
8.5,7,0.8,0.8643276780916945,0.6201127852156093,177.44967642855627,0.009749999999999998,0.009931951030668122,0.1290775977860596,0.1289381383910833,39.32907656391582,39,19,0,False
8.5,7,0.8,0.8744896920185005,0.5830885813766052,186.4059494417973,0.009749999999999998,0.009895418862974665,0.11542860483169831,0.1188734822358667,41.183048780678746,39,19,0,False
8.5,7,0.8,0.861872804097282,0.6759161911129363,183.39020818145565,0.009749999999999998,0.009979383596010886,0.14844160350110436,0.14179329778049715,36.950009653039366,39,19,0,False
8.5,7,0.8,0.8605952545697344,0.6770663349955053,183.79025857473803,0.009749999999999998,0.009980097144056782,0.14907737569759485,0.14206086512058863,36.903111163865816,39,19,0,False
8.5,7,0.8,0.9067446854339924,0.5677020977979002,191.66371828326066,0.009749999999999998,0.009877607884148732,0.10596676233260797,0.11413376021498826,42.14309894861507,39,19,0,False
8.5,7,0.8,0.897825188009349,0.5717679943711517,190.19961717752713,0.009749999999999998,0.00988246098293113,0.10846229507204205,0.11540278589854197,41.87959367905341,39,19,0,False
8.5,7,0.8,0.8703927191648373,0.6484672483905731,178.09144748432828,0.009749999999999998,0.009957747259902488,0.13753993800754655,0.13558358020832645,38.08406859464893,39,19,0,False
8.5,7,0.8,0.880708824956866,0.6492147424602457,176.27806710093964,0.009749999999999998,0.009959264921916332,0.13603324452338747,0.13564278759161788,38.072844291260694,39,19,0,False
8.5,7,0.8,0.8873457902748267,0.6158805553519722,178.82441201988374,0.009749999999999998,0.009928637244447988,0.12398222645140866,0.12745337751270114,39.58791701868444,39,19,0,False
8.5,7,0.8,0.8881988825266428,0.603279505592277,181.76749434394765,0.009749999999999998,0.009916066891807147,0.1197911063806088,0.12404632647771041,40.20058768834603,39,19,0,False
8.5,7,0.8,0.8760740254294073,0.624104017442181,176.7072394944019,0.009749999999999998,0.009936136697808422,0.12846639870115908,0.12983521804954698,39.17463612860981,39,19,0,False
8.5,7,0.8,0.8814679334684805,0.7035010553566062,183.44594978013023,0.009749999999999998,0.010002487977773086,0.1543975594555773,0.1477611272261372,35.934486404903986,39,19,0,False
8.5,7,0.8,0.8768461303409159,0.5564905135825521,193.93722816977672,0.009749999999999998,0.009866991993714947,0.10672105650068141,0.11174280368405266,42.65135571186565,39,19,0,False
8.5,7,0.8,0.8815813785822879,0.6154615874479404,178.7538576094686,0.009749999999999998,0.009928016232382679,0.12475495863559005,0.12743049667109416,39.591940175401085,39,19,0,False
8.5,7,0.8,0.8752492116420508,0.5848358967418598,185.97223294989004,0.009749999999999998,0.00989720245763386,0.11587035334756161,0.1193279140094199,41.09435697506204,39,19,0,False
8.5,7,0.8,1.05,0.6884783807289034,180.68860750653138,0.009749999999999998,0.010028451896868002,0.1231388847477938,0.14258675528676792,36.811442171195026,39,19,0,False
8.5,7,0.8,0.8801148238484288,0.6364023778331724,175.8728365632842,0.009749999999999998,0.009947789399572226,0.13186550537095712,0.13276926050151444,38.62909547003988,39,19,0,False
8.5,7,0.8,0.8784977884739665,0.641575869582262,175.800746780054,0.009749999999999998,0.009952344418774337,0.13385341054490796,0.1339485264546217,38.39793615670208,39,19,0,False
8.5,7,0.8,0.885966418788423,0.5812262944824511,187.24653992873252,0.009749999999999998,0.009893135497752364,0.11312282820174473,0.11816435493640363,41.32258532812576,39,19,0,False
8.5,7,0.8,0.8752199273169694,0.6366907240260035,175.7878745613121,0.009749999999999998,0.009947723552549227,0.13277385897308308,0.13288976428415517,38.60528623643693,39,19,0,False
8.5,7,0.8,0.8933222753551906,0.6431494609592848,176.0590530924158,0.009749999999999998,0.00995502065881437,0.13192830230242433,0.13413466580789057,38.361820061043915,39,19,0,False
8.5,7,0.8,0.9064071517063362,0.6271876708129362,176.92204916414514,0.009749999999999998,0.009940917227879853,0.1246655230426387,0.1302117175779902,39.11034854209257,39,19,0,False
8.5,7,0.8,0.8832308402376962,0.5944378185488101,183.76879329611037,0.009749999999999998,0.009906975628300282,0.11772176837325776,0.12175916728102634,40.627448872572685,39,19,0,False
8.5,7,0.8,0.8749363258193231,0.6315690685317621,175.82941877382743,0.009749999999999998,0.009943005949742612,0.13112084410851282,0.13174044649995292,38.832594770791566,39,19,0,False
8.5,7,0.8,0.8662340010400637,0.6162870047278979,178.1602324040529,0.009749999999999998,0.009928422297922207,0.12749682000995194,0.12788467437238457,39.5123064412506,39,19,0,False
8.5,7,0.8,0.8632550678799477,0.6311580038935894,177.16560856816668,0.009749999999999998,0.00994205577521661,0.13293836006932735,0.13178274678854215,38.824183135348456,39,19,0,False
8.5,7,0.8,0.8861048365625869,0.6256398233259692,176.6511294273224,0.009749999999999998,0.009938078214033762,0.12735180405684485,0.1301011565364792,39.12919468316662,39,19,0,False
8.5,7,0.8,0.8733648820282888,0.6446684620982654,177.03858264688475,0.009749999999999998,0.009954717932175642,0.1357515000598781,0.13469800783955338,38.25312269490335,39,19,0,False
8.5,7,0.8,0.8022192370928061,0.6421319861856921,191.422630130757,0.009749999999999998,0.009949744787428173,0.14788089644412863,0.13482341323533184,38.22904874567688,39,19,0,False
8.5,7,0.8,0.8700837352104384,0.6273272591217308,175.8594558992813,0.009749999999999998,0.009938881690962319,0.13051607846894636,0.13078666246711534,39.012773193915585,39,19,0,False
8.5,7,0.8,0.8764373135147246,0.6260496222410283,176.29860560747642,0.009749999999999998,0.009937979443728037,0.12904830569104092,0.13035276044479888,39.08634526579183,39,19,0,False
8.5,7,0.8,0.868112618422655,0.6087406734631334,179.92036233954337,0.009749999999999998,0.009921220956203819,0.12471102283066882,0.12583476378640512,39.875526787000176,39,19,0,False
8.5,7,0.8,0.8792656607571983,0.5219527494010479,205.4983141901,0.009749999999999998,0.009828679611567758,0.0958654334914057,0.10221491866912809,44.77517511698574,39,19,0,False
8.5,7,0.8,0.8664795763989696,0.6269882163398329,176.17642931285937,0.009749999999999998,0.009938410914776256,0.13100329206249428,0.1307468124237339,39.019513127432724,39,19,0,False
8.5,7,0.8,0.8673185242087439,0.6305472996149044,176.31196344050167,0.009749999999999998,0.009941681953716874,0.13204978713530233,0.13159887779709045,38.86078554504466,39,19,0,False
8.5,7,0.8,0.8756016201453394,0.5956915006908801,183.23546055367882,0.009749999999999998,0.009908292165075282,0.11929381730316482,0.12222620052626897,40.53946048130993,39,19,0,False
8.5,7,0.8,0.8782361098929864,0.6236688474560598,176.86085988890522,0.009749999999999998,0.009935828707788915,0.12797182862447554,0.1296863135513717,39.200147734879536,39,19,0,False
8.5,7,0.8,0.8736438370716932,0.6569486664632384,178.6022206439843,0.009749999999999998,0.00996527706979102,0.1398433740296245,0.13745634400577922,37.733684464029174,39,19,0,False
8.5,7,0.8,0.8767572465989161,0.6463452103482851,176.6297915094852,0.009749999999999998,0.009956449888121433,0.13573869306763173,0.13503829465728817,38.18790164400396,39,19,0,False
8.5,7,0.8,0.8748841402469115,0.6247493636336005,176.52405920117775,0.009749999999999998,0.009936612729503812,0.12887677117477273,0.13002912378179074,39.14148772841059,39,19,0,False
8.5,7,0.8,0.88669799389057,0.6269120283250085,176.39751863194,0.009749999999999998,0.009939339252072535,0.12767201309960946,0.13043472264080086,39.0724165116861,39,19,0,False
8.5,7,0.8,0.8716377294735379,0.6329487825827527,175.809924723686,0.009749999999999998,0.00994407335102113,0.13212800844563163,0.1320905785425098,38.763124101762784,39,19,0,False
8.5,7,0.8,0.8748365991417356,0.6317240396062082,175.8260396189067,0.009749999999999998,0.009943141394761506,0.13118880173694936,0.13177664304219938,38.825396566198506,39,19,0,False
8.5,7,0.8,0.8784755434144061,0.6215754645807432,177.31416753527012,0.009749999999999998,0.009933797849483186,0.12724843388534027,0.12912262244682654,39.297169438048016,39,20,0,False
8.5,7,0.8,0.8904994416297625,0.6214726716151808,177.67629091134575,0.009749999999999998,0.009934262384207172,0.12529913893892625,0.12891328309155994,39.33338120756831,39,20,0,False
8.5,7,0.8,0.8770504899053158,0.6246297016315494,176.61926119411447,0.009749999999999998,0.009936669433814084,0.12848083481562644,0.12996242763680904,39.152880183074856,39,20,0,False
8.5,7,0.8,0.8810093675639754,0.6296212818511125,175.94521301806813,0.009749999999999998,0.009941512420185185,0.12948204381145892,0.13122947331126683,38.93463037109454,39,20,0,False
8.5,7,0.8,0.8614841358402575,0.6609927982527779,181.4516984334329,0.009749999999999998,0.0099675450427467,0.14336349874192328,0.13847878204924,37.545888211145474,39,20,0,False
8.5,7,0.8,0.8817193155340189,0.6078724108088421,180.49437431082882,0.009749999999999998,0.009920553908360557,0.12227133975111062,0.12538688334486728,39.956204277063186,39,20,0,False
8.5,7,0.8,0.881207138965713,0.6170197226989141,178.39479881966264,0.009749999999999998,0.00992952016738937,0.12532170938888976,0.12785594033963865,39.51733057209929,39,20,0,False
8.5,7,0.8,0.9157913662470706,0.6888053442597379,176.46164120464246,0.009749999999999998,0.009997224915788078,0.14333642794605864,0.14420635109234264,36.53133404784219,39,20,0,False
8.5,7,0.8,0.8986955357285565,0.7511554101613743,187.59890158313695,0.009749999999999998,0.01003616185976866,0.16779439068193241,0.15753746592045406,34.31926348892724,39,20,0,False
8.5,7,0.8,0.8810851412402185,0.6285608009408554,175.95992693480957,0.009749999999999998,0.009940541851662203,0.12911982803596375,0.13096260121440848,38.98305719175814,39,20,0,False
8.5,7,0.8,0.8798498624154568,0.6315039997929611,175.9103216294812,0.009749999999999998,0.009943227226275334,0.13029073848676329,0.13166776902657548,38.84705961155238,39,20,0,False
8.5,7,0.8,0.8721449747017765,0.6342952412144712,175.89310788954043,0.009749999999999998,0.00994535126152122,0.13249044170602262,0.1323873656177742,38.704475279794615,39,20,0,False
8.5,7,0.8,0.8754782298125856,0.643910967076448,176.5446091635583,0.009749999999999998,0.009954200142929059,0.13514021347462749,0.13450558476780342,38.290148883380375,39,20,0,False
8.5,7,0.8,0.8778385831378746,0.6338052418220246,175.85390569360828,0.009749999999999998,0.009945224925066049,0.13138264783708337,0.13221160053064063,38.739177064945665,39,20,0,False
8.5,7,0.8,0.8769919239704187,0.6279671496677266,175.89684503020868,0.009749999999999998,0.009939746243915498,0.1295926441233836,0.13086261207310818,38.999937145556665,39,20,0,False
8.5,7,0.8,0.8694372996598917,0.6250163140239317,176.3350808558626,0.009749999999999998,0.009936708883150297,0.12985688177203322,0.1301761799200197,39.116403344482386,39,20,0,False
8.5,7,0.8,0.8948928997609991,0.60233630154897,182.19267838765944,0.009749999999999998,0.00991520586200876,0.11847493980495298,0.12368087184002609,40.26797815505972,39,20,0,False
8.5,7,0.8,0.9172215822889622,0.6739235263352752,176.47450537213527,0.009749999999999998,0.009985215860068583,0.13816336850503375,0.1408348026132319,37.11946145402487,39,20,0,False
8.5,7,0.8,0.861517268085148,0.6725730724197564,183.01190177199814,0.009749999999999998,0.00997678772131883,0.14734717233582925,0.14105093235612023,37.081052558241474,39,20,0,False
8.5,7,0.8,0.8857093989257907,0.6759669738529875,178.93209706780894,0.009749999999999998,0.009982324221058563,0.14418527550524968,0.14159862428829145,36.984241819744085,39,20,0,False
8.5,7,0.8,0.8819607434564224,0.6848072074778635,180.80578852964004,0.009749999999999998,0.009988762029594492,0.14786261352291075,0.14360696669321976,36.63435751321787,39,20,0,False
8.5,7,0.8,0.8931084574242375,0.640906134501816,176.06355136971754,0.009749999999999998,0.00995288695165499,0.13122774037228466,0.1336333759524429,38.45931279816634,39,20,0,False
8.5,7,0.8,0.8762527773698175,0.6417501146000764,176.1163963214341,0.009749999999999998,0.009952345534025518,0.134287192634651,0.1340120171610573,38.38560598737211,39,20,0,False
8.5,7,0.8,0.8964648426869388,0.6012935940220152,182.49116324039582,0.009749999999999998,0.009914152755337377,0.11790767495786679,0.12337376921839299,40.3248667441709,39,20,0,False
8.5,7,0.8,0.888675236753782,0.6431645786110275,175.96477795080654,0.009749999999999998,0.009954560643135624,0.1326959383333278,0.13419315819437794,38.35049158166681,39,20,0,False
8.5,7,0.8,0.8746433542712332,0.6327102532754766,175.8105874184539,0.009749999999999998,0.009944016442599981,0.13154892794237602,0.13200217981917597,38.78063367907507,39,20,0,False
8.5,7,0.8,0.8695978808947777,0.614541302237094,178.634149804288,0.009749999999999998,0.009926802320881016,0.12637504757827037,0.12736705578395482,39.60310134292115,39,20,0,False
8.5,7,0.8,0.8750667038333434,0.6090250581512198,180.04019055015016,0.009749999999999998,0.009921570924242187,0.12369310439881964,0.12580245892254857,39.88132985505332,39,20,0,False
8.5,7,0.8,0.880074005157815,0.6380064084674101,175.84996755255713,0.009749999999999998,0.009949182252894853,0.13240716402752953,0.1331318121735185,38.557592500135165,39,20,0,False
8.5,7,0.8,0.8741798219219312,0.6479853746984559,177.32038889655658,0.009749999999999998,0.0099576417980344,0.13672841686733175,0.13543539088659534,38.11220449160872,39,20,0,False
8.5,7,0.8,0.8180802013677597,0.6605258803403273,190.33468399717694,0.009749999999999998,0.009964185329319829,0.15133881548195538,0.13874392245190115,37.497178754109385,39,20,0,False
8.5,7,0.8,0.8728437666863783,0.6379322381723372,176.24265700623278,0.009749999999999998,0.009948679721762475,0.13358606146553142,0.13319477174064048,38.54521519269557,39,20,0,False
8.5,7,0.8,0.8786380239138811,0.6291663231680747,175.91388022564442,0.009749999999999998,0.009940978776747296,0.12971782569527382,0.13115437651773343,38.94969301090508,39,20,0,False
8.5,7,0.8,0.8755702855564867,0.606382261276904,180.6664598679759,0.009749999999999998,0.009918965691105794,0.12275478646063516,0.12508654256004614,40.01057551304067,39,20,0,False
8.5,7,0.8,0.8733496759737901,0.6240088826274505,176.6551918279027,0.009749999999999998,0.00993593240855882,0.12887976986586114,0.12984932152149908,39.172222334970385,39,20,0,False
8.5,7,0.8,0.8776937690621194,0.6249352011386854,176.57729653429325,0.009749999999999998,0.009937027918640932,0.12847489805308387,0.1300334317957204,39.140752206716336,39,20,0,False
8.5,7,0.8,0.8813725718932165,0.6298488522484872,175.95057606947498,0.009749999999999998,0.009941759613984635,0.12949723057768292,0.13127605131891892,38.92529654162191,39,20,0,False
8.5,7,0.8,0.8766299520612973,0.6615889285772947,178.6645708180691,0.009749999999999998,0.009969498327518037,0.14089405056898974,0.13846885104159268,37.54771627363493,39,20,0,False
8.5,7,0.8,0.8764682547307306,0.6234848603647082,176.8531233687923,0.009749999999999998,0.0099355791656273,0.12819805433006976,0.12966277728780162,39.20418465260385,39,20,0,False
8.5,7,0.8,0.888698488663243,0.6361053637433585,176.02419846822337,0.009749999999999998,0.009948122382176029,0.13036328765444988,0.13260321855528193,38.661973118817805,39,20,0,False
8.5,7,0.8,0.8646049203295292,0.6342017690552093,177.30546255382495,0.009749999999999998,0.009944870071291807,0.13372890672823393,0.13245151587007103,38.69183270261298,39,20,0,False
8.5,7,0.8,0.8522446606766872,0.6218284873860938,179.40367467488653,0.009749999999999998,0.009933255231606177,0.13167988486577603,0.12956795313257327,39.220461218994934,39,20,0,False
8.5,7,0.8,0.875972835053598,0.6313304198640691,175.84865643022766,0.009749999999999998,0.009942844338541094,0.13087050876772027,0.13167437923658334,38.84574333964522,39,20,0,False
8.5,7,0.8,0.90286964777104,0.6543457822917202,176.186331532627,0.009749999999999998,0.009966114950253034,0.1340608199095362,0.1365605342563197,37.90009715126301,39,20,0,False
8.5,7,0.8,0.8691871455504809,0.6203461667076313,177.33626058806865,0.009749999999999998,0.00993230544513534,0.12835415757076593,0.12892988233095917,39.33050626182933,39,20,0,False
8.5,7,0.8,0.8800518628301198,0.6322860641838262,175.90508579824922,0.009749999999999998,0.009943957409821638,0.1305161893460536,0.1318423937357446,38.81233113869027,39,20,0,False
8.5,7,0.8,0.8845794217094456,0.6049225334723874,181.27080284291876,0.009749999999999998,0.009917668104626038,0.12087492368078749,0.12454758596593157,40.10869317813404,39,20,0,False
8.5,7,0.8,0.8802059706609588,0.6533858595314251,176.92383011106602,0.009749999999999998,0.00996288867924278,0.13751377110475038,0.1365860273876375,37.89533145868126,39,20,0,False
8.5,7,0.8,0.861226249288434,0.6128113102043353,179.00542010623812,0.009749999999999998,0.009925054017733463,0.1271705556980507,0.12702884244530255,39.662760179999545,39,20,0,False
8.5,7,0.8,0.8796360698618765,0.6272682541833753,176.11934511366923,0.009749999999999998,0.009939246573547828,0.1289302115582194,0.13063569473004563,39.038324861600096,39,20,0,False
8.5,7,0.8,0.8791705189876001,0.6241444646152918,176.7824852196428,0.009749999999999998,0.009936315134818692,0.12797708616625675,0.12980066848886557,39.180551099829934,39,20,0,False
8.5,7,0.8,0.8768359187586797,0.6231788461387702,176.91883279813797,0.009749999999999998,0.009935238682322852,0.1280407672764218,0.12957797290563794,39.218740384134456,39,20,0,False
8.5,7,0.8,0.9156017523759902,0.650754597456057,176.47526194068595,0.009749999999999998,0.009964410628413684,0.13084280827274908,0.13559874508894434,38.08119276837163,39,20,0,False
8.5,7,0.8,0.8748647841491544,0.6417524926438842,176.374237052839,0.009749999999999998,0.009952250869570004,0.13452130135601648,0.13402765886973728,38.38257008916485,39,20,0,False
8.5,7,0.8,0.872433304472199,0.6275083528881106,175.88248066830323,0.009749999999999998,0.009939157432384393,0.13018736207277193,0.1308018755028991,39.0102010809975,39,20,0,False
8.5,7,0.8,0.8758239530930764,0.6244231853338528,176.63106337362558,0.009749999999999998,0.009936422104275575,0.12861244450431,0.12992475746981855,39.15931899136375,39,20,0,False
8.5,7,0.8,0.8663552000419602,0.6248293212388178,176.47656447235204,0.009749999999999998,0.0099364212112056,0.1303057812661529,0.1301699015427641,39.11747332311771,39,20,0,False
8.5,7,0.8,0.868853645525646,0.6358537517259165,176.71802293786078,0.009749999999999998,0.009946592480560708,0.13356242661954443,0.13277373274845167,38.628211067220356,39,20,0,False
8.5,7,0.8,0.8818408079066812,0.6232192097708699,177.04734795844766,0.009749999999999998,0.009935503737962485,0.12724577862547135,0.12951473136739447,39.22960546284955,39,21,0,False
8.5,7,0.8,0.8967664843078949,0.609833230087624,180.48731764621508,0.009749999999999998,0.009922964420126662,0.1205807937597273,0.12566898931213075,39.90533202098252,39,21,0,False
8.5,7,0.8,0.879022660216539,0.6304613362250234,175.90597364036083,0.009749999999999998,0.009942200647787516,0.13008246114370603,0.1314423920801669,38.892017010687326,39,21,0,False
8.5,7,0.8,0.8809073258612349,0.6276536392236611,176.0720188464731,0.009749999999999998,0.009939676259557753,0.1288505121181552,0.1307210152429772,39.02387809591288,39,21,0,False
8.5,7,0.8,0.8839366835596423,0.6236957308178679,177.0128627310841,0.009749999999999998,0.009936127216895463,0.12706248779007898,0.12960896903400027,39.21341839644446,39,21,0,False
8.5,7,0.8,0.8798150274928922,0.6452363378405775,175.9209682907244,0.009749999999999998,0.009955717705035122,0.1348528661822948,0.13475608957590207,38.24196725552592,39,21,0,False
8.5,7,0.8,0.8767319839374345,0.6323658070974539,175.84897523671185,0.009749999999999998,0.009943829010909956,0.13108876641063189,0.13189968308643846,38.80095762894718,39,21,0,False
8.5,7,0.8,0.8934845952730331,0.6583670696734761,175.98218492097084,0.009749999999999998,0.009968574906000182,0.13694046699531917,0.13757311083902202,37.71215094441025,39,21,0,False
8.5,7,0.8,0.8711770953079202,0.6902642586888303,183.55775930732202,0.009749999999999998,0.009991355235595927,0.1517061340896091,0.1449046976179511,36.412045677198314,39,21,0,False
8.5,7,0.8,0.8759017004148132,0.6222939461502216,177.08734338145666,0.009749999999999998,0.009934372568598223,0.12790095786510297,0.12935373474628117,39.25730522232798,39,21,0,False
8.5,7,0.8,0.8797600629440048,0.6362574147631226,175.86809315313172,0.009749999999999998,0.009947632740823671,0.13187606423555168,0.13274083458466143,38.6347181909573,39,21,0,False
8.5,7,0.8,0.8682455207484752,0.61797533976775,177.84086976822394,0.009749999999999998,0.009930088445511886,0.12772367277127794,0.12830684987772287,39.43870560931088,39,21,0,False
8.5,7,0.8,0.8762012305016111,0.6195243687355191,177.70685474005208,0.009749999999999998,0.009931783885306128,0.12694132621530183,0.12860491243432332,39.3869030743501,39,21,0,False
8.5,7,0.8,0.8775848559528183,0.6297553913034772,175.88898683564094,0.009749999999999998,0.009941457678227253,0.1300852410758227,0.13130036957773314,38.92042599115803,39,21,0,False
8.5,7,0.8,0.8803465878532051,0.6349201327095101,175.88773848766348,0.009749999999999998,0.009946427367986559,0.1313374673236882,0.1324335885650303,38.69536454826979,39,21,0,False
8.5,7,0.8,0.8965085461281389,0.6292390906750722,176.22134406250134,0.009749999999999998,0.009942150860938576,0.12687311766081824,0.13091949709996384,38.99033129707957,39,21,0,False
8.5,7,0.8,0.8709271996455971,0.6657041298176029,180.28629764478532,0.009749999999999998,0.009972304054293838,0.14329349788835652,0.13943903248080924,37.370355893482945,39,21,0,False
8.5,7,0.8,0.9049882212547123,0.640329190825092,176.29419936745828,0.009749999999999998,0.009953412026551376,0.1291375430222708,0.1333641287748953,38.51197903262207,39,21,0,False
8.5,7,0.8,0.9019045807161226,0.5932221519523903,184.65351019186932,0.009749999999999998,0.009905753364190912,0.11455490672089708,0.12110259747548499,40.75206262892828,39,21,0,False
8.5,7,0.8,0.8768192647349846,0.7027209001149902,184.20018597159049,0.009749999999999998,0.010001168538800058,0.15499089416698258,0.14762226598497472,35.957408222544274,39,21,0,False
8.5,7,0.8,0.8929390824956751,0.6534605616812523,175.99010303880598,0.009749999999999998,0.009964212499508445,0.13540094928178753,0.13646884889665076,37.91725142415468,39,21,0,False
8.5,7,0.8,0.8839058410209364,0.6235797906822144,177.02614430769302,0.009749999999999998,0.009935944664873877,0.12703271283405765,0.1295811264629422,39.218198825940256,39,21,0,False
8.5,7,0.8,0.877806789378279,0.6379768057372737,175.8136512229587,0.009749999999999998,0.009949012498542334,0.1327729154761609,0.13315034084599925,38.55394870790198,39,21,0,False
8.5,7,0.8,0.8956382056357538,0.6800485300060722,177.70070519545274,0.009749999999999998,0.00998695202709826,0.14384111638259028,0.14242633662807946,36.83933410181149,39,21,0,False
8.5,7,0.8,0.8846650884035313,0.6312372689443727,175.994043837159,0.009749999999999998,0.009943272726075062,0.1294185503877484,0.13154990080240134,38.87055244519131,39,21,0,False
8.5,7,0.8,0.8796177046510963,0.623035622546936,177.0260838078931,0.009749999999999998,0.009935227759328645,0.12754347261349752,0.129498318921968,39.23242661803262,39,21,0,False
8.5,7,0.8,0.8768470143866468,0.5833746291816219,186.3928538407756,0.009749999999999998,0.00989559457384627,0.11516521783216503,0.11890941380692072,41.176015412138916,39,21,0,False
8.5,7,0.8,0.8800779688670097,0.6688717913668561,179.0110079034087,0.009749999999999998,0.00997591049345639,0.14276089935091502,0.14006087755933794,37.25796290865317,39,21,0,False
8.5,7,0.8,0.8766477273046859,0.6245843205470625,176.61823963566712,0.009749999999999998,0.009936608858030755,0.1285314097633478,0.12995609652993653,39.15396211534711,39,21,0,False
8.5,7,0.8,0.8808079259677487,0.6681167292424687,178.77773708136132,0.009749999999999998,0.00997539791183812,0.14237636933901654,0.13988459268386116,37.28972383725826,39,21,0,False
8.5,7,0.8,0.881586973442895,0.6228544049852942,177.12016219418905,0.009749999999999998,0.009935147722450475,0.1271669485051606,0.1294202374780333,39.24585632344496,39,21,0,False
8.5,7,0.8,0.8724097695635218,0.6330867185333862,175.77210486523768,0.009749999999999998,0.009944243098919293,0.13204504481756257,0.1321127064769411,38.75874231449794,39,21,0,False
8.5,7,0.8,0.8778761195143172,0.6209032024922178,177.4451952454108,0.009749999999999998,0.009933135024755442,0.12712455655325577,0.1289509662558728,39.326855472593365,39,21,0,False
8.5,7,0.8,0.8831190403568469,0.6415657668267386,175.87981546461253,0.009749999999999998,0.009952680892489846,0.13308157769238582,0.1338950436309549,38.408331804933155,39,21,0,False
8.5,7,0.8,0.8790717150453812,0.6250829728260758,176.58063130054046,0.009749999999999998,0.009937217763119023,0.12830050769153978,0.13005362747410773,39.13730467347539,39,21,0,False
8.5,7,0.8,0.8710613258199005,0.6170730760719574,178.10740454669673,0.009749999999999998,0.009929258494405359,0.1269696553957099,0.12802443201675529,39.48789670501722,39,21,0,False
8.5,7,0.8,0.8673219325807291,0.6299366401866285,176.23041568967142,0.009749999999999998,0.009941112101301814,0.13184621988818224,0.13146187571944998,38.888124430574884,39,21,0,False
8.5,7,0.8,0.8804701747404301,0.6852076354934377,181.13351220762905,0.009749999999999998,0.009988855575287395,0.14826747973763055,0.14370865339816077,36.61683493259246,39,21,0,False
8.5,7,0.8,0.8737683657372586,0.6246393492321413,176.51820157373746,0.009749999999999998,0.009936462344718238,0.1290229440831868,0.13001572506229034,39.143775597107826,39,21,0,False
8.5,7,0.8,0.8908781961153572,0.6455797090450486,175.99482333179995,0.009749999999999998,0.00995698494502866,0.13313044654385747,0.13471120689994034,38.25058678300778,39,21,0,False
8.5,7,0.8,0.8980760110159643,0.6161852928708011,179.0739447266541,0.009749999999999998,0.00992940931582291,0.12241587109495437,0.12736560341817132,39.60335696650218,39,21,0,False
8.5,7,0.8,0.8963363199853587,0.6228276046846335,177.55147033299235,0.009749999999999998,0.009935907476060518,0.12482355557458531,0.1291891975829146,39.28567376364871,39,21,0,False
8.5,7,0.8,0.8774496373630108,0.6148931134195971,178.7659103884877,0.009749999999999998,0.009927330546085744,0.12522717978783554,0.12734165192165542,39.607573250169644,39,21,0,False
8.5,7,0.8,0.9162251083367191,0.6463796055615739,176.5002771057968,0.009749999999999998,0.00996034792644476,0.1293295013865999,0.13459908516705285,38.27214429774867,39,21,0,False
8.5,7,0.8,0.8760722827652502,0.6211985285022871,177.33143643003092,0.009749999999999998,0.009933344434108718,0.12751307183904567,0.12905709197187903,39.308494413344384,39,21,0,False
8.5,7,0.8,0.8800080150829266,0.6193402292575471,177.84262170667304,0.009749999999999998,0.009931691550223783,0.12627161799053851,0.12850065005034192,39.40504781352879,39,21,0,False
8.5,7,0.8,0.8887965386599169,0.6689721746543104,177.4369662227937,0.009749999999999998,0.009977001058858619,0.14128616664612542,0.14000297552561047,37.26838623905481,39,21,0,False
8.5,7,0.8,0.8790094089239527,0.7177298932545376,185.85566092057462,0.009749999999999998,0.010011726011050532,0.15982734168710788,0.15092064778786154,35.42374152574944,39,21,0,False
8.5,7,0.8,0.8722050414812249,0.6363039341726543,176.14797747295964,0.009749999999999998,0.009947191321328399,0.13314907835374507,0.13283697678561554,38.615710712675615,39,21,0,False
8.5,7,0.8,0.8832705667865353,0.6376750554004924,175.91606778922988,0.009749999999999998,0.009949175414706602,0.13176684894866644,0.1330185884921983,38.579880775700126,39,21,0,False
8.5,7,0.8,0.8795516837437637,0.6456947656326762,176.02915169708018,0.009749999999999998,0.0099560973467603,0.1350503406754139,0.13486219316939085,38.22161322318277,39,21,0,False
8.5,7,0.8,0.876683150828058,0.6234901251713815,176.8577805791523,0.009749999999999998,0.009935593396616338,0.12816487279820604,0.12966103828417241,39.20448297346038,39,21,0,False
8.5,7,0.8,0.929508284468189,0.5974090676322881,184.56946581140036,0.009749999999999998,0.009911073052355474,0.11191295028659763,0.12173035203530759,40.63289429951309,39,21,0,False
8.5,7,0.8,0.8743020050680154,0.607101097239241,180.4691024132502,0.009749999999999998,0.009919693762715575,0.12318736971361909,0.12529800171012875,39.97227198124529,39,21,0,False
8.5,7,0.8,0.8735808523619053,0.6230636855551517,176.86791410548815,0.009749999999999998,0.009935068342892376,0.12852949499579475,0.12959175151141172,39.216374355942115,39,21,0,False
8.5,7,0.8,0.8722089845341223,0.6236970585017831,176.6930412846809,0.009749999999999998,0.00993559841793864,0.12896350802318965,0.12978203486516202,39.183742315246,39,21,0,False
8.5,7,0.8,0.8754269367004753,0.6229694381516396,176.9266847752671,0.009749999999999998,0.009934984214886693,0.12820071052952428,0.129542338961721,39.2248613079247,39,21,0,False
8.5,7,0.8,0.8774472898732819,0.6161655039754894,178.4880939505071,0.009749999999999998,0.00992861031341526,0.12564091544873496,0.1276819574060974,39.547791662703474,39,21,0,False
8.5,7,0.8,0.8757236444638978,0.6335015237850147,175.8217319440885,0.009749999999999998,0.009944815578591752,0.13163190561403873,0.1321677663462694,38.7478456525092,39,22,0,False
8.5,7,0.8,0.8775646937331246,0.6334287088667154,175.8521088637233,0.009749999999999998,0.009944855169953781,0.13130345926320236,0.13213002813273192,38.75531328718114,39,22,0,False
8.5,7,0.8,0.8780831493289899,0.6368225590679122,175.83418590760616,0.009749999999999998,0.009948030282354319,0.13234135082611648,0.13288684133432516,38.60586324392491,39,22,0,False
8.5,7,0.8,0.8755365078293735,0.6310977806033756,175.84419327794032,0.009749999999999998,0.00994260713346384,0.13086538548455082,0.13162695616865563,38.855189467705095,39,22,0,False
8.5,7,0.8,0.9093814541023869,0.6280719526639642,176.82772106394617,0.009749999999999998,0.00994203407235182,0.12449153155501508,0.130405067958448,39.07745437572003,39,22,0,False
8.5,7,0.8,0.8726202497738139,0.6539598358724092,178.40118919451544,0.009749999999999998,0.00996266610528315,0.139009075799535,0.13679363163266892,37.85658740316759,39,22,0,False
8.5,7,0.8,0.8663966979564657,0.6413681680668354,177.91506101148042,0.009749999999999998,0.009951346385762411,0.13583045786215786,0.13403308612517534,38.381516878683264,39,22,0,False
8.5,7,0.8,0.8797993522635952,0.6191157314170047,177.89566068965544,0.009749999999999998,0.009931526325024635,0.12622899301467144,0.12844091971861782,39.41541666158521,39,22,0,False
8.5,7,0.8,0.9307795748649843,0.6627935992437011,176.7912100536339,0.009749999999999998,0.00997748989242916,0.1323588840314027,0.13817266989055577,37.60215001446779,39,22,0,False
8.5,7,0.8,0.8767440736314555,0.6557548301102829,177.87044935592633,0.009749999999999998,0.009964571087067156,0.13890389825732874,0.13715596361433782,37.789245672458485,39,22,0,False
8.5,7,0.8,0.8719110418539893,0.6359306389804021,176.1537021306733,0.009749999999999998,0.009946839076597564,0.13307375487329906,0.1327567126485487,38.631577171185675,39,22,0,False
8.5,7,0.8,0.8714206597042216,0.6242978742216737,176.5415252746315,0.009749999999999998,0.009936121028150082,0.12929189526133972,0.12995492079847124,39.15416304754397,39,22,0,False
8.5,7,0.8,0.8713223834832051,0.6257010739348119,176.2268551878394,0.009749999999999998,0.009937354695217039,0.1297756308845863,0.130335693994003,39.08924739938314,39,22,0,False
8.5,7,0.8,0.8674122619966445,0.6343322644084803,176.78868286928912,0.009749999999999998,0.00994513075349224,0.13329747369063746,0.1324493143418461,38.69226637299809,39,22,0,False
8.5,7,0.8,0.8669204715189297,0.6348812751118637,176.9543487893334,0.009749999999999998,0.00994560725366057,0.1335638653308975,0.13257815349874877,38.66691092135822,39,22,0,False
8.5,7,0.8,0.8926626864753171,0.6329585698700487,176.11842143339643,0.009749999999999998,0.009945432767711721,0.12869505502417924,0.13184331953772524,38.812147263507356,39,22,0,False
8.5,7,0.8,0.8769929052560935,0.6656794276276131,179.14785088963154,0.009749999999999998,0.009972918379867428,0.1422181135266566,0.13937779347698204,37.38147830770786,39,22,0,False
8.5,7,0.8,0.8969218497801122,0.6206445183607981,178.05107826049053,0.009749999999999998,0.009933815052443689,0.12402692230085453,0.12858991539797307,39.389511486406136,39,22,0,False
8.5,7,0.8,0.9146386759824319,0.64868623136641,176.45636339847536,0.009749999999999998,0.009962324819015387,0.13032571772872611,0.13514174027697576,38.16813953073877,39,22,0,False
8.5,7,0.8,0.8815407786917014,0.6812211684614545,180.3930416309938,0.009749999999999998,0.009985894865242144,0.146712146067966,0.14281314344006163,36.772000911604685,39,22,0,False
8.5,7,0.8,0.8621579486500758,0.6329466569236094,177.60836172255367,0.009749999999999998,0.009943608791521185,0.13372465055992072,0.13219747618071215,38.74196965313845,39,22,0,False
8.5,7,0.8,0.8689024579327586,0.6211249250252737,177.15814951603232,0.009749999999999998,0.009933025203357104,0.1286583631683356,0.12914263466269005,39.293712843129406,39,22,0,False
8.5,7,0.8,0.8739069350107703,0.6350373619929339,175.7813819416736,0.009749999999999998,0.009946139303153283,0.13244280584418525,0.1325341904372739,38.675557319336946,39,22,0,False
8.5,7,0.8,0.8677201630757545,0.6306565959735545,176.25101014615754,0.009749999999999998,0.009941807859164712,0.13201855160939877,0.131618572657002,38.856860070320884,39,22,0,False
8.5,7,0.8,0.8636395396078532,0.6331658090503238,177.35304109626802,0.009749999999999998,0.009943876505835423,0.13354622702558736,0.13223000374780836,38.73553937205785,39,22,0,False
8.5,7,0.8,0.8673343666228815,0.6283025829004419,176.0188808605542,0.009749999999999998,0.009939587314735963,0.13130118569583515,0.13109002002519216,38.96157777320499,39,22,0,False
8.5,7,0.8,0.8761170118599455,0.6428667338281482,176.28946399697426,0.009749999999999998,0.009953332852187307,0.13468281631314247,0.13426392105205653,38.33679978076548,39,22,0,False
8.5,7,0.8,0.8745136439062292,0.6570859069221988,178.459133033499,0.009749999999999998,0.009965483798888253,0.1397385993589837,0.13747826470112914,37.729639207730514,39,22,0,False
8.5,7,0.8,0.8720656298878231,0.6263430373984222,176.12252437805088,0.009749999999999998,0.009938069605356677,0.1298616416696772,0.13049377581972307,39.06239000152536,39,22,0,False
8.5,7,0.8,0.8786898649164361,0.6028503059010414,181.59717093471767,0.009749999999999998,0.009915543302636528,0.12111963200019286,0.12408744815888774,40.19302557841823,39,22,0,False
8.5,7,0.8,0.913305118509101,0.6048071529055634,182.19975270384163,0.009749999999999998,0.009918401773978694,0.1165243027018147,0.12402950820965834,40.20368170851042,39,22,0,False
8.5,7,0.8,0.8721927710020935,0.6306639587139106,175.7953461392087,0.009749999999999998,0.00994202865844953,0.13127515268043405,0.13156841628164265,38.866859273247755,39,22,0,False
8.5,7,0.8,0.8685294529637944,0.6401466424606306,177.34007457614607,0.009749999999999998,0.009950323586088012,0.13505958767991896,0.13373975117811243,38.4385635778197,39,22,0,False
8.5,7,0.8,0.8706119103727179,0.6551863436099091,178.93976463712957,0.009749999999999998,0.009963527725485059,0.13977256466885407,0.1370895258376805,37.801567172994574,39,22,0,False
8.5,7,0.8,0.8673223273118673,0.6414355921294155,177.7482443068274,0.009749999999999998,0.009951464928011165,0.13569473429029236,0.13403823202875986,38.38051834577553,39,22,0,False
8.5,7,0.8,0.870414140395037,0.6239077804904851,176.60002356416214,0.009749999999999998,0.009935722228546273,0.1293282543013018,0.1298646338304616,39.16960214626884,39,22,0,False
8.5,7,0.8,0.8766092960385097,0.6327975427153659,175.8415030774696,0.009749999999999998,0.009944209345366104,0.13125251472774085,0.13199897579182146,38.78126852703079,39,22,0,False
8.5,7,0.8,0.8764350790950378,0.6578328116814324,178.2001238910338,0.009749999999999998,0.009966294459104791,0.13965895054417093,0.13762755457000347,37.702123070903596,39,22,0,False
8.5,7,0.8,0.8721965490631732,0.6384749329118126,176.43040117530288,0.009749999999999998,0.00994907867269509,0.1338784081413737,0.1333250860433283,38.51963364788681,39,22,0,False
8.5,7,0.8,0.8748583437117733,0.645181095751805,176.82645723018524,0.009749999999999998,0.009955264373187415,0.1356708511692161,0.13479766849898728,38.23398729925229,39,22,0,False
8.5,7,0.8,0.8928052505014356,0.6151909835322812,179.14169898460597,0.009749999999999998,0.009928190004719917,0.12290828135769867,0.12718038012732766,39.63599709461325,39,22,0,False
8.5,7,0.8,0.8948324543648234,0.6367794098316958,176.1314884792099,0.009749999999999998,0.009949237143977059,0.1295947561089846,0.1326821668020935,38.646330456058536,39,22,0,False
8.5,7,0.8,0.8729797486820756,0.6187507910145177,177.79108647052345,0.009749999999999998,0.009930939953749239,0.1272085873019637,0.12844544298886998,39.41463164179084,39,22,0,False
8.5,7,0.8,0.8818272657518151,0.6452520593120076,175.8348894622272,0.009749999999999998,0.009955917194778978,0.134520192878708,0.13473695779056744,38.24564073453397,39,22,0,False
8.5,7,0.8,0.8749391986321311,0.6360466728352203,175.7899497898134,0.009749999999999998,0.009947128539688955,0.13260605216066315,0.13274852867576428,38.63319604168543,39,22,0,False
8.5,7,0.8,0.8703370492669538,0.63267005059097,176.01699230017235,0.009749999999999998,0.009943746256608562,0.13225270561239022,0.13204287074840418,38.77257381491365,39,22,0,False
8.5,7,0.8,0.8646673626995488,0.657978800018775,180.43910208184934,0.009749999999999998,0.00996536072586565,0.14176461924032444,0.13777419791817103,37.67515211963221,39,22,0,False
8.5,7,0.8,0.879414016625208,0.5789042677002435,187.65320940203867,0.009749999999999998,0.00989082469953725,0.11336373923520836,0.11766564466986248,41.421557578065965,39,22,0,False
8.5,7,0.8,0.8935307379679245,0.6513120608561291,176.01177747900803,0.009749999999999998,0.009962371497067378,0.13459080456287506,0.13597661560064656,38.00974017294472,39,22,0,False
8.5,7,0.8,0.8716685737929473,0.6393573069357908,176.64958651927137,0.009749999999999998,0.009949865600958754,0.13426093596816,0.13352728705223144,38.480039046011676,39,22,0,False
8.5,7,0.8,0.8679407716948034,0.651842365918057,179.00591926365254,0.009749999999999998,0.009960494991556466,0.13910266455877132,0.13636419955825263,37.93685919795125,39,22,0,False
8.5,7,0.8,0.8758662928314879,0.6398155334305146,175.92846812715058,0.009749999999999998,0.009950554679490877,0.1337081331002342,0.13358361759830514,38.46902983437998,39,22,0,False
8.5,7,0.8,0.8297612794924839,0.6481999590747478,186.16881942613873,0.009749999999999998,0.009955152991372005,0.14473910519629693,0.13591806801668108,38.020785272763504,39,22,0,False
8.5,7,0.8,0.8687533293327833,0.6007818658783463,181.80695096103688,0.009749999999999998,0.009913417374041339,0.12201264809090226,0.1236986911473741,40.264684515068204,39,22,0,False
8.5,7,0.8,0.8718134118076585,0.6295120532885171,175.7986060132262,0.009749999999999998,0.009940924830061183,0.1309568466965927,0.13131417139006302,38.91766251170611,39,22,0,False
8.5,7,0.8,0.8704339135374978,0.6383535557563714,176.7447737629678,0.009749999999999998,0.00994885956866912,0.13413510445171925,0.13331739513465646,38.52114203539897,39,22,0,False
8.5,7,0.8,0.8746095130611365,0.642254219066367,176.48122293351014,0.009749999999999998,0.009952616332314137,0.13473507166765283,0.13414518835565842,38.35978138595074,39,22,0,False
8.5,7,0.8,0.8723117125783202,0.6313970825749672,175.78959406678632,0.009749999999999998,0.009942707924754813,0.13149890611740406,0.1317322896432007,38.83421742216088,39,22,0,False
8.5,7,0.8,0.8700802753486129,0.6367095308797539,176.59863584832942,0.009749999999999998,0.009947415127420253,0.13364250751901477,0.13295191713105978,38.59302290662242,39,23,0,False
8.5,7,0.8,0.8587825132014608,0.6415319248577244,179.39377186352095,0.009749999999999998,0.00995097173450815,0.13720343896754428,0.13415245223806027,38.35837424211334,39,23,0,False
8.5,7,0.8,0.8706098438586953,0.6386370464334843,176.74958183324927,0.009749999999999998,0.009949126370011838,0.1342001290623556,0.13337878315697727,38.50910708879337,39,23,0,False
8.5,7,0.8,0.86565637014801,0.632423082711761,176.8696112432437,0.009749999999999998,0.009943287831408298,0.1329568093622058,0.13204074788145054,38.77299418025597,39,23,0,False
8.5,7,0.8,0.8820489250583194,0.6443650864339525,175.8434923184546,0.009749999999999998,0.00995513287204068,0.13418844636976435,0.1345354596811068,38.28439341231433,39,23,0,False
8.5,7,0.8,0.8760563960274235,0.6441296199218706,176.4652720975881,0.009749999999999998,0.009954426940571958,0.13511626842769028,0.1345487781943817,38.28182839054583,39,23,0,False
8.5,7,0.8,0.872518580763331,0.6239983758688978,176.63549814715228,0.009749999999999998,0.009935888712966398,0.12901246248755008,0.1298585549735698,39.17064227717324,39,23,0,False
8.5,7,0.8,0.8732802023398883,0.6536535238925646,178.23687647521604,0.009749999999999998,0.009962458457538011,0.13879183301321327,0.1367182649476668,37.870639199403875,39,23,0,False
8.5,7,0.8,0.8897684157729115,0.6124470942442298,179.67874844145965,0.009749999999999998,0.009925364291646758,0.12249367331674124,0.1264872687048088,39.75884472550845,39,23,0,False
8.5,7,0.8,0.8762839792877449,0.6641473531791531,179.07411842131643,0.009749999999999998,0.009971590000119554,0.14182144268424854,0.13904233217699033,37.442579021140055,39,23,0,False
8.5,7,0.8,0.8683778619261272,0.6337197899152752,176.52501009855547,0.009749999999999998,0.009944617105303224,0.1329305784189141,0.13230089499591163,38.72153596793774,39,23,0,False
8.5,7,0.8,0.8750970697640253,0.646933497202276,177.01624139857228,0.009749999999999998,0.009956845166014425,0.13621675315005194,0.135187708694281,38.159367440336446,39,23,0,False
8.5,7,0.8,0.8697979099168366,0.6405205570797723,177.15348916297057,0.009749999999999998,0.009950764915028262,0.1349680344051079,0.13380860641838668,38.425150446759396,39,23,0,False
8.5,7,0.8,0.8680781684604357,0.6321676184147421,176.3774875492483,0.009749999999999998,0.009943177439639437,0.13246358189876248,0.13195547538365665,38.78989075448734,39,23,0,False
8.5,7,0.8,0.862617117432985,0.631598423780229,177.34432001270386,0.009749999999999998,0.009942416434238058,0.1331944369026554,0.1318893172695129,38.803014800997175,39,23,0,False
8.5,7,0.8,0.8721750648175964,0.6346455375495085,175.93375355536972,0.009749999999999998,0.009945677109560158,0.13260180746656972,0.13246578657422362,38.68902191980817,39,23,0,False
8.5,7,0.8,0.8730352216167075,0.612712578062882,179.14106321860683,0.009749999999999998,0.009925127723697306,0.1252204553538792,0.1268232542058896,39.699154434057576,39,23,0,False
8.5,7,0.8,0.87673419952169,0.6205918015733692,177.48295608948075,0.009749999999999998,0.009932797558925453,0.12720656522347176,0.1288842635833661,39.3384087999453,39,23,0,False
8.5,7,0.8,0.8955138290889622,0.6746503723422639,177.00688751663768,0.009749999999999998,0.009982597917680466,0.14204279425542712,0.14121210960530506,37.05248533049171,39,23,0,False
8.5,7,0.8,0.8955044872414314,0.6185662514922496,178.46730318617028,0.009749999999999998,0.009931675271115903,0.12357722274007978,0.12805006482035258,39.48342456175408,39,23,0,False
8.5,7,0.8,0.8910677987535169,0.6219030837506521,177.59804871172736,0.009749999999999998,0.009934707950926311,0.12534948363423595,0.12902071703373238,39.314784881365156,39,23,0,False
8.5,7,0.8,0.8745646516701725,0.6467603873370421,177.08927858238607,0.009749999999999998,0.009956623812158942,0.1362505073715473,0.1351554826982415,38.16551646129427,39,23,0,False
8.5,7,0.8,0.8699950854604241,0.6302988026477307,175.77588867628683,0.009749999999999998,0.009941591806285692,0.13151906393662918,0.13151152999934848,38.87820933149898,39,23,0,False
8.5,7,0.8,0.8595090363952737,0.6059729994953943,180.34640162682444,0.009749999999999998,0.009918571481595341,0.12519369324343835,0.1252274324978436,39.985042806658804,39,23,0,False
8.5,7,0.8,0.8719573591303657,0.6371912446811802,176.3123406712343,0.009749999999999998,0.009947979044772848,0.13348663015415962,0.13303810053882947,38.57603709039138,39,23,0,False
8.5,7,0.8,0.8670658577550939,0.63497917881308,176.93967798752723,0.009749999999999998,0.009945704065506097,0.13357200017371051,0.13259851022774513,38.66290660753886,39,23,0,False
8.5,7,0.8,0.8691176902397916,0.6672619517090087,180.833014984162,0.009749999999999998,0.009973327642083413,0.14415006828096508,0.1398042558753135,37.30422440833116,39,23,0,False
8.5,7,0.8,0.8727334473341989,0.5903462370101888,184.4931242772685,0.009749999999999998,0.009902947260676646,0.1180169406483384,0.1208434371474219,40.80156129853728,39,23,0,False
8.5,7,0.8,0.8770204146284768,0.6380339941257552,175.80198253291988,0.009749999999999998,0.009949026839670085,0.13292208217914708,0.13317145746832193,38.54979721330547,39,23,0,False
8.5,7,0.8,0.8712197919926206,0.6053794757899478,180.79023323003523,0.009749999999999998,0.009917991824905718,0.1231153803236982,0.12488555102766835,40.047083443567345,39,23,0,False
8.5,7,0.8,0.8991184361065833,0.6465899901277862,176.1491136341622,0.009749999999999998,0.009958714343946082,0.13211912158150782,0.13484558105414055,38.22479784808067,39,23,0,False
8.5,7,0.8,0.8721857356523726,0.6302151884552777,175.79884043630364,0.009749999999999998,0.009941606509635156,0.13112774456325227,0.13146767859630218,38.88696531229926,39,23,0,False
8.5,7,0.8,0.8679325117644,0.6359882755728029,176.90982992721212,0.009749999999999998,0.009946660278327602,0.13376310080037285,0.13281406869884704,38.62023718181993,39,23,0,False
8.5,7,0.8,0.8775094831251643,0.634802203199357,175.8415190808875,0.009749999999999998,0.009946138079263716,0.13176656816428806,0.1324398836171635,38.69412425635975,39,23,0,False
8.5,7,0.8,0.863828517586205,0.6286240631483084,176.7244270712107,0.009749999999999998,0.009939768627520358,0.13199466095354226,0.13120709809866468,38.939116514685516,39,23,0,False
8.5,7,0.8,0.8763556638207832,0.637600787011333,175.79551637927008,0.009749999999999998,0.009948597091403928,0.13288843783678378,0.13308163679055116,38.56746493113253,39,23,0,False
8.5,7,0.8,0.87861680831031,0.6330941025093436,175.87173348335304,0.009749999999999998,0.009944603256809594,0.131019623956039,0.1320424321666332,38.77266066079005,39,23,0,False
8.5,7,0.8,0.870304016786091,0.6376197726924913,176.6736859434104,0.009749999999999998,0.009948211606586713,0.1339107452819297,0.1331541281674128,38.55320402961682,39,23,0,False
8.5,7,0.8,0.8715235034101119,0.630464040613329,175.78846341385574,0.009749999999999998,0.009941822996083968,0.131319381995207,0.1315307687422842,38.87436968883892,39,23,0,False
8.5,7,0.8,0.8734014369196504,0.6233871390324126,176.79234145659015,0.009749999999999998,0.009935360259808014,0.12866572024147804,0.12968135377469206,39.200998329248485,39,23,0,False
8.5,7,0.8,0.8540412183391483,0.6429390383962169,180.51319599791745,0.009749999999999998,0.009951962856985816,0.1385099925837502,0.13451372785769494,38.288579845801024,39,23,0,False
8.5,7,0.8,0.8618067781768689,0.6327117286216244,177.6448220007802,0.009749999999999998,0.009943378523258165,0.13370574406296393,0.13214877133580782,38.75160385393406,39,23,0,False
8.5,7,0.8,0.8722433603472404,0.6252660656117401,176.3544434715521,0.009749999999999998,0.009937054482584664,0.1294769737552294,0.1302029945733126,39.11183448647151,39,23,0,False
8.5,7,0.8,0.8551919719291676,0.6327879693303922,178.94042738795667,0.009749999999999998,0.009943177871795349,0.13486509403126393,0.13223910767130967,38.733740206514156,39,23,0,False
8.5,7,0.8,0.8731996703665371,0.6398515032165814,176.42876721286663,0.009749999999999998,0.00995040644481814,0.13416804612525093,0.1336211319143865,38.46170319891177,39,23,0,False
8.5,7,0.8,0.8772749349989097,0.6360583706310433,175.82823714020859,0.009749999999999998,0.009947287121861506,0.13222146154983483,0.1327246359425118,38.63792340302584,39,23,0,False
8.5,7,0.8,0.8753637990578857,0.6444393963011386,176.63101063456557,0.009749999999999998,0.009954615824276822,0.13533846987936496,0.13462695362429905,38.26678272232736,39,23,0,False
8.5,7,0.8,0.8767427459130007,0.5442236099228005,197.75917846062305,0.009749999999999998,0.00985365754940397,0.1029517759610115,0.10840700565837594,43.371024868443214,39,23,0,False
8.5,7,0.8,0.8940223740183614,0.6562289033180702,176.0040580586487,0.009749999999999998,0.009966798916491522,0.13613847764185866,0.13708230282372724,37.80290746029644,39,23,0,False
8.5,7,0.8,0.8669767212057828,0.6398274493763795,177.60455777252588,0.009749999999999998,0.009950060887019697,0.13521132768613633,0.13368105533580854,38.450008529267606,39,23,0,False
8.5,7,0.8,0.8685490830909134,0.6271889850579512,175.84889196696642,0.009749999999999998,0.009938685325734335,0.130725081588134,0.13077134501049792,39.01536346635598,39,23,0,False
8.5,7,0.8,0.8754433962538487,0.6336431565704407,175.81619105226108,0.009749999999999998,0.009944931824535977,0.13172522121611424,0.132202866776931,38.74090378437571,39,23,0,False
8.5,7,0.8,0.8755552400434946,0.6474914737565055,176.99991464904423,0.009749999999999998,0.009957324287913412,0.1363283184837155,0.135309838611997,38.13609034902809,39,23,0,False
8.5,7,0.8,0.8699025816224477,0.6590232395673767,179.5780942938448,0.009749999999999998,0.009966668762865338,0.14119959379064762,0.13795973269039005,37.641109374891215,39,23,0,False
8.5,7,0.8,0.871380129222032,0.6330566212859401,175.87243020624854,0.009749999999999998,0.009944159942487353,0.1322068141430972,0.1321177592252908,38.75774197069962,39,23,0,False
8.5,7,0.8,0.8755526698973729,0.6342936809154478,175.81326990134144,0.009749999999999998,0.009945545580288241,0.1319224814665269,0.13234796459993406,38.71224637051286,39,23,0,False
8.5,7,0.8,0.8685529354230056,0.6333269313644924,176.43996067504312,0.009749999999999998,0.009944263394057531,0.1327702894852952,0.13221071250151167,38.73935262368027,39,23,0,False
8.5,7,0.8,0.8697370844043747,0.6386550391325102,176.91643147578966,0.009749999999999998,0.00994909107113066,0.13435362494257197,0.13339230445998648,38.50645776335214,39,23,0,False
8.5,7,0.8,0.8737016990277056,0.6347384235347645,175.7803195449817,0.009749999999999998,0.009945850638285535,0.13237778672731465,0.1324692640146011,38.68833708818909,39,24,0,False
8.5,7,0.8,0.8733745569766561,0.637989792098241,176.15169119484042,0.009749999999999998,0.009948769002415923,0.13351596767134016,0.13320161231840474,38.54387109863075,39,24,0,False
8.5,7,0.8,0.8749020507242725,0.630078790610436,175.84789244417058,0.009749999999999998,0.009941658159415927,0.1306313660004571,0.1314036232978618,38.89976592882195,39,24,0,False
8.5,7,0.8,0.8717689475365249,0.6290929162462242,175.80299897457994,0.009749999999999998,0.009940540489943266,0.1308249275694521,0.13122012590038887,38.93650430567014,39,24,0,False
8.5,7,0.8,0.8660304669202435,0.6506083604048815,179.20047909390604,0.009749999999999998,0.009959244532191967,0.13901932356528376,0.13610846872400717,37.984900397826394,39,24,0,False
8.5,7,0.8,0.8776009969073433,0.639038531421397,175.80021347350427,0.009749999999999998,0.009949950515685061,0.1331606373331776,0.13339096706685086,38.50671978442376,39,24,0,False
8.5,7,0.8,0.8763387334045267,0.6180278856190103,178.03104886593982,0.009749999999999998,0.00993029147727722,0.12643156527855529,0.12820312252901425,39.45675168475336,39,24,0,False
8.5,7,0.8,0.87391442816237,0.6730505248223707,180.7143676741965,0.009749999999999998,0.009978543743310257,0.14527381766996725,0.14105055451038787,37.08111960411872,39,24,0,False
8.5,7,0.8,0.8727426120435264,0.6115793932272093,179.38826058648402,0.009749999999999998,0.009924007276001975,0.12489760091095435,0.1265244572500703,39.75222488462654,39,24,0,False
8.5,7,0.8,0.8778455519583254,0.6049812120296556,181.0653903646145,0.009749999999999998,0.009917642623798394,0.12194114676461465,0.12467286688297055,40.085822364919174,39,24,0,False
8.5,7,0.8,0.8777231053506322,0.6299127853031667,175.8944580135249,0.009749999999999998,0.009941650749973878,0.13011273493736278,0.1313328676607683,38.91391995676647,39,24,0,False
8.5,7,0.8,0.8736496035679698,0.627135197240411,175.9892797166837,0.009749999999999998,0.009938838857422047,0.12986475208854772,0.13068550754182096,39.02988846973019,39,24,0,False
8.5,7,0.8,0.8728148505190553,0.6298710138674609,175.81100366130661,0.009749999999999998,0.009941310169937725,0.1309097628605426,0.1313831080483037,38.90386825872773,39,24,0,False
8.5,7,0.8,0.8761149958101792,0.6287284308617154,175.87226107521917,0.009749999999999998,0.009940392925654178,0.1299886002575039,0.1310806510373279,38.96315594779622,39,24,0,False
8.5,7,0.8,0.8694178814462445,0.6291706491696264,175.767024093145,0.009749999999999998,0.009940510135882081,0.13124094536071512,0.13126493737532594,38.92752308099422,39,24,0,False
8.5,7,0.8,0.8619329564771929,0.6293540783285281,177.18182673277062,0.009749999999999998,0.009940346188621647,0.13255916720355135,0.13139328080972418,38.90183390420507,39,24,0,False
8.5,7,0.8,0.8726693795622307,0.6199173733092082,177.52811200679753,0.009749999999999998,0.009932051746337319,0.12764212612371145,0.12876215679551684,39.35958440926606,39,24,0,False
8.5,7,0.8,0.8681631394882358,0.6454103469536828,178.10804283580066,0.009749999999999998,0.009954932153398238,0.13689243401405193,0.1349214768954528,38.21025460208917,39,24,0,False
8.5,7,0.8,0.8546396393522442,0.6452378864227462,180.70014229519728,0.009749999999999998,0.009953951533684498,0.13918862616062647,0.1350204680589157,38.1913102566914,39,24,0,False
8.5,7,0.8,0.8898008899771368,0.638210396663043,176.0223217298246,0.009749999999999998,0.009950120755704759,0.1308782997704144,0.1330649505972864,38.570749730324046,39,24,0,False
8.5,7,0.8,0.8960574714343963,0.6512202390543324,176.0659214115627,0.009749999999999998,0.009962589521724163,0.13414281531426123,0.13592679840334645,38.01913767146869,39,24,0,False
8.5,7,0.8,0.8817560511584505,0.6335785877812551,175.92048452655325,0.009749999999999998,0.009945253688493255,0.13066411223088245,0.13211478235822002,38.75833132204063,39,24,0,False
8.5,7,0.8,0.8706440989120908,0.6279938269780504,175.79984235061494,0.009749999999999998,0.009939489618204397,0.1306459158509632,0.1309590320661339,38.98365935742172,39,24,0,False
8.5,7,0.8,0.866085185407575,0.616782519159306,178.042449498861,0.009749999999999998,0.00992886460629923,0.127685861618018,0.1280207261548659,39.48854338852633,39,24,0,False
8.5,7,0.8,0.8796455286040187,0.632003350514986,175.9016104351448,0.009749999999999998,0.009943675093790107,0.13048923345986901,0.13178315191222836,38.824102600308954,39,24,0,False
8.5,7,0.8,0.878481370631663,0.6301814742934018,175.89790330205344,0.009749999999999998,0.009941893180642418,0.1300794879294883,0.13138622994856217,38.90324390604121,39,24,0,False
8.5,7,0.8,0.8699473930889425,0.5878111338248239,185.05947116252673,0.009749999999999998,0.00990044263286826,0.11763205013033338,0.12021463717396105,40.922400946579145,39,24,0,False
8.5,7,0.8,0.8722255654310289,0.6489294654402867,177.8131433859247,0.009749999999999998,0.00995833405708449,0.1373788328327901,0.13566675456145172,38.06830349453339,39,24,0,False
8.5,7,0.8,0.8749204692164199,0.636724259252205,175.78250060598248,0.009749999999999998,0.00994773352047788,0.13283505664208375,0.13290069837962262,38.60312800683072,39,24,0,False
8.5,7,0.8,0.8700553266687148,0.6712421380314068,181.19581750524188,0.009749999999999998,0.009976652118485805,0.1453445549657041,0.14068147938206577,37.14677989526031,39,24,0,False
8.5,7,0.8,0.8418912548949077,0.6591354933824152,185.0955996607672,0.009749999999999998,0.009964482019357287,0.14629881772623138,0.13824344514777437,37.58922709208389,39,24,0,False
8.5,7,0.8,0.8722903179254834,0.631744694488204,175.78515648784642,0.009749999999999998,0.009943021145028994,0.13161817186984626,0.13181106399362258,38.81855510750986,39,24,0,False
8.5,7,0.8,0.8747932347905811,0.6319102972919285,175.8231173207063,0.009749999999999998,0.009943307522010081,0.1312578767423496,0.13181927988461598,38.81692265366813,39,24,0,False
8.5,7,0.8,0.8789917888584403,0.6194940961704949,177.78677442288796,0.009749999999999998,0.009931839194354607,0.12648309139022193,0.12855567898795936,39.39546808182384,39,24,0,False
8.5,7,0.8,0.8711233967368852,0.6229122032416978,176.83616063766058,0.009749999999999998,0.009934833404107325,0.12888176614295643,0.12958683359638498,39.21721879991331,39,24,0,False
8.5,7,0.8,0.8743041796188561,0.6307206144131482,175.82816489273742,0.009749999999999998,0.009942191151494579,0.13094406572581577,0.13155641828671583,38.86925232368538,39,24,0,False
8.5,7,0.8,0.8665851609819252,0.6302056552773444,176.40725614425006,0.009749999999999998,0.009941344144152493,0.13205851957934014,0.13153022073850676,38.874479043248684,39,24,0,False
8.5,7,0.8,0.8808605688022286,0.6257984873877511,176.47129327581152,0.009749999999999998,0.009937952626068452,0.12824725796076394,0.13022114192861756,39.108743311889285,39,24,0,False
8.5,7,0.8,0.8725440580325461,0.62756360566387,175.8741312941596,0.009749999999999998,0.009939216883172071,0.13018724218968308,0.13081501306561436,39.00798027635254,39,24,0,False
8.5,7,0.8,0.88359434584746,0.6336982708571836,175.9507781543899,0.009749999999999998,0.009945485340610414,0.1304031468239509,0.13212011125456533,38.75727634156134,39,24,0,False
8.5,7,0.8,0.8736833305937863,0.640289308861879,176.39090760916392,0.009749999999999998,0.009950777758074979,0.13423540827607006,0.13371574811559456,38.44324266104767,39,24,0,False
8.5,7,0.8,0.8668597165837914,0.6284802704007665,176.13101443723133,0.009749999999999998,0.009939784081806508,0.13143713818263325,0.1311387891643131,38.95282161679918,39,24,0,False
8.5,7,0.8,0.8725619099728859,0.6390509151838332,176.44034670945095,0.009749999999999998,0.009949635530036364,0.13400852313406794,0.13344935329412544,38.49528568364659,39,24,0,False
8.5,7,0.8,0.871198911240462,0.635033430188149,176.1676151969254,0.009749999999999998,0.00994597940711427,0.1328942531268046,0.132564118745757,38.669670575985684,39,24,0,False
8.5,7,0.8,0.8716891335774661,0.6260490813668951,176.1742035870649,0.009749999999999998,0.009937772012755619,0.12982675773470945,0.1304205856110977,39.07481793198634,39,24,0,False
8.5,7,0.8,0.8787985336541718,0.6345800758193554,175.86430412329352,0.009749999999999998,0.00994601036004045,0.1314802158856211,0.13237493871482983,38.70692575070665,39,24,0,False
8.5,7,0.8,0.8885900787100514,0.6210854088174613,177.70695398561836,0.009749999999999998,0.009933795365695509,0.12547409966629508,0.12883791275659115,39.34644294997227,39,24,0,False
8.5,7,0.8,0.8780416639779277,0.6942363951176751,182.80808223536866,0.009749999999999998,0.00999523399600655,0.1518210050991881,0.14573512075718859,36.27167516587703,39,24,0,False
8.5,7,0.8,0.8501950198551456,0.6173925335345963,180.37770650478828,0.009749999999999998,0.00992923530465584,0.13053763830388745,0.12841356069821744,39.42016583965859,39,24,0,False
8.5,7,0.8,0.8784565464896896,0.6279540928855446,175.94888499101478,0.009749999999999998,0.00993987495831856,0.129346000051595,0.13083533193028274,39.004546260750224,39,24,0,False
8.5,7,0.8,0.8803248973067056,0.6215297091539058,177.37490423469777,0.009749999999999998,0.009933831763274864,0.1269357690201577,0.12908275908346395,39.30405747811831,39,24,0,False
8.5,7,0.8,0.8715424261686634,0.625851079863131,176.2120306922194,0.009749999999999998,0.009937577379954474,0.1297855883752797,0.1303697214531989,39.08346169135772,39,24,0,False
8.5,7,0.8,0.8926451299201184,0.6362882288141378,176.094271705437,0.009749999999999998,0.00994859655605352,0.1297856596921019,0.13259776919299276,38.663053533605556,39,24,0,False
8.5,7,0.8,0.8731744654338364,0.6392309207876988,176.3506459266995,0.009749999999999998,0.009949843977360283,0.13396519951589345,0.1334826302003077,38.48877335200645,39,24,0,False
8.5,7,0.8,0.8725503720600728,0.6292090882508421,175.81415964577073,0.009749999999999998,0.009940687645551574,0.1307339530588384,0.1312370112789614,38.933119380513546,39,24,0,False
8.5,7,0.8,0.8773282452152823,0.6285592118684482,175.90003501682355,0.009749999999999998,0.00994035003200479,0.12973141835337657,0.13101564312403807,38.97411150125489,39,24,0,False
8.5,7,0.8,0.8690123336805348,0.6261562333526076,176.08325269528555,0.009749999999999998,0.009937767784571706,0.13030441838354934,0.1304870979993475,39.06352343397393,39,24,0,False
8.5,7,0.8,0.8696856479862224,0.6319558026612165,176.0476725332723,0.009749999999999998,0.009943072701517293,0.13212320692865445,0.13188902417151652,38.80307297310427,39,24,0,False
8.5,7,0.8,0.8675701549419692,0.6250569289997143,176.27859625333352,0.009749999999999998,0.009936676309996152,0.13017955012144622,0.13021362471262637,39.11002368811861,39,25,0,False
8.5,7,0.8,0.8747303658976144,0.6246130783449974,176.5606283552823,0.009749999999999998,0.009936550785615481,0.12885360370357762,0.1299917413262697,39.14787187083437,39,25,0,False
8.5,7,0.8,0.8762453159354109,0.6315439932759116,175.85081892222712,0.009749999999999998,0.009943056006533498,0.13089631545062314,0.13171940458788714,38.83678106555202,39,25,0,False
8.5,7,0.8,0.8712276218286096,0.6278613435258946,175.8179485864913,0.009749999999999998,0.00993945517632221,0.13050242485308652,0.13091265349226416,38.99148656911364,39,25,0,False
8.5,7,0.8,0.8740189520710586,0.62709128104782,176.0077622078625,0.009749999999999998,0.009938811390908539,0.1297896697812739,0.13066859410047113,39.032752359885485,39,25,0,False
8.5,7,0.8,0.8657514708798495,0.6312440831937502,176.7002994154762,0.009749999999999998,0.009942245456962876,0.13254563380136464,0.13177361235873847,38.825999110588555,39,25,0,False
8.5,7,0.8,0.8735562274715292,0.6399448756607461,176.374676768883,0.009749999999999998,0.009950513871014184,0.13413920283252687,0.13363811640880366,38.45838743740341,39,25,0,False
8.5,7,0.8,0.8844369439036113,0.665712209761252,177.78791977799935,0.009749999999999998,0.009973789794634832,0.14093652915401672,0.1393143192221818,37.393016976079295,39,25,0,False
8.5,7,0.8,0.8722612269890868,0.6508222121187061,178.0575899516836,0.009749999999999998,0.009959980423822441,0.13801016601360505,0.1360910582123931,37.98817762222954,39,25,0,False
8.5,7,0.8,0.8679940079024676,0.6263734770290388,176.00134678014206,0.009749999999999998,0.009937866530900607,0.1305484354423791,0.13056230818113654,39.05076353837965,39,25,0,False
8.5,7,0.8,0.8840563800860791,0.6298750799778874,175.9947856025223,0.009749999999999998,0.009941937645159141,0.12907050872400358,0.13124977839594118,38.930560597478504,39,25,0,False
8.5,7,0.8,0.865283383245187,0.6223952223167425,176.97656343446502,0.009749999999999998,0.009934087284302357,0.12967730817110953,0.12953535644959205,39.22606103978087,39,25,0,False
8.5,7,0.8,0.8673348359797494,0.6233134570404154,176.65002121865462,0.009749999999999998,0.009935065059741345,0.12963933856108362,0.1297493303626283,39.189345177216424,39,25,0,False
8.5,7,0.8,0.8701818246625478,0.6304787859687528,175.7658165085489,0.009749999999999998,0.009941756556704791,0.13154824032175305,0.13155021900165734,38.87048896715912,39,25,0,False
8.5,7,0.8,0.8728182634528743,0.627956761864325,175.83266705464484,0.009749999999999998,0.009939546005118751,0.1302744511680314,0.13091874091477854,38.99045894403507,39,25,0,False
8.5,7,0.8,0.8617822106587475,0.6290889736268184,177.18235074025415,0.009749999999999998,0.009940155575911165,0.13249328627627194,0.13133351245142144,38.91379090370861,39,25,0,False
8.5,7,0.8,0.8827574667346487,0.6569567288435925,176.92707514502646,0.009749999999999998,0.009966202746185981,0.13827844051997376,0.13736531317494138,37.75049700237399,39,25,0,False
8.5,7,0.8,0.8983758370397327,0.6347685098855694,176.20914817005402,0.009749999999999998,0.00994759025076356,0.12837498410359546,0.1321845787668492,38.74452017623299,39,25,0,False
8.5,7,0.8,0.8658260354823073,0.618928811294968,177.56545601792567,0.009749999999999998,0.009930909137024088,0.12843662601237082,0.12859874427585413,39.387975831285644,39,25,0,False
8.5,7,0.8,0.8580696703248191,0.6314866664410994,178.20798961093658,0.009749999999999998,0.009942125553921712,0.13393195118969833,0.13191548351006235,38.797822537374024,39,25,0,False
8.5,7,0.8,0.8849708629529585,0.626388451033983,176.4483099297995,0.009749999999999998,0.00993866240453252,0.12778140159576992,0.13032243958071443,39.09150173764344,39,25,0,False
8.5,7,0.8,0.8836180591757993,0.6249341878055994,176.73373153871293,0.009749999999999998,0.00993727599288939,0.1275194483101441,0.1299477991549026,39.15538019948186,39,25,0,False
8.5,7,0.8,0.8696106436636899,0.6269948907383132,175.91201879941198,0.009749999999999998,0.009938516610304874,0.13048596257491218,0.13070573577594644,39.026464110739006,39,25,0,False
8.5,7,0.8,0.8725711720667321,0.635941738721008,176.03177851112957,0.009749999999999998,0.009946888537070585,0.13296681530670335,0.1327517741799979,38.632554025050275,39,25,0,False
8.5,7,0.8,0.8728444238978679,0.6281548151733946,175.83229961010943,0.009749999999999998,0.009939742354932552,0.1303351964591504,0.13097109041270036,38.98162505432599,39,25,0,False
8.5,7,0.8,0.8678872810317344,0.6279420814538511,175.89517053191403,0.009749999999999998,0.009939327286376035,0.13108673167268647,0.13098361217007,38.979512902440355,39,25,0,False
8.5,7,0.8,0.8755295202021918,0.6167463719393568,178.30741400549218,0.009749999999999998,0.009929120408552872,0.12613818258793527,0.12786712267238903,39.51537512320562,39,25,0,False
8.5,7,0.8,0.8759950251867034,0.6696374314218221,179.86647881941892,0.009749999999999998,0.009976040628888056,0.14373946878448543,0.14027013397131496,37.22036461615381,39,25,0,False
8.5,7,0.8,0.8732162606049731,0.6331555580800886,175.78428714992555,0.009749999999999998,0.009944351182871134,0.13193358204838085,0.1321189028916314,38.75751555803618,39,25,0,False
8.5,7,0.8,0.871553611808944,0.6641016326468928,179.94779261301755,0.009749999999999998,0.00997102081501572,0.14263818503552306,0.13907783022598738,37.43609952907468,39,25,0,False
8.5,7,0.8,0.8833459884063578,0.658599545177825,177.03580060611327,0.009749999999999998,0.009967665969334799,0.13872988763901203,0.13773026478727826,37.683226436941126,39,25,0,False
8.5,7,0.8,0.8678838298667525,0.6322576472577909,176.42562441285796,0.009749999999999998,0.00994324670414168,0.13252640153738324,0.1319780786846034,38.785409843668006,39,25,0,False
8.5,7,0.8,0.8703698338095178,0.6262825708690175,176.09154138741806,0.009749999999999998,0.009937942295358241,0.13012149060835795,0.1305016496665617,39.061053690882865,39,25,0,False
8.5,7,0.8,0.8673794831608058,0.6266941870446906,176.05241379243563,0.009749999999999998,0.009938155027596368,0.13075644963819888,0.13065623473724977,39.03484551641416,39,25,0,False
8.5,7,0.8,0.874385495602163,0.6282125339328779,175.85560476850583,0.009749999999999998,0.009939868355442145,0.13010036715952056,0.1309648053055696,38.98268534417016,39,25,0,False
8.5,7,0.8,0.8698867827947826,0.6334494600076727,176.20475324626935,0.009749999999999998,0.009944445625100225,0.13258721362829473,0.13222305747660695,38.73691229647536,39,25,0,False
8.5,7,0.8,0.8671858980910334,0.6284222930368966,176.06243043721017,0.009749999999999998,0.009939751213173788,0.13136300723939107,0.13112166332495764,38.95624895701781,39,25,0,False
8.5,7,0.8,0.8687701845318465,0.6328402200915473,176.33454173685408,0.009749999999999998,0.009943824283106435,0.13257177967730288,0.1320989853280588,38.761459213052554,39,25,0,False
8.5,7,0.8,0.8703679494441939,0.632619512165674,176.0045141592494,0.009749999999999998,0.009943700905746514,0.13223074546883548,0.13203115720227224,38.77489347229721,39,25,0,False
8.5,7,0.8,0.8683070328249467,0.6351280927053906,176.72453663344083,0.009749999999999998,0.00994590601597255,0.13341213602003368,0.1326178784434284,38.65906702547876,39,25,0,False
8.5,7,0.8,0.8883998585336059,0.6254568271051479,176.74466883399282,0.009749999999999998,0.009937961459096646,0.12692900580821675,0.13002056528822098,39.14294906958708,39,25,0,False
8.5,7,0.8,0.8710512376205086,0.6273646188735711,175.87637291449877,0.009749999999999998,0.00993895766658044,0.13036829445682413,0.13078305285124617,39.01338355566929,39,25,0,False
8.5,7,0.8,0.8712984775231207,0.64005917519563,176.8196970956416,0.009749999999999998,0.009950538334306033,0.1345549733917845,0.1336859248754455,38.449058648589,39,25,0,False
8.5,7,0.8,0.8871244090359871,0.6316565849411854,176.03285714829917,0.009749999999999998,0.009943828011653652,0.1291583520868773,0.1316150586052981,38.857560386816594,39,25,0,False
8.5,7,0.8,0.8689917221406858,0.631676841365222,176.14260738786692,0.009749999999999998,0.009942788944710259,0.1321461367466284,0.13183398919084247,38.81400049771755,39,25,0,False
8.5,7,0.8,0.8740546549039584,0.6334439514034516,175.7954297761991,0.009749999999999998,0.009944666697791166,0.1318897576565909,0.1321740833699974,38.746596054344316,39,25,0,False
8.5,7,0.8,0.8734369188950811,0.624258570199346,176.60316947574827,0.009749999999999998,0.009936166912274957,0.12894804783081998,0.129915194596748,39.16095403086862,39,25,0,False
8.5,7,0.8,0.8814214785411371,0.6232122639737542,177.03721958724702,0.009749999999999998,0.009935477277134291,0.1273109074213722,0.1295191035266825,39.228854027892325,39,25,0,False
8.5,7,0.8,0.8662764802510702,0.625793692311421,176.36785751274007,0.009749999999999998,0.009937320763387878,0.13063892084528567,0.1304288438701538,39.0734150702897,39,25,0,False
8.5,7,0.8,0.866020943589026,0.6298795273592541,176.47001869817026,0.009749999999999998,0.009941004356669385,0.1320452472543909,0.13146399198013195,38.8877016980401,39,25,0,False
8.5,7,0.8,0.8778306330100122,0.6399504997118607,175.79959697169872,0.009749999999999998,0.009950813340358716,0.13342466845112821,0.1335920429309349,38.46738398901643,39,25,0,False
8.5,7,0.8,0.8681870710326685,0.6272072457067259,175.84935268544132,0.009749999999999998,0.009938689524076344,0.13079124314059692,0.1307812342293205,39.01369108305554,39,25,0,False
8.5,7,0.8,0.874486847981385,0.6269778625768722,176.0430619097883,0.009749999999999998,0.009938719947053356,0.12967566941395248,0.13063175018464143,39.03899314680927,39,25,0,False
8.5,7,0.8,0.8695866775212663,0.6214595640018789,177.10275601611008,0.009749999999999998,0.0099333602035153,0.1286566375052605,0.12922232172229842,39.27995783619583,39,25,0,False
8.5,7,0.8,0.8668747770653336,0.6273916444566777,176.0589152529946,0.009749999999999998,0.009938821449097317,0.13107048693273632,0.130848419875347,39.002334787403534,39,25,0,False
8.5,7,0.8,0.8764695632387783,0.6291105483867283,175.87878969284472,0.009749999999999998,0.009940806550193082,0.13005481367554558,0.1311678843275406,38.946982397851244,39,25,0,False
8.5,7,0.8,0.8707527242201251,0.6299720762946047,175.78116808559176,0.009749999999999998,0.009941328455566365,0.13128429244295964,0.13142910920642897,38.89467141570904,39,25,0,False
8.5,7,0.8,0.870023178540866,0.6242585446457634,176.51361109665393,0.009749999999999998,0.009936030030481019,0.12950896892861222,0.12996447913118325,39.152529619043,39,25,0,False
8.5,7,0.8,0.8704081095307188,0.6300809375553227,175.77133948088382,0.009749999999999998,0.009941384834948677,0.13137908493155348,0.131458602921525,38.88877821324807,39,26,0,False
8.5,7,0.8,0.8709958756353768,0.6341932264561492,176.0947839099797,0.009749999999999998,0.009945193299099847,0.13264875571877613,0.1323775250689171,38.70641570783066,39,26,0,False
8.5,7,0.8,0.8696067705717656,0.636405105644701,176.64843170585502,0.009749999999999998,0.009947123819904365,0.1336200963719117,0.13288879449196297,38.6054776763046,39,26,0,False
8.5,7,0.8,0.8706377864890709,0.6300793568873105,175.77518508699623,0.009749999999999998,0.009941396796310235,0.1313402244996359,0.13145548437427382,38.88940121252479,39,26,0,False
8.5,7,0.8,0.8778025240475529,0.621262008365022,177.3644002397691,0.009749999999999998,0.009933472388358375,0.12725418628002633,0.1290484508340196,39.30998849236333,39,26,0,False
8.5,7,0.8,0.8750160133211559,0.6333830583214228,175.811229490034,0.009749999999999998,0.00994466420748924,0.13170998286072236,0.13214929979663279,38.751499282368215,39,26,0,False
8.5,7,0.8,0.8665661058307901,0.6466743014560936,178.57934553967874,0.009749999999999998,0.009955922553513748,0.13759392221023056,0.13522094497220083,38.153028701629985,39,26,0,False
8.5,7,0.8,0.8742126980923454,0.596548634603393,182.9820557380162,0.009749999999999998,0.009909147214174014,0.11978616196630924,0.12247963458587081,40.49185828955702,39,26,0,False
8.5,7,0.8,0.8930126337129062,0.6500595782824481,176.01199182982418,0.009749999999999998,0.009961233397520928,0.13426009746999168,0.13569810052943665,38.06236707304226,39,26,0,False
8.5,7,0.8,0.8773250526735157,0.6475048762698188,176.67316253808025,0.009749999999999998,0.009957469773834587,0.13603314398726127,0.1352944464788765,38.13902167841051,39,26,0,False
8.5,7,0.8,0.8831437542696281,0.6351125047299352,175.93375960452673,0.009749999999999998,0.009946792527449642,0.13094188708133814,0.13244434495477536,38.69324532563259,39,26,0,False
8.5,7,0.8,0.8704866029554482,0.6345987697765215,176.24393925816346,0.009749999999999998,0.009945539762641523,0.13286903321810165,0.13247445656151205,38.68731455757378,39,26,0,False
8.5,7,0.8,0.8684146632152423,0.6272970254551918,175.82366226039767,0.009749999999999998,0.009938786596542879,0.1307829948940404,0.13080190932691987,39.01019536282688,39,26,0,False
8.5,7,0.8,0.8672152390887321,0.6313539635222716,176.43668396772165,0.009749999999999998,0.009942412901074001,0.1323361690058038,0.13178157909839108,38.82441526467314,39,26,0,False
8.5,7,0.8,0.8712092016739554,0.6308768235586758,175.77813317025277,0.009749999999999998,0.00994217725740885,0.13150924984474097,0.13162775886601974,38.85502952335946,39,26,0,False
8.5,7,0.8,0.8756380301093902,0.6354217306914451,175.80644109971547,0.009749999999999998,0.009946598538389221,0.1322821423777548,0.1326009141711949,38.662429985400095,39,26,0,False
8.5,7,0.8,0.8864685746170413,0.6693682872614923,177.90723278206718,0.009749999999999998,0.00997702484028113,0.1418215069818765,0.14011436281270337,37.24834228484712,39,26,0,False
8.5,7,0.8,0.9132834701431635,0.6292333597191607,176.6989536462654,0.009749999999999998,0.00994347529406181,0.12426788217767627,0.13066126242048395,39.03399399834912,39,26,0,False
8.5,7,0.8,0.8935108080898443,0.6712733715118513,176.91328757130367,0.009749999999999998,0.009979584375758565,0.14124875454960287,0.14047123943449116,37.184335783286365,39,26,0,False
8.5,7,0.8,0.8725861191490439,0.6304942921090728,175.80243982193485,0.009749999999999998,0.009941885798485452,0.13115386829849718,0.13152581387393728,38.875358468071944,39,26,0,False
8.5,7,0.8,0.8850417822447201,0.6172524416972079,178.450209382344,0.009749999999999998,0.009929884891822538,0.12478999038468015,0.12785968549997376,39.516675626037575,39,26,0,False
8.5,7,0.8,0.8679076354585621,0.6307454946641547,176.22696294164396,0.009749999999999998,0.009941896164348448,0.1320168518765322,0.13163647346898882,38.853293188650554,39,26,0,False
8.5,7,0.8,0.8694413613348005,0.6335953863196099,176.30791326964587,0.009749999999999998,0.00994455736458011,0.13271046959916194,0.13226089641859276,38.7294351980919,39,26,0,False
8.5,7,0.8,0.8734474816664788,0.6447265830606401,177.03008942329436,0.009749999999999998,0.009954768127031777,0.13575730992538387,0.13471041650038,38.250738627134425,39,26,0,False
8.5,7,0.8,0.866966088841102,0.6271921969320142,176.06634723318695,0.009749999999999998,0.009938629072406743,0.1309894770946444,0.13079420259123806,39.01149830040879,39,26,0,False
8.5,7,0.8,0.870471034962433,0.6354166580597606,176.3552479025477,0.009749999999999998,0.009946288983529493,0.13314408934838132,0.13265805562887284,38.65110582337459,39,26,0,False
8.5,7,0.8,0.8678914317108587,0.6454769673766281,178.1696067031083,0.009749999999999998,0.009954982550443693,0.13696104186464003,0.13493882637014434,38.206932362819934,39,26,0,False
8.5,7,0.8,0.8729048593817966,0.6179506195348039,177.96179647476535,0.009749999999999998,0.009930148244773254,0.12695899268801403,0.12823252156127052,39.45163448610224,39,26,0,False
8.5,7,0.8,0.8727712360491158,0.6305231939083613,175.806974300853,0.009749999999999998,0.009941937408142535,0.1311320343460309,0.13152961203949046,38.87460051048383,39,26,0,False
8.5,7,0.8,0.8719327898069691,0.6487264724063353,177.83828852926123,0.009749999999999998,0.009958108759028762,0.1373619573523805,0.1356251783630318,38.07618156247007,39,26,0,False
8.5,7,0.8,0.9046228818936016,0.6008255654805995,182.86724156532662,0.009749999999999998,0.00991387642943708,0.11654643071389334,0.12310590331372398,40.37468101595204,39,26,0,False
8.5,7,0.8,0.8720205447807173,0.6299968920762666,175.80162437499808,0.009749999999999998,0.00994142182897563,0.1310815371219407,0.13141955949275816,38.89658012827387,39,26,0,False
8.5,7,0.8,0.8756665210948696,0.6355864118938664,175.80563718460334,0.009749999999999998,0.009946752210443553,0.13233204117936212,0.13263737933048803,38.655202276640175,39,26,0,False
8.5,7,0.8,0.8639180551573992,0.644078252999804,178.7438644832034,0.009749999999999998,0.009953521031496168,0.13717296038568677,0.13466652085424788,38.2591742321359,39,26,0,False
8.5,7,0.8,0.8746296180204206,0.6353718069395491,175.79047566450652,0.009749999999999998,0.00994649117614811,0.13243340033665058,0.1326012016830054,38.662372982516224,39,26,0,False
8.5,7,0.8,0.8700450988274229,0.636792513815144,176.61585441410818,0.009749999999999998,0.009947483810409366,0.13367636098391303,0.13297099130896278,38.58926169512403,39,26,0,False
8.5,7,0.8,0.8696551964370329,0.6329122820477683,176.17726229121445,0.009749999999999998,0.009943935985069173,0.1324473590711672,0.13210507086295634,38.76025415866696,39,26,0,False
8.5,7,0.8,0.866203394436609,0.6448194301074714,178.40323455389594,0.009749999999999998,0.00995429488074695,0.13702978549050385,0.13480923450256482,38.231768387075725,39,26,0,False
8.5,7,0.8,0.8704299580327595,0.6346747094306222,176.26460224756804,0.009749999999999998,0.009945606586595823,0.132903815999969,0.13249216899787603,38.6838271745581,39,26,0,False
8.5,7,0.8,0.8656132281830853,0.6261537460265196,176.4299545556431,0.009749999999999998,0.009937568828378653,0.13087208397353933,0.13053709109448072,39.05504041253007,39,26,0,False
8.5,7,0.8,0.8580524445244266,0.6275821369857101,177.72648403914738,0.009749999999999998,0.009938640042784993,0.13262165987849728,0.1310227325936109,38.97291629721946,39,26,0,False
8.5,7,0.8,0.8721423510613598,0.6328149084387732,175.76998846231515,0.009749999999999998,0.009943975614960876,0.13199942697232997,0.13205470268414196,38.77023112744728,39,26,0,False
8.5,7,0.8,0.8738595459424673,0.6188406691942345,177.794332152065,0.009749999999999998,0.009931050890799572,0.12709561017032117,0.12845655391036304,39.41270352160014,39,26,0,False
8.5,7,0.8,0.8610378937704248,0.6410493107288668,178.89974753261419,0.009749999999999998,0.00995074426585866,0.13664548912813299,0.13401878526991684,38.384292278808644,39,26,0,False
8.5,7,0.8,0.8733161959289791,0.6333945206515532,175.78407733138812,0.009749999999999998,0.009944579414049684,0.13199618523743828,0.13217146893197515,38.74711321339944,39,26,0,False
8.5,7,0.8,0.8640103275279902,0.6296978043114727,176.8304192176324,0.009749999999999998,0.009940760842631726,0.132322452952559,0.13144601744462087,38.89129262267359,39,26,0,False
8.5,7,0.8,0.8831488847998361,0.6355238089548954,175.93110801972367,0.009749999999999998,0.009947179629579321,0.1310764816273952,0.13253709193265065,38.67498649469508,39,26,0,False
8.5,7,0.8,0.8798363662199079,0.5927805974280157,184.08710160429638,0.009749999999999998,0.009905330079171404,0.11770772853861956,0.12137199728808074,40.70079559218066,39,26,0,False
8.5,7,0.8,0.8914707845710979,0.6528910638048708,175.9691196308347,0.009749999999999998,0.009963594182163027,0.1354537835580642,0.13635452389997182,37.93867359879315,39,26,0,False
8.5,7,0.8,0.8707408915472069,0.6411058389920407,177.05730861520277,0.009749999999999998,0.009951378874102515,0.13500263060809836,0.13392818980277987,38.40188808852978,39,26,0,False
8.5,7,0.8,0.8717421664044935,0.6402638772952154,176.75078204397087,0.009749999999999998,0.009950631449669713,0.13455414791661172,0.1337311175263641,38.4402464022656,39,26,0,False
8.5,7,0.8,0.87045148363139,0.637205223481672,176.59143430355377,0.009749999999999998,0.009947853009436987,0.13374704109177465,0.13305964879381713,38.5717936015797,39,26,0,False
8.5,7,0.8,0.8587371050195788,0.6241195527046449,177.92998800530287,0.009749999999999998,0.009935544411359892,0.13134442144212422,0.13008651427404627,39.13169259748601,39,26,0,False
8.5,7,0.8,0.8677742699199216,0.6228093057108082,176.77163241788722,0.009749999999999998,0.009934619066918143,0.12939916177498842,0.1296076630456393,39.21364258970713,39,26,0,False
8.5,7,0.8,0.8671987557847693,0.6287243131681647,176.0965658315581,0.009749999999999998,0.0099400039345298,0.13146259532022178,0.13119036031469863,38.9424733712726,39,26,0,False
8.5,7,0.8,0.8683636760718075,0.6355897342014695,176.7755089282697,0.009749999999999998,0.009946327756288075,0.13355681807552075,0.13272021883371002,38.63879754860782,39,26,0,False
8.5,7,0.8,0.8707429157616691,0.6327923816852411,175.9569496768119,0.009749999999999998,0.009943880898515098,0.13222549899250277,0.13206570646743068,38.768051027355405,39,26,0,False
8.5,7,0.8,0.8723901047614621,0.6319181650251288,175.78457401310666,0.009749999999999998,0.009943182232183058,0.13165937087010127,0.13184912960446724,38.810993374356414,39,26,0,False
8.5,7,0.8,0.8671994949373492,0.6328683667230403,176.63536060730038,0.009749999999999998,0.009943772342041586,0.1328451740829604,0.13212315548775672,38.75667370189041,39,27,0,False
8.5,7,0.8,0.870397768120185,0.6341365377603578,176.19955903361583,0.009749999999999998,0.009945108382237637,0.13273011630100137,0.13237158632561574,38.7075868892662,39,27,0,False
8.5,7,0.8,0.8675793040403603,0.6337308180604291,176.67752482835195,0.009749999999999998,0.009944586450218252,0.1330686972899226,0.13231240332336244,38.719264092716834,39,27,0,False
8.5,7,0.8,0.8643793568681378,0.6331352742237741,177.20746718894046,0.009749999999999998,0.009943882922155914,0.13341057107763152,0.132214854974792,38.73853369831031,39,27,0,False
8.5,7,0.8,0.8808390710058595,0.6355462927035805,175.89169947501247,0.009749999999999998,0.009947045574888434,0.13146308581073188,0.13256905855186862,38.668699195364006,39,27,0,False
8.5,7,0.8,0.8736653733389987,0.6346057859117187,175.78071531962453,0.009749999999999998,0.009945725581155765,0.13233982058902005,0.13243983920888414,38.69413300555632,39,27,0,False
8.5,7,0.8,0.8643962876031269,0.6441009103427915,178.65530989984316,0.009749999999999998,0.009953571949027296,0.1370979332253942,0.1346665878491417,38.25916135328168,39,27,0,False
8.5,7,0.8,0.8684670821575106,0.6561584577747636,179.47427973798494,0.009749999999999998,0.00996416864960805,0.14047618109874918,0.1373287602195275,37.75725419367176,39,27,0,False
8.5,7,0.8,0.9005932414194311,0.6444701026185597,176.1865759575057,0.009749999999999998,0.009956886147828997,0.131187559844253,0.13435044817469585,38.3200773149541,39,27,0,False
8.5,7,0.8,0.8650246985442824,0.6295480106971274,176.62204811433344,0.009749999999999998,0.009940710692737106,0.1320995727309494,0.13139913220603985,38.90066388063401,39,27,0,False
8.5,7,0.8,0.8699796524478145,0.6307660647047941,175.83924208908027,0.009749999999999998,0.00994201578725766,0.1316772460709639,0.13161706519260752,38.85716048883248,39,27,0,False
8.5,7,0.8,0.8745062715911766,0.6397683706622453,176.17447885162514,0.009749999999999998,0.009950419569109676,0.13392052032663768,0.1335881042987136,38.46815335474332,39,27,0,False
8.5,7,0.8,0.8685500143364149,0.633718435063087,176.49231131443318,0.009749999999999998,0.009944624729101967,0.13290117313040767,0.13229864089187043,38.721980999786034,39,27,0,False
8.5,7,0.8,0.8686092341906292,0.6314602869158571,176.1869186457075,0.009749999999999998,0.009942576139917165,0.13213785223836594,0.13178950430419478,38.82283986477874,39,27,0,False
8.5,7,0.8,0.8649633605819521,0.6315698653592512,176.8921234789007,0.009749999999999998,0.009942498393116032,0.13278772079001877,0.131856128328996,38.80960354988866,39,27,0,False
8.5,7,0.8,0.8738999303656187,0.6339802211315019,175.78902747310062,0.009749999999999998,0.009945157731523801,0.13209324845236267,0.13229645127513184,38.722413314211884,39,27,0,False
8.5,7,0.8,0.8624959112527272,0.6684955817449678,182.26839939431534,0.009749999999999998,0.009973649840443835,0.14576271270059457,0.1401368869087067,37.244292963621064,39,27,0,False
8.5,7,0.8,0.8755398343113702,0.6324990015516301,175.82772523603523,0.009749999999999998,0.009943878284151731,0.1313301219177783,0.13194387277994893,38.792191463543794,39,27,0,False
8.5,7,0.8,0.9059106745675393,0.6585380929328737,176.23618652342782,0.009749999999999998,0.009970215661542731,0.13494536535422855,0.13747892596228894,37.72951719808257,39,27,0,False
8.5,7,0.8,0.8745894426468147,0.630242224257991,175.8363672107958,0.009749999999999998,0.009941753949386133,0.13073890384449058,0.1314455437712667,38.89138726560467,39,27,0,False
8.5,7,0.8,0.8586323930281565,0.6510376586604825,180.68328862572037,0.009749999999999998,0.009959067662084934,0.14046432353971178,0.13627796929366964,37.95303829647193,39,27,0,False
8.5,7,0.8,0.8710529649564306,0.6375415750394602,176.52064478595995,0.009749999999999998,0.009948168514272385,0.13375918774114046,0.13312899852294893,38.558145912762924,39,27,0,False
8.5,7,0.8,0.8680718604317237,0.6330322389949959,176.49187619411535,0.009749999999999998,0.009943966829200322,0.13275300460554593,0.132150028009105,38.75135518540711,39,27,0,False
8.5,7,0.8,0.8673858412956806,0.6335698149888446,176.69287196420638,0.009749999999999998,0.009944428397563201,0.13304761564550363,0.1322784520123912,38.72596759859154,39,27,0,False
8.5,7,0.8,0.8697946569159535,0.6274106913151369,175.83528179088532,0.009749999999999998,0.009938952524387793,0.13059141478618244,0.13081286930111882,39.0083426379416,39,27,0,False
8.5,7,0.8,0.8702678780423448,0.63504831148948,176.34430315341888,0.009749999999999998,0.009945940827695048,0.13305545199277685,0.13257800775337908,38.66693957630227,39,27,0,False
8.5,7,0.8,0.8695540842135729,0.6392842012614486,177.03720221649334,0.009749999999999998,0.009949666544534318,0.1345941555216275,0.13353409814335096,38.478707397014645,39,27,0,False
8.5,7,0.8,0.8645681022291766,0.60083688278915,181.6833802660413,0.009749999999999998,0.009913509359735536,0.12269590037528744,0.12378054151366279,40.24956586340524,39,27,0,False
8.5,7,0.8,0.8718816404693444,0.6349567488023701,176.02967386284047,0.009749999999999998,0.00994594759345793,0.1327543647574027,0.13253912063622317,38.67458739316994,39,27,0,False
8.5,7,0.8,0.8718454663310681,0.6090488076902636,179.95008247686053,0.009749999999999998,0.00992156766509817,0.12421294012368093,0.1258586985832326,39.87122887677737,39,27,0,False
8.5,7,0.8,0.8761550163720446,0.6259586092269207,176.2991729950208,0.009749999999999998,0.009937808118336082,0.12906775351009867,0.13033541349130132,39.089295103901094,39,27,0,False
8.5,7,0.8,0.8704043368071361,0.6328963113576472,176.03427195798548,0.009749999999999998,0.009943959814785517,0.13231664144328148,0.13209292381031307,38.76265962126356,39,27,0,False
8.5,7,0.8,0.8664522042536562,0.6413906931838034,177.9075734788341,0.009749999999999998,0.009951370427076053,0.13582849833508784,0.13403750260764494,38.38065988108351,39,27,0,False
8.5,7,0.8,0.8753493648441478,0.6500219832933359,177.3751461229067,0.009749999999999998,0.00995953805737617,0.1372118659000177,0.1358796581448474,38.02803649237776,39,27,0,False
8.5,7,0.8,0.8746976017445764,0.6392941195251913,176.07549625534176,0.009749999999999998,0.009950001344445994,0.13373041624897736,0.13347993892809884,38.489299916746994,39,27,0,False
8.5,7,0.8,0.8702489870895785,0.6342387655624131,176.24102797612295,0.009749999999999998,0.009945194757420247,0.1327890796470045,0.13239624582736204,38.70272446402602,39,27,0,False
8.5,7,0.8,0.8690105776213516,0.6343357435105655,176.48700492589302,0.009749999999999998,0.009945217747537316,0.13302937424931752,0.13243206337718444,38.69566506826869,39,27,0,False
8.5,7,0.8,0.8730793894123617,0.6547651851599992,178.42023342615582,0.009749999999999998,0.009963380021666178,0.13920246816185106,0.13697055418062634,37.82366113485171,39,27,0,False
8.5,7,0.8,0.8706087145473297,0.6341658252148082,176.1638127588825,0.009749999999999998,0.009945146872497332,0.13270450093278222,0.1323757700207667,38.706761810565816,39,27,0,False
8.5,7,0.8,0.8672579560205856,0.6326780732796777,176.59909305846574,0.009749999999999998,0.009943599507413357,0.13277191709888717,0.13207979681603832,38.76525963456472,39,27,0,False
8.5,7,0.8,0.8569902996457526,0.637713851810179,179.23568119921276,0.009749999999999998,0.00994755410518653,0.1362214015895273,0.13332016549426542,38.52059867568176,39,27,0,False
8.5,7,0.8,0.8708934161804076,0.6337542538367629,176.05595993914335,0.009749999999999998,0.009944781384109603,0.13251996438721175,0.1322800534464858,38.725651327134905,39,27,0,False
8.5,7,0.8,0.8705634216568425,0.6097482632825504,179.7535252873966,0.009749999999999998,0.009922225101043746,0.12464699323267382,0.12606634753095095,39.83399911347252,39,27,0,False
8.5,7,0.8,0.8530032643529653,0.6439754643838457,180.85619996107914,0.009749999999999998,0.009952794318522733,0.13904660948910386,0.13475514356785817,38.24214887337696,39,27,0,False
8.5,7,0.8,0.8693257226791036,0.6324253077794226,176.17522220057592,0.009749999999999998,0.009943470253649202,0.1323404882096475,0.13199936510593985,38.781191386457756,39,27,0,False
8.5,7,0.8,0.8624712902701384,0.6304125901107009,177.21951651752207,0.009749999999999998,0.009941355171251956,0.13282111577884864,0.1316239034036205,38.855797775075864,39,27,0,False
8.5,7,0.8,0.8597219367659967,0.6364397857377059,178.53532741417078,0.009749999999999998,0.00994657121464244,0.13531857563763194,0.1330069023569627,38.582183371836344,39,27,0,False
8.5,7,0.8,0.8572691636559638,0.6605368225728947,182.214500129002,0.009749999999999998,0.009966846368079688,0.1439628415762387,0.13841475206043508,37.5576792100793,39,27,0,False
8.5,7,0.8,0.8698896030378501,0.6526187629492115,178.73631496938438,0.009749999999999998,0.00996128241295719,0.13902876512767887,0.13652008104442598,37.90766310603792,39,27,0,False
8.5,7,0.8,0.8693764689019022,0.6307918275573011,175.9559434451493,0.009749999999999998,0.009942008998977604,0.131786557394231,0.1316298991682295,38.854603059235664,39,27,0,False
8.5,7,0.8,0.8728625075964311,0.6239290970411516,176.65967899387147,0.009749999999999998,0.009935838739032416,0.12893316649641512,0.12983494015156982,39.1746836949439,39,27,0,False
8.5,7,0.8,0.8683991218065743,0.6349154785851181,176.67891958380633,0.009749999999999998,0.00994571695059982,0.13332563743292694,0.13256922626644665,38.66866621664837,39,27,0,False
8.5,7,0.8,0.8665268159865497,0.6296762875470779,176.35180516259936,0.009749999999999998,0.009940880843487113,0.13189069030784045,0.1314110331381795,38.89828453399194,39,27,0,False
8.5,7,0.8,0.8677481605812851,0.6393747973936043,177.39039771720851,0.009749999999999998,0.009949635458219783,0.1349312983674469,0.1335740488243327,38.47089929658612,39,27,0,False
8.5,7,0.8,0.8708995415833264,0.6321989786300665,175.8508533529047,0.009749999999999998,0.009943352291828193,0.132001551970981,0.13192998995071228,38.79494485236458,39,27,0,False
8.5,7,0.8,0.8691167086591948,0.6360229826091236,176.69075175786807,0.009749999999999998,0.009946758522200505,0.13357468346404108,0.13280864401540218,38.621309288105195,39,27,0,False
8.5,7,0.8,0.8664132955132149,0.6324115563562741,176.72413483939246,0.009749999999999998,0.009943312866736598,0.13282532030004943,0.13202957370902205,38.775207086049924,39,27,0,False
8.5,7,0.8,0.8671694977046955,0.6354990049368775,176.9895312431413,0.009749999999999998,0.009946180568224529,0.13372830599775948,0.1327132482904438,38.64017713719674,39,27,0,False
8.5,7,0.8,0.866915370746306,0.6296356733742701,176.27423644989835,0.009749999999999998,0.009940873903321363,0.13181141044083772,0.13139693905523953,38.90110240281471,39,28,0,False
8.5,7,0.8,0.8701311727595222,0.630841516095268,175.82045095303727,0.009749999999999998,0.009942091001758935,0.13167713763987954,0.13163234706137225,38.85411532323815,39,28,0,False
8.5,7,0.8,0.8671772525138551,0.6297232309419015,176.23424960851776,0.009749999999999998,0.009940949370930147,0.13179749235778063,0.1314141711634628,38.89765722177977,39,28,0,False
8.5,7,0.8,0.8665626181084004,0.6300051230201347,176.38532686407302,0.009749999999999998,0.009941159461280547,0.1319954470625569,0.13148539925865396,38.883426259220855,39,28,0,False
8.5,7,0.8,0.8804645925022611,0.6436127356186296,175.81854493779,0.009749999999999998,0.009954312077946436,0.13420345477399048,0.1343845080293628,38.313500702569485,39,28,0,False
8.5,7,0.8,0.8682250309839123,0.6312977869263461,176.23850215197993,0.009749999999999998,0.009942411294243529,0.13214796061254938,0.13175727260277395,38.82924816867133,39,28,0,False
8.5,7,0.8,0.876178893016972,0.6191162543546421,177.7873641145568,0.009749999999999998,0.00993133693745458,0.12681363730475972,0.12849812844960032,39.40548695176642,39,28,0,False
8.5,7,0.8,0.8669712537188338,0.6584639095781954,180.0593427776322,0.009749999999999998,0.009965931039062919,0.1415249067508639,0.1378623952230392,37.65895799667497,39,28,0,False
8.5,7,0.8,0.8392083059306422,0.6335475889495105,182.2496074816965,0.009749999999999998,0.009943349808090526,0.1379308087170781,0.13257969549430215,38.66660775400484,39,28,0,False
8.5,7,0.8,0.8774001157667068,0.6240653071855777,176.75150911572953,0.009749999999999998,0.009936159852332687,0.12823800638519572,0.1298053760736515,39.17974499470172,39,28,0,False
8.5,7,0.8,0.8602481376526311,0.6291397153597743,177.48173263891283,0.009749999999999998,0.009940116209821343,0.13277149090564777,0.13136340661736026,38.90780905315082,39,28,0,False
8.5,7,0.8,0.8729565946910993,0.6322932572820522,175.78872449757435,0.009749999999999998,0.009943548051855272,0.13169018929897502,0.13192743418277408,38.79545180189824,39,28,0,False
8.5,7,0.8,0.86945112145524,0.6323011822462467,176.13571010982838,0.009749999999999998,0.009943365955528301,0.13227799925726946,0.13196987680425942,38.78703561997278,39,28,0,False
8.5,7,0.8,0.867270880457844,0.6313393692216349,176.4242703154887,0.009749999999999998,0.009942402498466852,0.13232194331057173,0.1317776466189107,38.825197046476326,39,28,0,False
8.5,7,0.8,0.8662800656977052,0.6308925763289635,176.55438547550793,0.009749999999999998,0.009941953432594573,0.1323391338228693,0.13168835878375504,38.842960065641776,39,28,0,False
8.5,7,0.8,0.8690400371917454,0.6327937604585449,176.27748515927914,0.009749999999999998,0.00994379486744376,0.13251104834690647,0.13208548048306706,38.76413382943742,39,28,0,False
8.5,7,0.8,0.8786055772526155,0.6295891439871475,175.90702950594493,0.009749999999999998,0.009941356195452604,0.12986331254729083,0.13125074535880996,38.930366819151764,39,28,0,False
8.5,7,0.8,0.849861116659986,0.6328180525480313,179.99825613860025,0.009749999999999998,0.009943015838112343,0.135800512210589,0.1323038713985992,38.72094835443279,39,28,0,False
8.5,7,0.8,0.8931548447659154,0.6394415928960739,176.07150300935217,0.009749999999999998,0.009951509774450924,0.13074048147338194,0.13330387925176768,38.5237932734979,39,28,0,False
8.5,7,0.8,0.861774281395925,0.6307580375389782,177.39814990845628,0.009749999999999998,0.009941635246577209,0.1330551415381074,0.13170956176547002,38.83873975438942,39,28,0,False
8.5,7,0.8,0.8522355948939992,0.6549963689276673,182.4663452567402,0.009749999999999998,0.009961905373178157,0.14296567916225825,0.13722420312558367,37.77660231706063,39,28,0,False
8.5,7,0.8,0.8796508739076636,0.6309870004687363,175.91211548038498,0.009749999999999998,0.009942734581958261,0.13015270675838972,0.13155333623727372,38.86986712144014,39,28,0,False
8.5,7,0.8,0.8670444844496987,0.6286467251617747,176.11620147636236,0.009749999999999998,0.009939930953891514,0.13146232267144425,0.13117454269768114,38.9456464667242,39,28,0,False
8.5,7,0.8,0.8685106070635722,0.629281092984196,175.92100703836627,0.009749999999999998,0.009940571608651643,0.13142887532456382,0.13130034384669234,38.92043114371706,39,28,0,False
8.5,7,0.8,0.868215594405315,0.6283867734911319,175.8690144248533,0.009749999999999998,0.009939770230427527,0.13117898444238715,0.13109746456627375,38.960323899459965,39,28,0,False
8.5,7,0.8,0.8675732492797058,0.6328423015442788,176.56109523507982,0.009749999999999998,0.009943766622884518,0.13277358590823368,0.1321130656429996,38.75867120424294,39,28,0,False
8.5,7,0.8,0.8685492738750845,0.6253170227368023,176.24813161814544,0.009749999999999998,0.009936955640356702,0.13010346357259414,0.13026936151895246,39.10053320450951,39,28,0,False
8.5,7,0.8,0.8673105740321057,0.6460621479994532,178.3607933557075,0.009749999999999998,0.009955481789799341,0.1372569120141134,0.1350748004412612,38.18092418944229,39,28,0,False
8.5,7,0.8,0.8651632597551687,0.6309984217077027,176.78053865392144,0.009749999999999998,0.009941998185452092,0.13256253538980697,0.13172500016400032,38.83566769426344,39,28,0,False
8.5,7,0.8,0.8705448023610495,0.6409473412472021,177.07273740439103,0.009749999999999998,0.0099512215656487,0.13498294610340011,0.13389497030525194,38.4083460632012,39,28,0,False
8.5,7,0.8,0.8832795573028113,0.6469556096307366,175.84610773210102,0.009749999999999998,0.00995752829835643,0.13484617584405428,0.13510543320211568,38.17507215707735,39,28,0,False
8.5,7,0.8,0.8683498502829736,0.6320826915675121,176.3154098661524,0.009749999999999998,0.009943116426181349,0.13238952093574172,0.13193313736459167,38.79432057366368,39,28,0,False
8.5,7,0.8,0.8727633278301254,0.6275166603944676,175.8892457430196,0.009749999999999998,0.009939179698210381,0.1301356986897657,0.1307994461509531,39.01061178519494,39,28,0,False
8.5,7,0.8,0.8712435470386626,0.6348123705941001,176.13011414223152,0.009749999999999998,0.009945778574880082,0.1328132041346328,0.13251389370015232,38.679551084480345,39,28,0,False
8.5,7,0.8,0.8722171328674679,0.6374382117356844,176.29381127105918,0.009749999999999998,0.009948192464828545,0.13352660650856862,0.1330913336586232,38.56555641010883,39,28,0,False
8.5,7,0.8,0.868893691330427,0.6311636615785597,176.0950260612301,0.009749999999999998,0.009942322821795814,0.1319912224833198,0.13171930673531165,38.836800536456494,39,28,0,False
8.5,7,0.8,0.866360866435455,0.6314212786031488,176.6073112840323,0.009749999999999998,0.009942432262106565,0.13250234580135695,0.13180658535928488,38.81944507348768,39,28,0,False
8.5,7,0.8,0.8827493360494678,0.6141557281445764,179.08679476986532,0.009749999999999998,0.009926813358991963,0.12414424201839769,0.12705916648028753,39.65740038637792,39,28,0,False
8.5,7,0.8,0.8667502581237366,0.631939693190397,176.59972302138442,0.009749999999999998,0.009942910329617501,0.1326104872036255,0.13191919404300506,38.79708640828005,39,28,0,False
8.5,7,0.8,0.8804073589248916,0.634242728387215,175.89335292730308,0.009749999999999998,0.009945794732160226,0.1311040507892683,0.13228022643078924,38.725617164462314,39,28,0,False
8.5,7,0.8,0.8909350232774682,0.62881078875923,176.13284397912068,0.009749999999999998,0.009941425900025025,0.12761443059743444,0.1308838962513425,38.99634219223463,39,28,0,False
8.5,7,0.8,0.8654772500631923,0.6332540359717514,177.01370194014888,0.009749999999999998,0.009944044024888476,0.13326441895838675,0.1322291365715669,38.735710760854204,39,28,0,False
8.5,7,0.8,0.8687366622623416,0.6272967185517866,175.83177921751954,0.009749999999999998,0.009938798685405308,0.13072940767976848,0.13079734447450597,39.010967103124116,39,28,0,False
8.5,7,0.8,0.8972805592738686,0.6448192094245119,176.11920024448105,0.009749999999999998,0.009956879106796518,0.1318367168084307,0.13446764023621738,38.29746265824276,39,28,0,False
8.5,7,0.8,0.8681346901377732,0.631115695429128,176.23203750549993,0.009749999999999998,0.009942242591358414,0.13210231609990494,0.1317172605984177,38.837207687523254,39,28,0,False
8.5,7,0.8,0.872722093660299,0.6317329579632963,175.7921412305872,0.009749999999999998,0.009943033744821254,0.1315424631536951,0.13180337933783726,38.820082190762164,39,28,0,False
8.5,7,0.8,0.8784920694480465,0.632152250785083,175.8806810490001,0.009749999999999998,0.009943741102916598,0.13072793059668805,0.13183053510104178,38.81468663020658,39,28,0,False
8.5,7,0.8,0.8615340411209829,0.6626777436910248,181.67185652235833,0.009749999999999998,0.009968932597285339,0.14393227859804802,0.13885166252653508,37.47743865852422,39,28,0,False
8.5,7,0.8,0.8612573145076488,0.6307740174521776,177.4997386963578,0.009749999999999998,0.009941628165606422,0.13314826895222176,0.13171902406423733,38.836856783083235,39,28,0,False
8.5,7,0.8,0.8662473122359639,0.6326431737174132,176.78630478894326,0.009749999999999998,0.009943518609727326,0.13293053568062466,0.13208342925763122,38.764540119423614,39,28,0,False
8.5,7,0.8,0.8677691729640852,0.6285559331257166,175.96838021990575,0.009749999999999998,0.0099398896355619,0.13131052141231114,0.13114528414243976,38.951517891370464,39,28,0,False
8.5,7,0.8,0.8680264868348173,0.6317604332506006,176.3353733200991,0.009749999999999998,0.009942814956096321,0.13233592049891812,0.1318640095163696,38.80803865916424,39,28,0,False
8.5,7,0.8,0.8750234104421138,0.6332080094954622,175.8126383569934,0.009749999999999998,0.009944500973707634,0.13165080535242163,0.13210984556296007,38.75930875234892,39,28,0,False
8.5,7,0.8,0.8679358830193876,0.6424123803354665,177.7616297993541,0.009749999999999998,0.009952365572644553,0.13591831720818398,0.13425013837629923,38.33946544192099,39,28,0,False
8.5,7,0.8,0.8680153783248229,0.6312865435158893,176.27665258151524,0.009749999999999998,0.009942390987696602,0.132179352309369,0.131757154890705,38.82927157788384,39,28,0,False
8.5,7,0.8,0.8739532941645538,0.6330572961345454,175.7966987633586,0.009749999999999998,0.009944300166948654,0.13177848207816745,0.13208831902152207,38.76357161560095,39,28,0,False
8.5,7,0.8,0.8661970049945491,0.629713130247713,176.41796193962233,0.009749999999999998,0.009940888441267231,0.13195884869153401,0.1314235427017875,38.895783966037285,39,28,0,False
8.5,7,0.8,0.8676223925450135,0.6308591786202203,176.2955866024501,0.009749999999999998,0.009941985295838533,0.1321026143972893,0.13166539385756756,38.84753260413515,39,28,0,False
8.5,7,0.8,0.8679736448654792,0.6316579466838016,176.33224818066702,0.009749999999999998,0.009942721232883363,0.13231050014179405,0.13184146543648806,38.81251551243759,39,29,0,False
8.5,7,0.8,0.8668169853587694,0.6294944078717156,176.26994546479992,0.009749999999999998,0.009940698812276364,0.13178276483759038,0.131367772443609,38.906935673871544,39,29,0,False
8.5,7,0.8,0.8756705804128719,0.6335359452256257,175.82062686913963,0.009749999999999998,0.009944844710739632,0.1316520866187825,0.13217612349444383,38.74619251373376,39,29,0,False
8.5,7,0.8,0.8722163710605955,0.628982183510025,175.81228386895714,0.009749999999999998,0.009940468813618208,0.13071366524289588,0.1311895882015362,38.94262824347212,39,29,0,False
8.5,7,0.8,0.877855662549724,0.6309092548503384,175.88339935709115,0.009749999999999998,0.009942559377925913,0.13042131587880762,0.1315570962211346,38.869117095252854,39,29,0,False
8.5,7,0.8,0.8673298872398497,0.6301612025475665,176.26075270830233,0.009749999999999998,0.00994134137324298,0.13191862128106993,0.131511470613531,38.8782211853706,39,29,0,False
8.5,7,0.8,0.867310523468859,0.6161702522729373,178.21512382848132,0.009749999999999998,0.009928340998917174,0.12728190971422512,0.12783702181795747,39.520639493914395,39,29,0,False
8.5,7,0.8,0.8673014172567468,0.651432387908212,179.06878321544235,0.009749999999999998,0.009960056124078537,0.13907687153369327,0.13628007035713074,37.9526438395393,39,29,0,False
8.5,7,0.8,0.826134617131352,0.6346766483803443,185.13558851485146,0.009749999999999998,0.009944016918282237,0.1406950832377246,0.1329622487342014,38.59098549770035,39,29,0,False
8.5,7,0.8,0.8782425755667519,0.6470375275110745,176.4476582590524,0.009749999999999998,0.009957183029544401,0.13571922433611142,0.13517786062088658,38.16124623530165,39,29,0,False
8.5,7,0.8,0.8736274206120915,0.6293614421724265,175.82990026449326,0.009749999999999998,0.009940885722120082,0.13060619277102592,0.1312584852563255,38.92881585432618,39,29,0,False
8.5,7,0.8,0.864027963050253,0.6268540790038821,176.62761685995173,0.009749999999999998,0.00993819409691087,0.13136874581155134,0.13074513220712133,39.019797381866944,39,29,0,False
8.5,7,0.8,0.8663989956841661,0.6302430720104746,176.45125252483257,0.009749999999999998,0.00994140460379618,0.1321006144079116,0.13153956063946867,38.87261538551017,39,29,0,False
8.5,7,0.8,0.8693939679411206,0.6312761117636378,176.01533825069694,0.009749999999999998,0.009942449241902082,0.13194504604856844,0.13173887730522474,38.83290691669753,39,29,0,False
8.5,7,0.8,0.8675794059241804,0.6301688845052819,176.21452846992096,0.009749999999999998,0.009941359817153252,0.1318793831572535,0.13151031066511565,38.87845272224126,39,29,0,False
8.5,7,0.8,0.8656202602188123,0.6313649479453622,176.74079944570008,0.009749999999999998,0.009942347219937935,0.13260821524987007,0.13180237201704378,38.82028237715318,39,29,0,False
8.5,7,0.8,0.8673888546742595,0.6126645600472411,179.0104556141451,0.009749999999999998,0.00992503316335723,0.12611353513838797,0.12689477068465993,39.68648306854337,39,29,0,False
8.5,7,0.8,0.8574330603655856,0.6309286252023131,178.26036195737413,0.009749999999999998,0.00994161311314648,0.13385261571899587,0.1317969648380028,38.821357006020406,39,29,0,False
8.5,7,0.8,0.8724558313678602,0.6407384723818275,176.68458443656436,0.009749999999999998,0.009951142548814393,0.134590410166129,0.13382813405086524,38.421348934480974,39,29,0,False
8.5,7,0.8,0.8658223435851446,0.6312271064181114,176.68463689082765,0.009749999999999998,0.00994223355946948,0.1325280137504602,0.13176897235018636,38.826921665808705,39,29,0,False
8.5,7,0.8,0.9087976543675635,0.6129708879020911,180.14494468182647,0.009749999999999998,0.00992672296433177,0.11976494918597604,0.12631809600995247,39.78899980474218,39,29,0,False
8.5,7,0.8,0.8778688583735967,0.6278949311072416,175.94534837244743,0.009749999999999998,0.009939787484125428,0.12942250539322991,0.13082793249589722,39.00579670848239,39,29,0,False
8.5,7,0.8,0.8679426722603744,0.631072629080398,176.26274178647003,0.009749999999999998,0.009942194389422898,0.13212012707435092,0.13170977099670986,38.83869811504382,39,29,0,False
8.5,7,0.8,0.8665388426254526,0.6274587532361005,176.11683003094785,0.009749999999999998,0.009938874735141882,0.13114866335720907,0.1308708910191628,38.998538693927735,39,29,0,False
8.5,7,0.8,0.8673677200040056,0.6321358549212064,176.50773826003612,0.009749999999999998,0.009943113612247674,0.13257234856085703,0.1319564578668581,38.789695953912,39,29,0,False
8.5,7,0.8,0.8713050612092467,0.6304299552431328,175.7831607625109,0.009749999999999998,0.009941762554560328,0.13134522718949718,0.1315262830817031,38.87526483114865,39,29,0,False
8.5,7,0.8,0.8672389705022586,0.6243404214242486,176.41300047807127,0.009749999999999998,0.009935930284044587,0.1299998931977914,0.1300292861617742,39.141460003991874,39,29,0,False
8.5,7,0.8,0.8775608322181779,0.6533389146583097,177.39966840041583,0.009749999999999998,0.009962564086246831,0.13795097091132855,0.13660416541790044,37.891941803989795,39,29,0,False
8.5,7,0.8,0.8650100870703532,0.6292761856007161,176.58803579738375,0.009749999999999998,0.009940449737190231,0.13201187260719163,0.13133863968549883,38.91276474691715,39,29,0,False
8.5,7,0.8,0.8694852522803617,0.6529460943063711,178.85503226415796,0.009749999999999998,0.009961519743114952,0.13921013321981943,0.1365979263673217,37.89310766383994,39,29,0,False
8.5,7,0.8,0.8859938520275868,0.6350875215231206,175.98306506203443,0.009749999999999998,0.009946964483082308,0.13046858899578387,0.1324052299835685,38.700953391534654,39,29,0,False
8.5,7,0.8,0.8690997476787059,0.6305185265351513,175.97217385143955,0.009749999999999998,0.009941742889681327,0.1317419218954117,0.13157166496511305,38.866211384348574,39,29,0,False
8.5,7,0.8,0.8708991224837351,0.630235619154556,175.78012163820455,0.009749999999999998,0.009941573680934214,0.13134771066375472,0.13148690274046743,38.88312603746718,39,29,0,False
8.5,7,0.8,0.8713729012502062,0.6246104429302194,176.47926390686717,0.009749999999999998,0.009936450864506837,0.12940127862938539,0.1300377870910293,39.14000865390328,39,29,0,False
8.5,7,0.8,0.8723254464776384,0.6256623063529412,176.2611050743728,0.009749999999999998,0.009937359401026719,0.1295976768403068,0.13031099437358806,39.093448670527636,39,29,0,False
8.5,7,0.8,0.8706918659394605,0.6359507837040741,176.3848658191138,0.009749999999999998,0.009946785321988236,0.13328521928660983,0.13277489033191936,38.62798216066489,39,29,0,False
8.5,7,0.8,0.870612754818085,0.6300360883722459,175.776400184022,0.009749999999999998,0.009941365014463986,0.131329577849176,0.13144570785008108,38.89135448154333,39,29,0,False
8.5,7,0.8,0.8873362136617898,0.6230569110993046,177.23791508060538,0.009749999999999998,0.009935624630111694,0.1263146938828286,0.12938853866560646,39.25131226303027,39,29,0,False
8.5,7,0.8,0.8703622318055061,0.630146581241409,175.771851740421,0.009749999999999998,0.009941458346476638,0.13140782072215393,0.13147337679153895,38.885827203078335,39,29,0,False
8.5,7,0.8,0.8725723738559407,0.6304776799028166,175.80075493993485,0.009749999999999998,0.009941856581261106,0.1311512553400074,0.13152269812466313,38.875980275945004,39,29,0,False
8.5,7,0.8,0.8658464794705445,0.6274881149887258,176.24892471262373,0.009749999999999998,0.009938878032733132,0.13127396982088393,0.13088825972822193,38.99560531015073,39,29,0,False
8.5,7,0.8,0.8689211842481157,0.631694443528788,176.15815014590922,0.009749999999999998,0.009942801087901973,0.1321638340950418,0.13183878056102127,38.81304878231356,39,29,0,False
8.5,7,0.8,0.8667080017511857,0.6398923874591982,177.64982661642176,0.009749999999999998,0.009949970483297085,0.13528535236479455,0.13370316358689904,38.44569652054621,39,29,0,False
8.5,7,0.8,0.8962300591762968,0.6212654725693946,177.8942211584743,0.009749999999999998,0.009934391673517092,0.12433453539208286,0.12876812488062261,39.35854865047579,39,29,0,False
8.5,7,0.8,0.8693023926165605,0.6325544248795554,176.1963910322055,0.009749999999999998,0.009943586287363937,0.13238745589951206,0.13202873342216956,38.775373509441515,39,29,0,False
8.5,7,0.8,0.872016719736645,0.6320336123448161,175.7771729360203,0.009749999999999998,0.009943265268755918,0.13176002411055646,0.13187959408373173,38.804944730198706,39,29,0,False
8.5,7,0.8,0.8661953394767279,0.6286608508906848,176.27872601222117,0.009749999999999998,0.009939904199319175,0.13160930447093436,0.13118773771925915,38.9429994247652,39,29,0,False
8.5,7,0.8,0.8889217278966006,0.6041465848934829,181.58030706336953,0.009749999999999998,0.00991694609864366,0.11995892808615913,0.12426788951141582,40.15989266370225,39,29,0,False
8.5,7,0.8,0.8853338555097846,0.6217425706772755,177.46831065590857,0.009749999999999998,0.009934262530702004,0.12620450569442096,0.12906472493616816,39.30717478977056,39,29,0,False
8.5,7,0.8,0.8693291193659938,0.6376956851855794,176.86949710258955,0.009749999999999998,0.009948241122932201,0.13409989179894063,0.1331811549756262,38.547891139666454,39,29,0,False
8.5,7,0.8,0.8745823637279528,0.6370807470240171,175.80577092429294,0.009749999999999998,0.009948019690355244,0.13301094224212995,0.13298483662481667,38.586532231880796,39,29,0,False
8.5,7,0.8,0.8682309965307113,0.6308673397034659,176.18159536587373,0.009749999999999998,0.009942021430741282,0.13200336159242992,0.13166020984486654,38.84856501045132,39,29,0,False
8.5,7,0.8,0.8739610528598916,0.6325177777510479,175.80185580678912,0.009749999999999998,0.009943804066868428,0.1315981217257813,0.13196659274890452,38.78768664152954,39,29,0,False
8.5,7,0.8,0.8671292634216776,0.6375317164533987,177.26279328940723,0.009749999999999998,0.009947956825846533,0.13441822561288533,0.13316903129077953,38.550274129052205,39,29,0,False
8.5,7,0.8,0.8669412262313932,0.6301671571035126,176.33727306180526,0.009749999999999998,0.00994134854016915,0.13198484084120127,0.13151662047218363,38.87719327304506,39,29,0,False
8.5,7,0.8,0.8740254886959535,0.629670760508484,175.83916988804458,0.009749999999999998,0.009941242569005302,0.13064056272309624,0.13132172299970338,38.91615072892862,39,29,0,False
8.5,7,0.8,0.867391393494438,0.6315280702465547,176.42570231847316,0.009749999999999998,0.009942576974726657,0.13236481248500678,0.13181884237271904,38.817009579858336,39,29,0,False
8.5,7,0.8,0.869287366297412,0.6295169716262324,175.80846668920742,0.009749999999999998,0.009940852547456197,0.13137643956471945,0.13134334760329322,38.911822581633935,39,29,0,False
8.5,7,0.8,0.8692875031286801,0.6311480546748442,176.01881510330082,0.009749999999999998,0.009942327970136892,0.13192015175768387,0.1317112342229407,38.83840692041212,39,30,0,False
8.5,7,0.8,0.8680537860061623,0.6336014346056614,176.57061387822358,0.009749999999999998,0.009944491360413083,0.13294567029574295,0.13227799372898658,38.72605810759357,39,30,0,False
8.5,7,0.8,0.8691455580255983,0.6328918822085062,176.27057307400423,0.009749999999999998,0.00994389108906337,0.13252599811448082,0.13210630470775567,38.76000984682798,39,30,0,False
8.5,7,0.8,0.869682846202484,0.6333051810397201,176.22404332424762,0.009749999999999998,0.009944301406575071,0.13257340605547363,0.13219297915355724,38.742858904859126,39,30,0,False
8.5,7,0.8,0.8767548491679596,0.6365097916980024,175.81539285425035,0.009749999999999998,0.009947662910618401,0.1324578490377292,0.13283170432110364,38.616752374414276,39,30,0,False
8.5,7,0.8,0.8698634294923052,0.6329353695992775,176.14112837531934,0.009749999999999998,0.009943968086277897,0.13242015707679772,0.13210787736363402,38.75969845406719,39,30,0,False
8.5,7,0.8,0.8654739563623861,0.6368212941629776,177.48795851042502,0.009749999999999998,0.009947274191662886,0.1344592080308374,0.13302700631903552,38.57822240656371,39,30,0,False
8.5,7,0.8,0.8678010695424183,0.6331836374765608,176.56313935074374,0.009749999999999998,0.009944093105055637,0.13284898260399158,0.13218708009296057,38.74402548880348,39,30,0,False
8.5,7,0.8,0.8844762764827575,0.6451035993643826,175.87852995523852,0.009749999999999998,0.009955971874156418,0.1340310714082559,0.13467574816253375,38.25740052817428,39,30,0,False
8.5,7,0.8,0.8713123972289716,0.6567620577674134,179.01673976294373,0.009749999999999998,0.009964926938358714,0.1401843269447171,0.1374365920699626,37.73733058943374,39,30,0,False
8.5,7,0.8,0.8750669190847528,0.6317806024586352,175.82908708915284,0.009749999999999998,0.009943205551366976,0.13116948167790418,0.13178673312979464,38.82339070702965,39,30,0,False
8.5,7,0.8,0.8706143156248818,0.6278567862539289,175.79994839795012,0.009749999999999998,0.009939353749480115,0.13060574803024297,0.1309229971378774,38.98974049330844,39,30,0,False
8.5,7,0.8,0.8681098540923169,0.6290899284337642,175.97159754435523,0.009749999999999998,0.009940376687833402,0.1314322222632065,0.13126206120482933,38.92809934682693,39,30,0,False
8.5,7,0.8,0.8685912457010597,0.6311999866499363,176.15675749145223,0.009749999999999998,0.009942340939021837,0.1320539646287196,0.131730990556423,38.83447586917984,39,30,0,False
8.5,7,0.8,0.8689339934569428,0.6310614305322904,176.07418051136406,0.009749999999999998,0.009942231995272773,0.13195039605973294,0.13169580057236221,38.84147867371949,39,30,0,False
8.5,7,0.8,0.8674818649830814,0.6313291695071751,176.38302285023354,0.009749999999999998,0.00994240349894856,0.1322831059070151,0.13177291706842054,38.826137348400906,39,30,0,False
8.5,7,0.8,0.8678252925911464,0.6251284195764758,176.2698326966528,0.009749999999999998,0.009936752313068979,0.1301609419400253,0.13022914639419406,39.107380080199846,39,30,0,False
8.5,7,0.8,0.8851221228704815,0.6314115525118354,175.99972867737972,0.009749999999999998,0.009943461332325633,0.12940194152246204,0.13158397153068388,38.86375735944687,39,30,0,False
8.5,7,0.8,0.8630858597093626,0.6410862542896757,178.50997489594732,0.009749999999999998,0.009950893307048316,0.13630440983185033,0.1340054738640284,38.38687618519132,39,30,0,False
8.5,7,0.8,0.8744815436750586,0.6311215243737475,175.8268771950393,0.009749999999999998,0.00994257035633592,0.13104762928722466,0.13164475905086503,38.85164254584957,39,30,0,False
8.5,7,0.8,0.8802595942346036,0.6291483264381678,175.94175888705198,0.009749999999999998,0.009941059975477505,0.1294468944588815,0.13113052353081828,38.954480948620436,39,30,0,False
8.5,7,0.8,0.8765285800498915,0.634661910998427,175.82647260782136,0.009749999999999998,0.009945947262070449,0.13188256344768218,0.13241960535943356,38.69812002884347,39,30,0,False
8.5,7,0.8,0.8683376284612108,0.6319674301494617,176.303042878298,0.009749999999999998,0.009943013992520466,0.13235298253548528,0.13190721250532314,38.799463562171795,39,30,0,False
8.5,7,0.8,0.8658490806545903,0.6275229621792848,176.25122713470256,0.009749999999999998,0.009938912170765214,0.13128504628739981,0.13089747600607615,38.99404904617994,39,30,0,False
8.5,7,0.8,0.8671716126895087,0.6326163361650489,176.6072891759553,0.009749999999999998,0.009943538295175641,0.1327658757919319,0.13206692621874513,38.76780936301548,39,30,0,False
8.5,7,0.8,0.8679221892907945,0.6301416953530333,176.14645400480134,0.009749999999999998,0.009941353401887286,0.1318128118641956,0.13150012732336985,38.88048558964236,39,30,0,False
8.5,7,0.8,0.8671094964368166,0.6368062803861702,177.1751805095614,0.009749999999999998,0.009947353674911702,0.13417616365344734,0.13300560406722262,38.58243920738424,39,30,0,False
8.5,7,0.8,0.8715393255944989,0.6043940990128172,181.02568382143815,0.009749999999999998,0.009916992575339234,0.1227453579609796,0.12461817355567653,40.095802242754,39,30,0,False
8.5,7,0.8,0.8749792915032779,0.6321863719793438,175.82267801815,0.009749999999999998,0.009943566375135684,0.13131888714281106,0.1318795980088613,38.804943951053176,39,30,0,False
8.5,7,0.8,0.8692529579009773,0.618912228842606,177.65429649278738,0.009749999999999998,0.009930963615155108,0.12786967938985802,0.12854485225694368,39.397352314766195,39,30,0,False
8.5,7,0.8,0.8703145808275287,0.6246327766007101,176.44465070582183,0.009749999999999998,0.009936415345683383,0.12958364885733975,0.13005958007305096,39.1362886969281,39,30,0,False
8.5,7,0.8,0.8713107251908055,0.6311677625272166,175.77643833248288,0.009749999999999998,0.009942447168986691,0.13158916108583146,0.13169220835209602,38.8421937345418,39,30,0,False
8.5,7,0.8,0.8673963096164586,0.6322752948127197,176.52003094297345,0.009749999999999998,0.009943237470644215,0.1326142928198967,0.13198767243965862,38.78350842467386,39,30,0,False
8.5,7,0.8,0.8696160162915505,0.6327879846772088,176.16819144183268,0.009749999999999998,0.009943818747743634,0.1324125873997685,0.1320776102679264,38.7656927656468,39,30,0,False
8.5,7,0.8,0.8655628201909784,0.6271450137023797,176.32031520652887,0.009749999999999998,0.009938532050633445,0.13120805621529777,0.13080111253280394,39.01033006670835,39,30,0,False
8.5,7,0.8,0.8684020109537253,0.6364550789773366,176.8819890770647,0.009749999999999998,0.009947095897652162,0.13384042328513795,0.13291346360227105,38.60060878910641,39,30,0,False
8.5,7,0.8,0.8663992101018898,0.629640910290294,176.37210640896978,0.009749999999999998,0.009940849255266174,0.1318999939699928,0.13140433059637874,38.89962451666213,39,30,0,False
8.5,7,0.8,0.8619066560600113,0.6478346975010625,179.62329414570803,0.009749999999999998,0.00995657365856914,0.13879795262331834,0.1355291168308716,38.09440215213234,39,30,0,False
8.5,7,0.8,0.867120745036293,0.6304619776390016,176.3385891934714,0.009749999999999998,0.009941597576330313,0.13205437993437152,0.13158187140881114,38.86417610778969,39,30,0,False
8.5,7,0.8,0.8675955563668947,0.6293811663131669,176.11129570878882,0.009749999999999998,0.00994066233893783,0.13161317532020858,0.13133210588357458,38.914072425979874,39,30,0,False
8.5,7,0.8,0.8673193534995278,0.6320065352451755,176.500446783417,0.009749999999999998,0.009942997381900909,0.13253713725834934,0.13192777001735503,38.795385186292336,39,30,0,False
8.5,7,0.8,0.8703622035220776,0.6312350106220328,175.8280346851871,0.009749999999999998,0.00994246039209695,0.13176963354391158,0.1317183893969388,38.836983071709724,39,30,0,False
8.5,7,0.8,0.8669502911359122,0.6301670729394987,176.3354902751564,0.009749999999999998,0.009941348382492545,0.1319833158596622,0.13151651410256238,38.877214503623,39,30,0,False
8.5,7,0.8,0.8541159687360411,0.6236964203809714,178.81297084856644,0.009749999999999998,0.009934960517829085,0.1319897077618167,0.1300411754491634,39.1394302091141,39,30,0,False
8.5,7,0.8,0.8712718698101047,0.6325338765653344,175.82388956668336,0.009749999999999998,0.009943670534789622,0.13205120152798683,0.13200143919874263,38.78078042334473,39,30,0,False
8.5,7,0.8,0.8645494805909918,0.6318630743878122,177.0084395650595,0.009749999999999998,0.009942737163469072,0.13295608225682076,0.1319270646451493,38.79552510317486,39,30,0,False
8.5,7,0.8,0.8685888276336027,0.6337761618321861,176.49261751100488,0.009749999999999998,0.00994467998703404,0.13291387606737906,0.13231116260266007,38.719509006269256,39,30,0,False
8.5,7,0.8,0.8831127907622776,0.612916684330732,179.37687106939129,0.009749999999999998,0.009925599851230468,0.12368529065625579,0.1267201749155104,39.71743913091442,39,30,0,False
8.5,7,0.8,0.8899256318204054,0.6413736801657723,175.99871760073512,0.009749999999999998,0.009953023096601931,0.13190053321017323,0.13377607018417886,38.43148684919091,39,30,0,False
8.5,7,0.8,0.8706317633639217,0.6405361953888508,176.9984618364131,0.009749999999999998,0.009950830832297274,0.1348318993130773,0.1338031192120696,38.426218859652906,39,30,0,False
8.5,7,0.8,0.8763223685867053,0.6339410657822706,175.8282420051014,0.009749999999999998,0.009945261725017997,0.13167818084547642,0.1322597383723791,38.72966396875682,39,30,0,False
8.5,7,0.8,0.87231924044696,0.6336561346316983,175.77603981157233,0.009749999999999998,0.009944767874614884,0.1322491103619005,0.13224171363322065,38.73322524783236,39,30,0,False
8.5,7,0.8,0.8622421992801195,0.6301424122473424,177.2280465860094,0.009749999999999998,0.009941098983320145,0.1327695341848152,0.13156589345471156,38.86736242563696,39,30,0,False
8.5,7,0.8,0.867262549485779,0.6274675659921197,175.97370595265735,0.009749999999999998,0.009938838308816256,0.13103428106931275,0.13086622116114022,38.999327492424534,39,30,0,False
8.5,7,0.8,0.8707936649346182,0.6308454282698294,175.77204224102286,0.009749999999999998,0.009942127915987795,0.13156798884257448,0.13162551170249395,38.855477294881545,39,30,0,False
8.5,7,0.8,0.8704745111771489,0.6323732966750898,175.95265998319348,0.009749999999999998,0.009943483720850167,0.13213084343083992,0.1319743763397938,38.786143697417934,39,30,0,False
8.5,7,0.8,0.8698157808019138,0.6315377368678267,175.96970379319458,0.009749999999999998,0.009942706132148028,0.13196180940867316,0.13179304003180523,38.82213708131432,39,30,0,False
8.5,7,0.8,0.8689223022098218,0.6302834949980142,175.97186893738345,0.009749999999999998,0.009941490534176338,0.13169467299495,0.13152182803006723,38.87615392533896,39,30,0,False
